t	ForceX		ForceY		ForceZ
0	0		0		0
0.002	-0.002131077	0.002497925	0.044625228
0.004	-0.005338649	0.005046823	0.079179093
0.006	-0.009530052	0.007719305	0.10530967
0.008	-0.01461355	0.010587605	0.124668747
0.01	-0.020496482	0.013724054	0.138911829
0.012	-0.027086925	0.01720126	0.149673062
0.014	-0.034291101	0.021090717	0.158623734
0.016	-0.04201802	0.025466704	0.167407277
0.018	-0.050176687	0.030400716	0.177667125
0.02	-0.058671469	0.035963317	0.191055993
0.022	-0.067410445	0.042232501	0.2092266
0.024	-0.076302622	0.049273263	0.233831663
0.026	-0.085258864	0.057162668	0.266523899
0.028	-0.094186324	0.065939712	0.308612484
0.03	-0.103025577	0.075460478	0.359670311
0.032	-0.111716271	0.085525342	0.418638898
0.034	-0.120202696	0.095931891	0.484534042
0.036	-0.128429144	0.10649814	0.556287977
0.038	-0.136349189	0.116990111	0.632944354
0.04	-0.143888551	0.127240673	0.713407552
0.042	-0.150833678	0.137147693	0.796786218
0.044	-0.156692469	0.146757594	0.882161144
0.046	-0.160972821	0.156135373	0.968696687
0.048	-0.163182635	0.165355308	1.055510777
0.05	-0.162820522	0.174473109	1.141674922
0.052	-0.159385098	0.183563055	1.226446327
0.054	-0.152486396	0.192653001	1.308896501
0.056	-0.142467957	0.201603673	1.388654044
0.058	-0.129961157	0.210201517	1.465626109
0.06	-0.115615941	0.218223696	1.539626997
0.062	-0.100082254	0.225456656	1.61028531
0.064	-0.083993329	0.231668274	1.677601048
0.066	-0.068000038	0.236654281	1.741295664
0.068	-0.052447781	0.240405393	1.801090609
0.07	-0.037151788	0.243255866	1.856985885
0.072	-0.021873437	0.245614238	1.908702941
0.074	-0.006374847	0.247861191	1.956148931
0.076	0.009585761	0.250414547	1.999138154
0.078	0.026248495	0.253645702	2.037577762
0.08	0.043811868	0.257907485	2.071189206
0.082	0.062099465	0.263023481	2.100251035
0.084	0.080725962	0.268566584	2.124948948
0.086	0.099311605	0.274081832	2.145468642
0.088	0.117454357	0.279132833	2.162181515
0.09	0.134780035	0.283264627	2.175273265
0.092	0.150898673	0.286031536	2.185022441
0.094	0.165661711	0.287182867	2.19170759
0.096	0.179486971	0.286876464	2.195607261
0.098	0.192866554	0.285344451	2.197
0.1	0.206283277	0.28280038	2.196257206
0.102	0.220238526	0.279476376	2.193471727
0.104	0.235224402	0.275595275	2.18910781
0.106	0.251677297	0.271370632	2.183351154
0.108	0.269430082	0.266932436	2.176387457
0.11	0.287851382	0.262299256	2.168309568
0.112	0.306319107	0.257517518	2.159303187
0.114	0.324201881	0.252633645	2.149275463
0.116	0.340859044	0.247675492	2.138597794
0.118	0.355724216	0.2426802	2.127084481
0.12	0.36831458	0.237684908	2.115014073
0.122	0.37891797	0.232633907	2.102386569
0.124	0.387915066	0.227499341	2.089480517
0.126	0.395732977	0.222225501	2.076295918
0.128	0.402752384	0.216784532	2.062925619
0.13	0.409316829	0.211120725	2.049555321
0.132	0.415853419	0.20519694	2.036370721
0.134	0.422390009	0.199161736	2.023093272
0.136	0.428694476	0.193293661	2.009258727
0.138	0.434497557	0.187899117	1.994495689
0.14	0.439557844	0.183275222	1.978432761
0.142	0.443624643	0.179709809	1.960512848
0.144	0.446410122	0.177499996	1.940364551
0.146	0.447821431	0.176840766	1.917616474
0.148	0.44795142	0.177435001	1.893197109
0.15	0.447087922	0.17890202	1.867756403
0.152	0.445481629	0.180833285	1.842222847
0.154	0.44333681	0.182848115	1.817524934
0.156	0.440932013	0.184556542	1.79449831
0.158	0.438527217	0.185568599	1.773885766
0.16	0.436131705	0.185754298	1.755873003
0.162	0.433661914	0.185327191	1.739810075
0.164	0.43090429	0.184472978	1.72467564
0.166	0.427738129	0.183405211	1.710005452
0.168	0.423987017	0.182318874	1.694778168
0.17	0.419539536	0.181427521	1.678250993
0.172	0.414247126	0.18087971	1.659866833
0.174	0.408295486	0.180666157	1.640089933
0.176	0.401888885	0.180694011	1.619663088
0.178	0.395222306	0.18086114	1.599329093
0.18	0.388592866	0.181093263	1.579923591
0.182	0.382149125	0.181288247	1.562189375
0.184	0.376160346	0.181371811	1.546869242
0.186	0.370617243	0.181297532	1.534148889
0.188	0.365241269	0.181148973	1.523192672
0.19	0.359698166	0.181000414	1.512979249
0.192	0.353672247	0.18091685	1.502580128
0.194	0.346857108	0.180981844	1.491252515
0.196	0	0	0
0.198	0	0	0
0.2	0	0	0
0.202	0	0	0
0.204	0	0	0
0.206	0	0	0
0.208	0	0	0
0.21	0	0	0
0.212	0	0	0
0.214	0	0	0
0.216	0	0	0
0.218	0	0	0
0.22	0	0	0
0.222	0	0	0
0.224	0	0	0
0.226	0	0	0
0.228	0	0	0
0.23	0	0	0
0.232	0	0	0
0.234	0	0	0
0.236	0	0	0
0.238	0	0	0
0.24	0	0	0
0.242	0	0	0
0.244	0	0	0
0.246	0	0	0
0.248	0	0	0
0.25	0	0	0
0.252	0	0	0
0.254	0	0	0
0.256	0	0	0
0.258	0	0	0
0.26	0	0	0
0.262	0	0	0
0.264	0	0	0
0.266	0	0	0
0.268	0	0	0
0.27	0	0	0
0.272	0	0	0
0.274	0	0	0
0.276	0	0	0
0.278	0	0	0
0.28	0	0	0
0.282	0	0	0
0.284	0	0	0
0.286	0	0	0
0.288	0	0	0
0.29	0	0	0
0.292	0	0	0
0.294	0	0	0
0.296	0	0	0
0.298	0	0	0
0.3	0	0	0
0.302	0	0	0
0.304	0	0	0
0.306	0	0	0
0.308	0	0	0
0.31	0	0	0
0.312	0	0	0
0.314	0	0	0
0.316	0	0	0
0.318	0	0	0
0.32	0	0	0
0.322	0	0	0
0.324	0	0	0
0.326	0	0	0
0.328	0	0	0
0.33	0	0	0
0.332	0	0	0
0.334	0	0	0
0.336	0	0	0
0.338	0	0	0
0.34	0	0	0
0.342	0	0	0
0.344	0	0	0
0.346	0	0	0
0.348	0	0	0
0.35	0	0	0
0.352	0	0	0
0.354	0	0	0
0.356	0	0	0
0.358	0	0	0
0.36	0	0	0
0.362	0	0	0
0.364	0	0	0
0.366	0	0	0
0.368	0	0	0
0.37	0	0	0
0.372	0	0	0
0.374	0	0	0
0.376	0	0	0
0.378	0	0	0
0.38	0	0	0
0.382	0	0	0
0.384	0	0	0
0.386	0	0	0
0.388	0	0	0
0.39	0	0	0
0.392	0	0	0
0.394	0	0	0
0.396	0	0	0
0.398	0	0	0
0.4	0	0	0