---- AnyBody Output File ---------------------------------
Study: Main.MarkerModelStudy
Operation: Main.MarkerModelStudy.KinematicAnalysis
----------------------------------------------------------
Constants (Name = Value): 
Main.MarkerModelStudy.MarkerModel.Markers.LKNE.MarkerPositionFile.FileName = "LKNE.txt"
Main.MarkerModelStudy.MarkerModel.Markers.LKNE.MarkerPositionFile.Search = 
Main.MarkerModelStudy.MarkerModel.Markers.LKNE.MarkerPositionFile.SepSign = "  "
Main.MarkerModelStudy.MarkerModel.Markers.LKNE.MarkerPositionFile.LineSepSign = ""
Main.MarkerModelStudy.MarkerModel.Markers.LKNE.MarkerPositionFile.Header.TitleSectionOnOff = On
Main.MarkerModelStudy.MarkerModel.Markers.LKNE.MarkerPositionFile.Header.ConstSectionOnOff = On
Main.MarkerModelStudy.MarkerModel.Markers.LKNE.MarkerPositionFile.Header.VarSectionOnOff = On
Main.MarkerModelStudy.MarkerModel.Markers.LKNE.MarkerPositionFile.Header.ColumnNamesOnOff = On
Main.MarkerModelStudy.MarkerModel.Markers.LKNE.MarkerPositionFile.Header.LinePrefix = ""
Main.MarkerModelStudy.MarkerModel.Markers.LKNE.MarkerPositionFile.NumberFormat.Digits = 15
----------------------------------------------------------
Variables (Column# Name): 
col0  Main.MarkerModelStudy.t
col1  Main.MarkerModelStudy.MarkerModel.Markers.LKNE.MarkerPositionFile.px
col2  Main.MarkerModelStudy.MarkerModel.Markers.LKNE.MarkerPositionFile.py
col3  Main.MarkerModelStudy.MarkerModel.Markers.LKNE.MarkerPositionFile.pz
----------------------------------------------------------
Main.MarkerModelStudy.t  Main.MarkerModelStudy.MarkerModel.Markers.LKNE.MarkerPositionFile.px  Main.MarkerModelStudy.MarkerModel.Markers.LKNE.MarkerPositionFile.py  Main.MarkerModelStudy.MarkerModel.Markers.LKNE.MarkerPositionFile.pz
 2.841700000000000e+000  -1.702376028940871e+000  -1.381630796057362e-001   4.679541508319142e-001
 2.854385350318471e+000  -1.691613485324883e+000  -1.383810177395840e-001   4.682175706249228e-001
 2.867070700636943e+000  -1.679708496090064e+000  -1.386428109807537e-001   4.684846508073299e-001
 2.879756050955414e+000  -1.666523784096947e+000  -1.389638789174968e-001   4.687188561723796e-001
 2.892441401273886e+000  -1.651929784559870e+000  -1.393535734982914e-001   4.688898215597446e-001
 2.905126751592357e+000  -1.635807393647982e+000  -1.398131735745277e-001   4.689740615989894e-001
 2.917812101910828e+000  -1.618051699211193e+000  -1.403374541382966e-001   4.689547248920237e-001
 2.930497452229300e+000  -1.598582705200671e+000  -1.409207665317480e-001   4.688222242795858e-001
 2.943182802547771e+000  -1.577358474531910e+000  -1.415628257941173e-001   4.685738438341455e-001
 2.955868152866243e+000  -1.554382364905324e+000  -1.422698556788750e-001   4.682112699969048e-001
 2.968553503184714e+000  -1.529713138786228e+000  -1.430487677340933e-001   4.677455714054757e-001
 2.981238853503185e+000  -1.503478740594375e+000  -1.438980419032220e-001   4.672137430670400e-001
 2.993924203821657e+000  -1.475876969527402e+000  -1.448074747144532e-001   4.666920021076043e-001
 3.006609554140128e+000  -1.447160439834251e+000  -1.457667124993650e-001   4.662921331239431e-001
 3.019294904458600e+000  -1.417611558327060e+000  -1.467654109725219e-001   4.661460903048856e-001
 3.031980254777071e+000  -1.387510958047324e+000  -1.477813332928660e-001   4.663891827303208e-001
 3.044665605095542e+000  -1.357111467595482e+000  -1.487773015904930e-001   4.671366554679310e-001
 3.057350955414014e+000  -1.326625915094896e+000  -1.497150565376465e-001   4.684529299920390e-001
 3.070036305732485e+000  -1.296227543300129e+000  -1.505717102267936e-001   4.703313070406826e-001
 3.082721656050957e+000  -1.266051109501827e+000  -1.513394887559199e-001   4.726999497374408e-001
 3.095407006369428e+000  -1.236192054561508e+000  -1.520140967271022e-001   4.754478370654837e-001
 3.108092356687899e+000  -1.206715560668484e+000  -1.525923409155920e-001   4.784531830082908e-001
 3.120777707006371e+000  -1.177678769586351e+000  -1.530799776819693e-001   4.816033009411772e-001
 3.133463057324842e+000  -1.149151576514229e+000  -1.534987916550988e-001   4.847971783603672e-001
 3.146148407643314e+000  -1.121224115106634e+000  -1.538857400902210e-001   4.879369036333319e-001
 3.158833757961785e+000  -1.093998851683285e+000  -1.542833868145478e-001   4.909235906224727e-001
 3.171519108280256e+000  -1.067576907491761e+000  -1.547292369092160e-001   4.936603160772595e-001
 3.184204458598728e+000  -1.042052637059528e+000  -1.552519102693733e-001   4.960569742447410e-001
 3.196889808917199e+000  -1.017512427440957e+000  -1.558699486399172e-001   4.980345602816114e-001
 3.209575159235671e+000  -9.940282220614229e-001  -1.565909103415331e-001   4.995236786280344e-001
 3.222260509554142e+000  -9.716483079241916e-001  -1.574134141112119e-001   5.004578177767495e-001
 3.234945859872613e+000  -9.503896825578040e-001  -1.583309433334403e-001   5.007705305807142e-001
 3.247631210191085e+000  -9.302351416806995e-001  -1.593340215222293e-001   5.004008342442602e-001
 3.260316560509556e+000  -9.111362072149080e-001  -1.604082367825109e-001   4.993057142328288e-001
 3.273001910828028e+000  -8.930164054204435e-001  -1.615315363777266e-001   4.974735909545698e-001
 3.285687261146499e+000  -8.757707616101288e-001  -1.626745950388078e-001   4.949320265196145e-001
 3.298372611464970e+000  -8.592654703101060e-001  -1.638027174481897e-001   4.917499935196528e-001
 3.311057961783442e+000  -8.433400073957938e-001  -1.648763945470526e-001   4.880369781989930e-001
 3.323743312101913e+000  -8.278096332076780e-001  -1.658511029178948e-001   4.839396439993117e-001
 3.336428662420385e+000  -8.124692370976413e-001  -1.666787145519501e-001   4.796346114461063e-001
 3.349114012738856e+000  -7.971010960218730e-001  -1.673105466877922e-001   4.753158965020580e-001
 3.361799363057327e+000  -7.814868698723796e-001  -1.677033117430996e-001   4.711789942371230e-001
 3.374484713375799e+000  -7.654238414218461e-001  -1.678263161626543e-001   4.674077736636908e-001
 3.387170063694270e+000  -7.487469942878434e-001  -1.676653960188378e-001   4.641634041002016e-001
 3.399855414012742e+000  -7.313540619078497e-001  -1.672231928930754e-001   4.615710229080878e-001
 3.412540764331213e+000  -7.132231483899215e-001  -1.665159417347663e-001   4.597088345938702e-001
 3.425226114649684e+000  -6.944219785904066e-001  -1.655673131667500e-001   4.586042112310860e-001
 3.437911464968156e+000  -6.751058639423350e-001  -1.644018434136120e-001   4.582381171215399e-001
 3.450596815286627e+000  -6.555018746781578e-001  -1.630424314239466e-001   4.585538332701483e-001
 3.463282165605099e+000  -6.358726879204267e-001  -1.615116933011217e-001   4.594676799732711e-001
 3.475967515923570e+000  -6.164735139620401e-001  -1.598352254979044e-001   4.608709474612494e-001
 3.488652866242041e+000  -5.975292880941211e-001  -1.580459830458055e-001   4.626223028971392e-001
 3.501338216560513e+000  -5.792522512561740e-001  -1.561864107442580e-001   4.645473875711924e-001
 3.514023566878984e+000  -5.618773065124484e-001  -1.543032963988343e-001   4.664599366129389e-001
 3.526708917197456e+000  -5.456586098282112e-001  -1.524397613591753e-001   4.681948287579645e-001
 3.539394267515927e+000  -5.308134103985733e-001  -1.506302854256847e-001   4.696351930815610e-001
 3.552079617834398e+000  -5.174685239551065e-001  -1.488978451703047e-001   4.707220457038467e-001
 3.564764968152870e+000  -5.056536363319508e-001  -1.472504844745094e-001   4.714485073632249e-001
 3.577450318471341e+000  -4.953227683937403e-001  -1.456805699068158e-001   4.718495479335627e-001
 3.590135668789813e+000  -4.863700929037277e-001  -1.441728493159147e-001   4.719906631666406e-001
 3.602821019108284e+000  -4.786409928138825e-001  -1.427189185815578e-001   4.719519013829266e-001
 3.615506369426755e+000  -4.719545482560324e-001  -1.413295754549888e-001   4.718091106993680e-001
 3.628191719745227e+000  -4.661328882764635e-001  -1.400366133301324e-001   4.716221634286222e-001
 3.640877070063698e+000  -4.610189886842130e-001  -1.388847247998629e-001   4.714336808891611e-001
 3.653562420382170e+000  -4.564721223799315e-001  -1.379204992798602e-001   4.712737729384501e-001
 3.666247770700641e+000  -4.523527546487278e-001  -1.371825789823505e-001   4.711621868979852e-001
 3.678933121019112e+000  -4.485178358005094e-001  -1.366953472527698e-001   4.711033586066508e-001
 3.691618471337584e+000  -4.448288498118147e-001  -1.364641549818842e-001   4.710853719555846e-001
 3.704303821656055e+000  -4.411639101107513e-001  -1.364728459573453e-001   4.710876445846506e-001
 3.716989171974527e+000  -4.374280337731785e-001  -1.366867795468927e-001   4.710870000848775e-001
 3.729674522292998e+000  -4.335542492898264e-001  -1.370592988559606e-001   4.710616330921070e-001
 3.742359872611469e+000  -4.294978719391830e-001  -1.375366009213889e-001   4.709942495473004e-001
 3.755045222929941e+000  -4.252314879584417e-001  -1.380610949892473e-001   4.708724650992889e-001
 3.767730573248412e+000  -4.207437918618915e-001  -1.385755467949751e-001   4.706886084785176e-001
 3.780415923566884e+000  -4.160404729882122e-001  -1.390286781488700e-001   4.704403421819225e-001
 3.793101273885355e+000  -4.111439645855707e-001  -1.393815398999996e-001   4.701323681363567e-001
 3.805786624203826e+000  -4.060869954773696e-001  -1.396125119679596e-001   4.697786504253464e-001
 3.818471974522298e+000  -4.009031024737893e-001  -1.397195637863910e-001   4.694012414102841e-001
 3.831157324840769e+000  -3.956192571009476e-001  -1.397186051966421e-001   4.690255322473024e-001
 3.843842675159241e+000  -3.902505898038012e-001  -1.396365606315722e-001   4.686767621789330e-001
 3.856528025477712e+000  -3.847950921011087e-001  -1.395000311093314e-001   4.683813135094020e-001
 3.869213375796183e+000  -3.792299708516239e-001  -1.393274607175657e-001   4.681679617524847e-001
 3.881898726114655e+000  -3.735099727801946e-001  -1.391286553325269e-001   4.680630496899040e-001
 3.894584076433126e+000  -3.675656789821953e-001  -1.389072293711059e-001   4.680837818830629e-001
 3.907269426751598e+000  -3.613017229976415e-001  -1.386643508303089e-001   4.682336913250220e-001
 3.919954777070069e+000  -3.545986348151796e-001  -1.384038170669688e-001   4.685015495581222e-001
 3.932640127388540e+000  -3.473229219017921e-001  -1.381349345700112e-001   4.688646979076780e-001
 3.945325477707012e+000  -3.393456944906740e-001  -1.378695751044987e-001   4.692955968728333e-001
 3.958010828025483e+000  -3.305587086109201e-001  -1.376175490310199e-001   4.697693102381700e-001
 3.970696178343955e+000  -3.208777421230601e-001  -1.373859078900875e-001   4.702684148073333e-001
 3.983381528662426e+000  -3.102348524688445e-001  -1.371812452554408e-001   4.707825825957175e-001
 3.996066878980897e+000  -2.985664479626060e-001  -1.370128834798364e-001   4.713032610930157e-001
 4.008752229299368e+000  -2.858034290688573e-001  -1.368941830171420e-001   4.718171383656015e-001
 4.021437579617840e+000  -2.718626823996690e-001  -1.368396755171893e-001   4.723038592908711e-001
 4.034122929936311e+000  -2.566416107383496e-001  -1.368599129471160e-001   4.727376494860994e-001
 4.046808280254783e+000  -2.400207029877104e-001  -1.369562137207198e-001   4.730890127182847e-001
 4.059493630573254e+000  -2.218753382619748e-001  -1.371185290919883e-001   4.733253821367282e-001
 4.072178980891725e+000  -2.020937133355531e-001  -1.373290899180575e-001   4.734107764358539e-001
 4.084864331210197e+000  -1.805958335601672e-001  -1.375688272738451e-001   4.733078198465413e-001
 4.097549681528668e+000  -1.573531719597160e-001  -1.378221992566370e-001   4.729884759933514e-001
 4.110235031847140e+000  -1.324058006410702e-001  -1.380793619959068e-001   4.724516296973163e-001
 4.122920382165611e+000  -1.058698980638325e-001  -1.383371703601332e-001   4.717409581055550e-001
 4.135605732484082e+000  -7.793278300152433e-002  -1.385998929349192e-001   4.709557245586029e-001
 4.148291082802554e+000  -4.883800926955367e-002  -1.388801882745630e-001   4.702455710042026e-001
 4.160976433121025e+000  -1.886709556988996e-002  -1.391974838366404e-001   4.697883328906613e-001
 4.173661783439497e+000   1.167939768218108e-002  -1.395719647293460e-001   4.697576373946525e-001
 4.186347133757968e+000   4.250195506235749e-002  -1.400185611808719e-001   4.702908872866266e-001
 4.199032484076439e+000   7.332576162525900e-002  -1.405457644262376e-001   4.714655945926116e-001
 4.211717834394911e+000   1.039208575258765e-001  -1.411579708124798e-001   4.732908030570885e-001
 4.224403184713382e+000   1.341090631605914e-001  -1.418572307531897e-001   4.757121123723179e-001
 4.237088535031854e+000   1.637589938479345e-001  -1.426446819403958e-001   4.786236033713779e-001
 4.249773885350325e+000   1.927744728322589e-001  -1.435197076428182e-001   4.818869913600112e-001
 4.262459235668796e+000   2.210824688419381e-001  -1.444771472709049e-001   4.853571655200332e-001
 4.275144585987268e+000   2.486261530155953e-001  -1.455059313088961e-001   4.889003733583440e-001
 4.287829936305739e+000   2.753586655811208e-001  -1.465909798748254e-001   4.923982718897232e-001
 4.300515286624211e+000   3.012372936408442e-001  -1.477171907503286e-001   4.957424235959402e-001
 4.313200636942682e+000   3.262188909236490e-001  -1.488720013618707e-001   4.988279075690439e-001
 4.325885987261153e+000   3.502589946035876e-001  -1.500446369180493e-001   5.015518316378683e-001
 4.338571337579625e+000   3.733145479989552e-001  -1.512239282971158e-001   5.038173366134698e-001
 4.351256687898096e+000   3.953481472669542e-001  -1.523978016113517e-001   5.055375403648459e-001
 4.363942038216568e+000   4.163325466984035e-001  -1.535557778486489e-001   5.066332971698163e-001
 4.376627388535039e+000   4.362547103234380e-001  -1.546929770635152e-001   5.070296056199725e-001
 4.389312738853510e+000   4.551208082237376e-001  -1.558122622709242e-001   5.066572460718390e-001
 4.401998089171982e+000   4.729643565228794e-001  -1.569209265500951e-001   5.054641591452762e-001
 4.414683439490453e+000   4.898541801919787e-001  -1.580225007786230e-001   5.034350028298545e-001
 4.427368789808925e+000   5.058962971771186e-001  -1.591104702343974e-001   5.006071177695817e-001
 4.440054140127396e+000   5.212277847643813e-001  -1.601671471952394e-001   4.970755068800536e-001
 4.452739490445867e+000   5.360088399185817e-001  -1.611646186968411e-001   4.929884460847355e-001
 4.465424840764339e+000   5.504195150878795e-001  -1.620655019818052e-001   4.885366089149674e-001
 4.478110191082810e+000   5.646572047468625e-001  -1.628263437781017e-001   4.839364227050993e-001
 4.490795541401282e+000   5.789299382456785e-001  -1.634064425670824e-001   4.794108272908089e-001
 4.503480891719753e+000   5.934441376819066e-001  -1.637777430720782e-001   4.751706963266051e-001
 4.516166242038224e+000   6.083875682136117e-001  -1.639277247374407e-001   4.713987378215732e-001
 4.528851592356696e+000   6.239097013434570e-001  -1.638538197635168e-001   4.682371705892903e-001
 4.541536942675167e+000   6.401004105933453e-001  -1.635569693902329e-001   4.657781858996720e-001
 4.554222292993639e+000   6.569668451462003e-001  -1.630404281438466e-001   4.640592141654853e-001
 4.566907643312110e+000   6.744085826634187e-001  -1.623121808028176e-001   4.630621921499714e-001
 4.579592993630581e+000   6.922165863519857e-001  -1.613851987834841e-001   4.627222229883401e-001
 4.592278343949053e+000   7.101129353974156e-001  -1.602749332528559e-001   4.629463257305149e-001
 4.604963694267524e+000   7.278183947545180e-001  -1.589977761431564e-001   4.636342193363631e-001
 4.617649044585996e+000   7.451114649616897e-001  -1.575714282929589e-001   4.646880048012664e-001
 4.630334394904467e+000   7.618524497410107e-001  -1.560172351097543e-001   4.660084722167176e-001
 4.643019745222938e+000   7.779659864829235e-001  -1.543636025262185e-001   4.674894046272529e-001
 4.655705095541410e+000   7.933947534494805e-001  -1.526447670122032e-001   4.690254282610199e-001
 4.668390445859881e+000   8.080715976840951e-001  -1.508955313981038e-001   4.705349812785598e-001
 4.681075796178353e+000   8.219553695811239e-001  -1.491485192401343e-001   4.719855304643097e-001
 4.693761146496824e+000   8.350977679542423e-001  -1.474362935277941e-001   4.734030252029328e-001
 4.706446496815295e+000   8.476597077280027e-001  -1.457941714354736e-001   4.748612705427938e-001
 4.719131847133767e+000   8.598648227747447e-001  -1.442617117896952e-001   4.764648315325575e-001
 4.731817197452238e+000   8.719404947998759e-001  -1.428811926876072e-001   4.783270675148593e-001
 4.744502547770710e+000   8.840662222731665e-001  -1.416952258264209e-001   4.805353971469491e-001
 4.757187898089181e+000   8.962986842229544e-001  -1.407410783738421e-001   4.831038543772621e-001
 4.769873248407652e+000   9.084594239120700e-001  -1.400258320414275e-001   4.859226227140411e-001
 4.782558598726124e+000   9.199970950422572e-001  -1.394936413619310e-001   4.886963011615836e-001
 4.795243949044595e+000   9.298527524246318e-001  -1.390033509461329e-001   4.908711277199098e-001
 4.807929299363067e+000   9.363278613712811e-001  -1.383111107456510e-001   4.915596244568786e-001
 4.820614649681538e+000   9.369802481936208e-001  -1.370581649240835e-001   4.894883391818959e-001
 4.833300000000009e+000   9.285711291431444e-001  -1.347673109676831e-001   4.829800419537088e-001
