2.8417000000000 -1.6004939650939 -0.3082536431560 1.0027861274952 0.0545470401268 -0.0988040375507 1.6391702823384 -0.4076736219852 -0.5907250083284 -0.0951068889724 -0.1609145852792 0.3774457059691 -0.2634757604934 0.1310898705292 0.5598047453394 -0.1338327482835 -0.1054730587347 0.0671364795367 -0.0124735303152 
2.8527227848101 -1.5862846387698 -0.3094562368335 1.0012619860676 0.0573884541782 -0.0987259000153 1.6386628941400 -0.4216185093047 -0.5981355585939 -0.0897592421287 -0.1688984621890 0.3714928817471 -0.2589681617228 0.1300475985232 0.5558730309001 -0.1313389048489 -0.0943252966194 0.0570362547905 -0.0177531473488 
2.8637455696203 -1.5719597268851 -0.3106324507728 1.0000706514485 0.0592491755556 -0.0979978568814 1.6366431600093 -0.4345442882610 -0.6052644446224 -0.0827265673186 -0.1795331231970 0.3629568353481 -0.2533667412089 0.1308344282123 0.5550511592718 -0.1266376790900 -0.0907628608607 0.0438454406527 -0.0193327152249 
2.8747683544304 -1.5575348260257 -0.3117703776551 0.9992317055597 0.0600597275118 -0.0965842125068 1.6331951604589 -0.4460624802494 -0.6120048653078 -0.0742740064436 -0.1931897551883 0.3516576516393 -0.2468480723992 0.1336634399538 0.5571563925307 -0.1198982919099 -0.0946074433099 0.0280441487297 -0.0178354158921 
2.8857911392405 -1.5430229757169 -0.3128649747907 0.9987508417027 0.0597826032987 -0.0945387126834 1.6284600420345 -0.4558407370127 -0.6182006245582 -0.0647106722077 -0.2102450207104 0.3374835992162 -0.2398332051449 0.1386016810500 0.5618723035227 -0.1113037198190 -0.1054355744911 0.0107024735002 -0.0141019067100 
2.8968139240506 -1.5284349515714 -0.3139183292565 0.9986200180669 0.0584410950442 -0.0920121679904 1.6226178703757 -0.4636231959785 -0.6236365825628 -0.0543467432912 -0.2310885320567 0.3204047991588 -0.2330015104218 0.1454819601168 0.5688498205666 -0.1010607831216 -0.1225278861414 -0.0066098878399 -0.0090310191344 
2.9078367088608 -1.5137805178856 -0.3149389309245 0.9988199070994 0.0561507382644 -0.0892538892510 1.6158514740414 -0.4692633555185 -0.6280390779292 -0.0434250550299 -0.2561228053756 0.3004713145633 -0.2272678525324 0.1538670558397 0.5777254226252 -0.0893750605703 -0.1448442971219 -0.0220479397368 -0.0034725007115 
2.9188594936709 -1.4990705056200 -0.3159403278634 0.9993235497096 0.0531404135115 -0.0865951332306 1.6083090381577 -0.4727505999463 -0.6311125176210 -0.0320540583276 -0.2857390701136 0.2777843953776 -0.2236654571832 0.1630859596354 0.5880644942174 -0.0764116026761 -0.1710590891893 -0.0338129403306 0.0018145728788 
2.9298822784810 -1.4843215975805 -0.3169410643705 1.0001248749566 0.0497239524381 -0.0844597161412 1.6000953537835 -0.4740024008575 -0.6325160388418 -0.0202106628032 -0.3206634135426 0.2524229376523 -0.2232760841298 0.1722176316218 0.5993182460763 -0.0622880853294 -0.1997144782328 -0.0400466775058 0.0060568883330 
2.9409050632911 -1.4695663719987 -0.3179669588394 1.0011997074209 0.0463294665351 -0.0832063709022 1.5914503276476 -0.4728611552871 -0.6321616055471 -0.0079486373161 -0.3613863153419 0.2246123134144 -0.2266130767936 0.1802034725920 0.6104748978772 -0.0473181525630 -0.2290001856418 -0.0395884441225 0.0082924561680 
2.9519278481013 -1.4548365139945 -0.3190335228202 1.0024631477237 0.0433276671365 -0.0827712266751 1.5826692363600 -0.4694374433875 -0.6306317265444 0.0046084962821 -0.4070506136095 0.1946250708340 -0.2327149576335 0.1865644107543 0.6204815406272 -0.0319447548262 -0.2573486852410 -0.0333864861543 0.0081526623613 
2.9629506329114 -1.4401670648312 -0.3201506264618 1.0038780248985 0.0409415819210 -0.0830138220453 1.5740262226169 -0.4634929542561 -0.6285892568312 0.0172547799430 -0.4571290134535 0.1627991620879 -0.2401190516597 0.1908473214405 0.6286459332838 -0.0166519956496 -0.2836182860350 -0.0222478028859 0.0056275467387 
2.9739734177215 -1.4255921088739 -0.3213218869139 1.0054093900326 0.0392999272744 -0.0837207969253 1.5658056366846 -0.4548062462903 -0.6267595672426 0.0296796258626 -0.5108081268147 0.1297857885095 -0.2470411207870 0.1927197717846 0.6344831606298 -0.0019749064194 -0.3069697896146 -0.0071254795875 0.0008131495156 
2.9849962025316 -1.4111414638121 -0.3225458703709 1.0070245104703 0.0384328387106 -0.0846743506999 1.5582919942058 -0.4432107425344 -0.6257188692580 0.0414761040715 -0.5670811197555 0.0966441774528 -0.2518762148590 0.1919588264376 0.6377406351170 0.0115535593214 -0.3269117478722 0.0110674937000 -0.0062002972399 
2.9960189873418 -1.3968387950682 -0.3238176954045 1.0086936500315 0.0382793490974 -0.0856999693090 1.5517573146688 -0.4286102952637 -0.6257666850072 0.0521746690836 -0.6248444090606 0.0648028920803 -0.2535345883791 0.1884494102594 0.6384013971431 0.0234569079638 -0.3432920028509 0.0315349204885 -0.0153459662500 
3.0070417721519 -1.3827014321626 -0.3251298388172 1.0103916613105 0.0387022946417 -0.0866844983830 1.5464466064517 -0.4109755355095 -0.6269086812315 0.0612889985551 -0.6829752798395 0.0359088412816 -0.2515372824168 0.1821962116710 0.6366743126383 0.0333587101617 -0.3562535705529 0.0535902270323 -0.0265189302058 
3.0180645569620 -1.3687677705893 -0.3264796755320 1.0121191340441 0.0394983695846 -0.0876128537148 1.5428190265963 -0.3898439620552 -0.6286902540492 0.0680012492377 -0.7404247449272 0.0127307454742 -0.2458775956512 0.1729719906851 0.6327613726965 0.0406486746842 -0.3659090921325 0.0767810865082 -0.0398164875528 
3.0290873417722 -1.3550252565544 -0.3278408603827 1.0138479184173 0.0403977894047 -0.0884070289711 1.5407881519256 -0.3657602941725 -0.6307082106482 0.0722572536036 -0.7957785674785 -0.0035031109451 -0.2373233962116 0.1614356781747 0.6275526575194 0.0455494169955 -0.3730270551661 0.1001656595151 -0.0544093080108 
3.0401101265823 -1.3414604967194 -0.3291955352907 1.0155665089986 0.0412092213515 -0.0890235461940 1.5402348810357 -0.3390735952201 -0.6324806259956 0.0741351888890 -0.8481765943504 -0.0122512709946 -0.2269330088378 0.1480974709342 0.6216387498224 0.0483150289886 -0.3781339864273 0.1231637881888 -0.0697224030877 
3.0511329113924 -1.3280642361609 -0.3305323685331 1.0172725937755 0.0418065721539 -0.0894498039117 1.5410409210308 -0.3100269028592 -0.6335220476752 0.0737738751054 -0.8969248234591 -0.0133596421560 -0.2158176962745 0.1333002133747 0.6154545098733 0.0491798861054 -0.3815072150858 0.1453113603173 -0.0852171477034 
3.0621556962025 -1.3148229156369 -0.3318433151153 1.0189635200262 0.0421313892010 -0.0897044472956 1.5429983388524 -0.2789942569944 -0.6334655699775 0.0714851616186 -0.9413836830553 -0.0072516905264 -0.2050384821514 0.1173232559413 0.6094550587633 0.0484883378639 -0.3832540519349 0.1661305002031 -0.1001357676574 
3.0731784810127 -1.3017192776678 -0.3331237203761 1.0206348140930 0.0421865428998 -0.0898466675809 1.5458272138721 -0.2464858462570 -0.6320845396322 0.0677146751381 -0.9809651793160 0.0052501422205 -0.1955289127799 0.1003590605373 0.6041263607895 0.0466709890415 -0.3833288572952 0.1851497056695 -0.1135320729914 
3.0842012658228 -1.2887331344603 -0.3343718886897 1.0222789820707 0.0420190774754 -0.0899739244477 1.5492045374581 -0.2131164639186 -0.6292888326850 0.0629844082619 -1.0151468034587 0.0230925879635 -0.1880399007166 0.0825107955009 0.5999557876929 0.0442040908922 -0.3815818455305 0.2019456019075 -0.1243866035397 
3.0952240506329 -1.2758440881689 -0.3355878921676 1.0238857324931 0.0416886784156 -0.0902163463779 1.5528074899312 -0.1795477183947 -0.6250643855858 0.0578172274425 -1.0433938408011 0.0452001941394 -0.1831736690857 0.0637913359434 0.5973861748834 0.0415494058161 -0.3778074875251 0.2161698252289 -0.1317548569793 
3.1062468354430 -1.2630369564728 -0.3367737765502 1.0254434155119 0.0412078354562 -0.0907806866169 1.5563421322437 -0.1465327923889 -0.6192881454339 0.0526998057636 -1.0646459849821 0.0706071315210 -0.1815764357843 0.0440614339712 0.5969048677593 0.0391313909298 -0.3716977501177 0.2274566414116 -0.1346912700477 
3.1172696202532 -1.2502758791785 -0.3379306177611 1.0269164151172 0.0405785750430 -0.0916389507021 1.5595832275876 -0.1145110594997 -0.6123118289247 0.0479656402203 -1.0794959247137 0.0972898187715 -0.1822300402262 0.0235984879978 0.5983604731484 0.0372169095323 -0.3636049230108 0.2362015281482 -0.1336203263298 
3.1282924050633 -1.2375490879869 -0.3390535105935 1.0282819814285 0.0397082924572 -0.0928091628851 1.5624900385925 -0.0837576614637 -0.6041774541938 0.0436733838851 -1.0878312947452 0.1241152623242 -0.1844271717984 0.0024750207769 0.6016937862361 0.0358251248647 -0.3537518678379 0.2426486279954 -0.1288976377329 
3.1393151898734 -1.2248526352052 -0.3401308036292 1.0295168973049 0.0384933792365 -0.0942645413447 1.5650788366112 -0.0544383757568 -0.5949416986834 0.0397849541475 -1.0896103258853 0.1500670761839 -0.1872925073024 -0.0191971457642 0.6067270575631 0.0348713939067 -0.3424513547264 0.2471298962408 -0.1211076837371 
3.1503379746835 -1.2121896096812 -0.3411454956660 1.0305983258528 0.0368497633607 -0.0959247522740 1.5673857660890 -0.0266215281862 -0.5846971412847 0.0362272188047 -1.0848846898194 0.1743117052893 -0.1899310204104 -0.0412432238088 0.6131619457489 0.0342224184635 -0.3300805623371 0.2500523236394 -0.1110145051994 
3.1613607594937 -1.1995679925509 -0.3420773489758 1.0315045916374 0.0347263812909 -0.0976602608682 1.5694414978453 -0.0002979069713 -0.5735760941392 0.0329355631043 -1.0738053311411 0.1962312116839 -0.1915443561774 -0.0634205193652 0.6206091331343 0.0337432849689 -0.3170539736393 0.2518798670894 -0.0994921093337 
3.1723835443038 -1.1869972143090 -0.3429054929326 1.0322161024882 0.0321023263094 -0.0993110454496 1.5712611504617 0.0245885855159 -0.5617344974826 0.0298764086217 -1.0566090581126 0.2154207870027 -0.1915070785853 -0.0854393833713 0.6286468361980 0.0333269224924 -0.3037915822626 0.2531027573322 -0.0874295030224 
3.1834063291139 -1.1744929274305 -0.3436044837297 1.0327099026381 0.0289418516000 -0.1006851863721 1.5728578890659 0.0481296299715 -0.5491944649660 0.0270719355051 -1.0333922131009 0.2316311285206 -0.1892297288537 -0.1069300671307 0.6368249252159 0.0328838891333 -0.2907900743502 0.2543012596195 -0.0757955865776 
3.1944291139241 -1.1620485547801 -0.3441598649627 1.0329741462002 0.0252700209538 -0.1016644132736 1.5742536879474 0.0703473500053 -0.5360227388485 0.0245531437831 -1.0046031531965 0.2449585870797 -0.1845382679096 -0.1276729861551 0.6447670552830 0.0323462592509 -0.2784291006029 0.2559216030275 -0.0652585564927 
3.2054518987342 -1.1496345695437 -0.3445739847503 1.0330133376940 0.0211972485471 -0.1022971700025 1.5754270358083 0.0910529290547 -0.5224339833323 0.0223485838147 -0.9707525714345 0.2556068787920 -0.1777187098705 -0.1477366926709 0.6522775749268 0.0317367867159 -0.2667726596361 0.2580508355878 -0.0559339607209 
3.2164746835443 -1.1372295788618 -0.3448464463279 1.0328286849290 0.0168397324048 -0.1026437760409 1.5763126837246 0.1100384004246 -0.5085302331104 0.0205518904708 -0.9320777807422 0.2637535295136 -0.1690540616887 -0.1671438972700 0.6591494363441 0.0311484564778 -0.2558905825201 0.2607478441628 -0.0479522886944 
3.2274974683544 -1.1248125564908 -0.3449789839688 1.0324233614043 0.0123119273867 -0.1027774385578 1.5768262436719 0.1271050311885 -0.4943900528484 0.0192629536564 -0.8888133744115 0.2695969342661 -0.1590064090269 -0.1859159878654 0.6652432137319 0.0307126419506 -0.2458116155554 0.2640033827450 -0.0413722023196 
3.2385202531646 -1.1123649681391 -0.3449741267587 1.0318018111277 0.0076953351236 -0.1027617599568 1.5768817760589 0.1420956957637 -0.4800354486769 0.0185726828428 -0.8411959888995 0.2733410919896 -0.1482262749310 -0.2040510444646 0.6705119871778 0.0305675888856 -0.2365522968226 0.2677749342914 -0.0362113548294 
3.2495430379747 -1.0998718674589 -0.3448340505643 1.0309692993094 0.0030177716320 -0.1026383967472 1.5764018813942 0.1549092753267 -0.4654058547268 0.0185588918019 -0.7894724357839 0.2751834321578 -0.1375453938115 -0.2215167037723 0.6750145909062 0.0308342943825 -0.2281353520148 0.2720098650124 -0.0324574312629 
3.2605658227848 -1.0873219140064 -0.3445596833502 1.0299315229646 -0.0017532146073 -0.1024276615545 1.5753193875426 0.1654991167860 -0.4503454799721 0.0192893192302 -0.7339151696980 0.2753065263505 -0.1279480180329 -0.2382585013129 0.6789120323073 0.0316035398610 -0.2205957605200 0.2766538996421 -0.0300632829335 
3.2715886075949 -1.0747124674316 -0.3441478034473 1.0286990288404 -0.0066855047963 -0.1020894474906 1.5735825533032 0.1739876735918 -0.4341282313494 0.0209852740544 -0.6753026343166 0.2747379392224 -0.1216367947176 -0.2540691360774 0.6823481502756 0.0329279486565 -0.2141848441948 0.2817297126201 -0.0291351015655 
3.2826113924051 -1.0620263522297 -0.3436016170839 1.0272816966264 -0.0119218963585 -0.1017238921412 1.5711623411099 0.1803101105134 -0.4167788237803 0.0235235976255 -0.6139736232583 0.2731775430475 -0.1194791753036 -0.2691309901340 0.6857272692065 0.0347836663673 -0.2087448309682 0.2870432279963 -0.0294107261090 
3.2936341772152 -1.0492481103031 -0.3429172853628 1.0256838327451 -0.0175482061076 -0.1014079948093 1.5680150923843 0.1845119922848 -0.3982198951546 0.0268436595853 -0.5504800072924 0.2705847621324 -0.1223024208891 -0.2835475553506 0.6892749905572 0.0371635651105 -0.2042316511465 0.2924830784789 -0.0308331303298 
3.3046569620253 -1.0363619824191 -0.3420888926969 1.0239097178882 -0.0236123404547 -0.1012088247372 1.5641092918185 0.1867509008939 -0.3784604312417 0.0308708520222 -0.4856460008252 0.2670100016314 -0.1307442776560 -0.2974096280821 0.6931421130612 0.0400424888569 -0.2006367707876 0.2979486128674 -0.0333901853612 
3.3156797468354 -1.0233528575083 -0.3411118627344 1.0219662933410 -0.0301216052745 -0.1011799442895 1.5594473159949 0.1872902508066 -0.3577495910002 0.0354889903663 -0.4205417025857 0.2624839399177 -0.1449711196309 -0.3108131536438 0.6974240523203 0.0433554468943 -0.1979635854158 0.3033304252892 -0.0370561566324 
3.3267025316456 -1.0102083361802 -0.3399871925402 1.0198673685320 -0.0370415322808 -0.1013522658013 1.5540967303213 0.1864770307215 -0.3366534153264 0.0405432074522 -0.3564628503590 0.2570402331481 -0.1645317305205 -0.3238641799405 0.7021606005118 0.0469655811640 -0.1962343493634 0.3085046606615 -0.0417690633818 
3.3377253164557 -0.9969197941361 -0.3387261726722 1.0176377985908 -0.0443048750370 -0.1017349440883 1.5482220451251 0.1846718448197 -0.3160919922296 0.0458480530148 -0.2948447843472 0.2507277161165 -0.1882439765250 -0.3367011224925 0.7073417491284 0.0506300962081 -0.1954904218393 0.3133248396327 -0.0474110387263 
3.3487481012658 -0.9834791497424 -0.3373550808864 1.0153235240087 -0.0518329136046 -0.1023378304791 1.5421542347636 0.1821751959014 -0.2972763876188 0.0511687132495 -0.2374588861240 0.2438110170620 -0.2144338662547 -0.3495575832697 0.7129094164016 0.0539074597758 -0.1958476015772 0.3176038728212 -0.0538245683995 
3.3597708860759 -0.9698663437115 -0.3359188209520 1.0129969264384 -0.0595239989943 -0.1032031562411 1.5364349499807 0.1791386796434 -0.2818146916149 0.0561870744963 -0.1866719714662 0.2366479472363 -0.2407062094113 -0.3628237453788 0.7187303518148 0.0561084993381 -0.1975475632513 0.3210943741122 -0.0608407719844 
3.3707936708861 -0.9560741246788 -0.3344620797437 1.0106851282400 -0.0672513122428 -0.1042952717458 1.5313170785354 0.1755893616834 -0.2706072107124 0.0608453303950 -0.1428266454618 0.2287347609365 -0.2642105827679 -0.3766946930032 0.7247071720862 0.0569880688589 -0.2004589149505 0.3236027572472 -0.0681278503398 
3.3818164556962 -0.9420940436833 -0.3330334655613 1.0084468499605 -0.0748970805355 -0.1055915331797 1.5272583902325 0.1717774017607 -0.2636060003344 0.0649083121877 -0.1072205048104 0.2206277104948 -0.2843924098129 -0.3914660936089 0.7306775423492 0.0560286699387 -0.2046601525130 0.3248716119453 -0.0754459128055 
3.3928392405063 -0.9279202303394 -0.3316737022776 1.0063415126624 -0.0823281973100 -0.1070406825930 1.5247147475337 0.1680619114441 -0.2603122187976 0.0680171065559 -0.0808979053310 0.2128247549222 -0.3014708474300 -0.4073860600796 0.7364237696186 0.0527307170319 -0.2102603687020 0.3246297826226 -0.0825860662651 
3.4038620253165 -0.9135484436013 -0.3304116483631 1.0044226726061 -0.0893939411605 -0.1085494527892 1.5240692411607 0.1648265990960 -0.2602231591908 0.0697566557691 -0.0644425611628 0.2054652885298 -0.3157452667992 -0.4245612898557 0.7416713487553 0.0467147256230 -0.2174201393305 0.3226068998922 -0.0894138525609 
3.4148848101266 -0.8989743942566 -0.3292632427447 1.0027318884129 -0.0959276611930 -0.1099841122346 1.5255648014686 0.1624207046281 -0.2630302117429 0.0697616183699 -0.0579044287519 0.1982383919233 -0.3273006981235 -0.4428787455850 0.7460978866151 0.0378216319870 -0.2263648682833 0.3185433681433 -0.0959142479478 
3.4259075949367 -0.8841933308146 -0.3282322625595 1.0012962325572 -0.1017486665725 -0.1111834584033 1.5292721152403 0.1611452684763 -0.2685832268148 0.0677830134768 -0.0608224538079 0.1904726845424 -0.3361002182598 -0.4619700996929 0.7493422340071 0.0261624317485 -0.2373915395806 0.3121961721129 -0.1022322900852 
3.4369303797468 -0.8691807755291 -0.3273229727256 1.0001655652657 -0.1065369819103 -0.1119567876719 1.5352609092405 0.1613084149935 -0.2770561756645 0.0635232247949 -0.0729160892794 0.1811335664149 -0.3418818394004 -0.4810877372025 0.7507493945663 0.0119907507919 -0.2512913265614 0.3032336963287 -0.1089206301118 
3.4479531645570 -0.8539551704948 -0.3265160429126 0.9993416800847 -0.1101145167208 -0.1121650437729 1.5431871967340 0.1629397235971 -0.2881839177067 0.0570474952620 -0.0919922681463 0.1695243190897 -0.3449324348700 -0.4992289858358 0.7499154002480 -0.0039445583250 -0.2685801155105 0.2915011609658 -0.1165986263830 
3.4589759493671 -0.8385523919703 -0.3257812609274 0.9987992503456 -0.1124488783659 -0.1117789257722 1.5525797762275 0.1658838637288 -0.3015877012357 0.0485935440826 -0.1157336213741 0.1557148361700 -0.3456441058915 -0.5155166141520 0.7467178603081 -0.0208458287277 -0.2895585061999 0.2769769563204 -0.1258266501676 
3.4699987341772 -0.8230020888756 -0.3250919320416 0.9985290073705 -0.1135116561259 -0.1108371360156 1.5630642359363 0.1699306776668 -0.3169165709574 0.0383310805758 -0.1425004461996 0.1403392693285 -0.3443615869747 -0.5290804282732 0.7410308217493 -0.0380751023529 -0.3147954380258 0.2595953847441 -0.1372312846720 
3.4810215189873 -0.8073445542629 -0.3244199601330 0.9985156558605 -0.1133690964802 -0.1094492171983 1.5742753297992 0.1747912805303 -0.3335629660193 0.0264676375764 -0.1708804349434 0.1246121671035 -0.3417031423618 -0.5392028636563 0.7329549518495 -0.0551373899948 -0.3448034260484 0.2392573277690 -0.1511528153236 
3.4920443037975 -0.7916306522044 -0.3237381966285 0.9987385821494 -0.1121767931632 -0.1077685656202 1.5858742130712 0.1801074362280 -0.3507310811949 0.0132538388045 -0.1997123099517 0.1100703099368 -0.3384434822919 -0.5453926747883 0.7228886354349 -0.0717246751318 -0.3799369025149 0.2157915582498 -0.1673991440105 
3.5030670886076 -0.7759206007328 -0.3230227859614 0.9991733264697 -0.1101588132702 -0.1059553835488 1.5975575084879 0.1854594580437 -0.3675907291106 -0.0010146423863 -0.2280303510762 0.0982237696205 -0.3352765148205 -0.5474089234172 0.7115430318095 -0.0877079845966 -0.4203115336477 0.1889951858033 -0.1851122952524 
3.5140898734177 -0.7602815422278 -0.3222555366830 0.9997945146227 -0.1075772158453 -0.1041359441156 1.6090724782562 0.1903902294997 -0.3834562001871 -0.0160212719364 -0.2549559855421 0.0902137584513 -0.3325758819018 -0.5452274116630 0.6998543787451 -0.1030956062282 -0.4657807068787 0.1587868704565 -0.2028596550079 
3.5251126582278 -0.7448273874800 -0.3214161021541 1.0006273618330 -0.1046615817254 -0.1024704272888 1.6200711363256 0.1940664729145 -0.3975257019291 -0.0313335560690 -0.2792662455035 0.0875538982600 -0.3306419818261 -0.5380088819186 0.6885584056134 -0.1176631542363 -0.5171662268172 0.1258925264642 -0.2192109143587 
3.5361354430380 -0.7296041177019 -0.3205127750561 1.0015972959134 -0.1018060639565 -0.1008525603795 1.6304986071600 0.1964189793012 -0.4095527197883 -0.0466370272363 -0.3005227216082 0.0892537575831 -0.3294372486735 -0.5268458329506 0.6789365257949 -0.1317392155248 -0.5725125234101 0.0911713108478 -0.2318600632813 
3.5471582278481 -0.7146616819439 -0.3195601869212 1.0026814236077 -0.0992062090285 -0.0992534989900 1.6402748479882 0.1972278104937 -0.4193295968380 -0.0616245302447 -0.3184749485256 0.0948705783923 -0.3291023441876 -0.5120635648729 0.6715110135543 -0.1453201851331 -0.6308616895545 0.0559735598529 -0.2396633801390 
3.5581810126582 -0.7000359803478 -0.3185749681690 1.0038597908598 -0.0969719610135 -0.0977073985794 1.6493162893856 0.1962636310182 -0.4268368772616 -0.0760024356397 -0.3330388573005 0.1038364217232 -0.3297335859883 -0.4939976824484 0.6664134036027 -0.1582739761334 -0.6911668770554 0.0219594282569 -0.2421469074733 
3.5692037974684 -0.6857455816257 -0.3175706592558 1.0051165865838 -0.0951286638670 -0.0963166334162 1.6575208164433 0.1932845254240 -0.4322391866289 -0.0895005186800 -0.3442442565754 0.1154900829952 -0.3313875651369 -0.4730179551836 0.6634656014811 -0.1703576136509 -0.7522804531463 -0.0090488336343 -0.2394024526519 
3.5802265822785 -0.6717920390635 -0.3165544460044 1.0064431583182 -0.0936223052294 -0.0952314501138 1.6647524488986 0.1880519382185 -0.4358527625165 -0.1018669179083 -0.3521957526087 0.1291343321316 -0.3340899483242 -0.4494892445627 0.6622797477529 -0.1812282080218 -0.8130065391023 -0.0352241605787 -0.2319291400548 
3.5912493670886 -0.6581618301401 -0.3155263225777 1.0078393840204 -0.0923312374706 -0.0946084051415 1.6708394234997 0.1803722094951 -0.4381077582205 -0.1128644325971 -0.3570494563903 0.1440761102209 -0.3378199963020 -0.4237241868702 0.6623553716824 -0.1904667110456 -0.8721559402369 -0.0548893069300 -0.2204807020707 
3.6022721518987 -0.6448450218331 -0.3144762640285 1.0093268756189 -0.0910589539018 -0.0946238010824 1.6754768740197 0.1699744482614 -0.4394927355375 -0.1221543290203 -0.3588600722233 0.1596692044802 -0.3425314477578 -0.3957947284796 0.6630713384493 -0.1974329313166 -0.9284640870505 -0.0660611995905 -0.2059799289771 
3.6132949367089 -0.6318138190497 -0.3133911645061 1.0109319777557 -0.0895509419588 -0.0953561716697 1.6783830907674 0.1568006593046 -0.4407262503072 -0.1294804516635 -0.3577213805402 0.1751193641102 -0.3477887458467 -0.3658162811745 0.6638129213167 -0.2015296606528 -0.9804175583538 -0.0673563106223 -0.1897506212557 
3.6243177215190 -0.6189972148876 -0.3122740964050 1.0126304629787 -0.0877097988936 -0.0965950623002 1.6797602974432 0.1414816723308 -0.4425005742483 -0.1351300908518 -0.3540742120892 0.1897294219072 -0.3526980954544 -0.3342759424362 0.6643488886258 -0.2030061424350 -1.0272787852910 -0.0604553961509 -0.1729354832259 
3.6353405063291 -0.6063673462848 -0.3111230283704 1.0144160938002 -0.0854943112975 -0.0981978183553 1.6796878235744 0.1243514333278 -0.4452301621741 -0.1392290629374 -0.3480444044479 0.2030543860387 -0.3565737760957 -0.3012832325982 0.6644096120462 -0.2019558666477 -1.0684056870394 -0.0465439063067 -0.1563803774783 
3.6463632911392 -0.5939013067308 -0.3099406041603 1.0162723636212 -0.0829227956765 -0.0999760834827 1.6783086438569 0.1058010415587 -0.4491816846562 -0.1419470802086 -0.3397834355280 0.2147777306258 -0.3588088996851 -0.2669603163486 0.6638427039357 -0.1986113386054 -1.1033029962990 -0.0271626081697 -0.1407459505601 
3.6573860759494 -0.5815799835968 -0.3087351290980 1.0181733525121 -0.0800553952357 -0.1017188634319 1.6757986945906 0.0862469370443 -0.4544705413801 -0.1434579213154 -0.3295066416947 0.2247299316642 -0.3589626171102 -0.2314478288631 0.6626065049099 -0.1932791314338 -1.1316126126382 -0.0039611971215 -0.1265280586810 
3.6684088607595 -0.5693873005947 -0.3075208526437 1.0200855806331 -0.0769770079062 -0.1032167168902 1.6723398659052 0.0661017099848 -0.4610609096910 -0.1439081473084 -0.3175214408537 0.2328983357754 -0.3568280685743 -0.1949066906280 0.6607491260008 -0.1862809699852 -1.1531000289359 0.0214715828587 -0.1140331510373 
3.6794316455696 -0.5573100970189 -0.3063175009403 1.0219706176190 -0.0737809341174 -0.1042856879118 1.6680984943565 0.0457475248496 -0.4687726197654 -0.1433969315606 -0.3042404745337 0.2394281204899 -0.3524726881566 -0.1575217341649 0.6583740531254 -0.1779087036135 -1.1676327584745 0.0477055792605 -0.1033203525733 
3.6904544303797 -0.5453540392521 -0.3051522546141 1.0237920980241 -0.0705420829227 -0.1047660302258 1.6631016233227 0.0255129932555 -0.4772927997417 -0.1418306857310 -0.2902195555199 0.2446080052904 -0.3462672582653 -0.1194068152778 0.6554952650422 -0.1682545380021 -1.1745403201546 0.0734917485673 -0.0943109551449 
3.7014772151899 -0.5334990940355 -0.3040568632825 1.0254963753518 -0.0673060963067 -0.1046712028893 1.6575188670014 0.0056055584982 -0.4861578035432 -0.1392688089137 -0.2761498423064 0.2490053633392 -0.3389886897925 -0.0810205932573 0.6521674839228 -0.1576285830571 -1.1742473290218 0.0975368144046 -0.0860804467713 
3.7125000000000 -0.5217265701346 -0.3030497791721 1.0270446887982 -0.0640496255723 -0.1041316276098 1.6515142405660 -0.0139494971112 -0.4950535742120 -0.1358283164191 -0.2624867820960 0.2530587982445 -0.3312764656320 -0.0429528092472 0.6484121206870 -0.1463227573995 -1.1670740599463 0.1190620937383 -0.0778759862216 
3.7235227848101 -0.5100216387087 -0.3021416684665 1.0284050992226 -0.0607094026726 -0.1033033039398 1.6452595063360 -0.0331573859524 -0.5037760320531 -0.1316777075664 -0.2495671636544 0.2571110487872 -0.3236414800732 -0.0058443449465 0.6442498926631 -0.1346592050134 -1.1531309891273 0.1375232041095 -0.0691734176007 
3.7345455696203 -0.4983673960657 -0.3013380542311 1.0295499988577 -0.0572087023440 -0.1023503640725 1.6389559342699 -0.0520322467891 -0.5121809020979 -0.1270453928667 -0.2376360556759 0.2614430071942 -0.3165212859810 0.0296366570885 0.6397345903578 -0.1230257621385 -1.1325924704943 0.1525374027531 -0.0596428018582 
3.7455683544304 -0.4867460667904 -0.3006414084239 1.0304576168235 -0.0534866407529 -0.1014270619553 1.6328126970434 -0.0705955881794 -0.5201534837633 -0.1221823015028 -0.2268512499778 0.2662725138837 -0.3102846958066 0.0628524019445 0.6349513217987 -0.1118375637859 -1.1056816788088 0.1638912950939 -0.0492077709266 
3.7565911392405 -0.4751403536818 -0.3000529066587 1.0311130541475 -0.0495211210472 -0.1006651493829 1.6270278562979 -0.0888761868118 -0.5275893561297 -0.1173320891167 -0.2172876184288 0.2717518849041 -0.3052225080405 0.0932394590417 0.6300103635830 -0.1014937762632 -1.0726468170976 0.1715607285421 -0.0380696651722 
3.7676139240506 -0.4635357095358 -0.2995742230506 1.0315068567679 -0.0453363813590 -0.1001621606329 1.6217829937674 -0.1068892591981 -0.5343855561194 -0.1127213090102 -0.2089633968669 0.2779770552848 -0.3015425384592 0.1203312976561 0.6250193888510 -0.0923601194245 -1.0337237256507 0.1757622216088 -0.0267198437369 
3.7786367088608 -0.4519288589061 -0.2992156385198 1.0316183906895 -0.0409916598775 -0.0999393695345 1.6173270670199 -0.1244528318165 -0.5403483900037 -0.1086461949721 -0.2020507741469 0.2851180156019 -0.2995949541573 0.1437376434770 0.6198014996813 -0.0849886915606 -0.9891511568825 0.1774670192748 -0.0164655499188 
3.7896594936709 -0.4402992733453 -0.2989716105033 1.0314728186618 -0.0365015476715 -0.0999530640551 1.6136926848039 -0.1416336232049 -0.5456494042792 -0.1051897119095 -0.1961797302480 0.2929155809650 -0.2991299962186 0.1634063190666 0.6147043249371 -0.0793197145184 -0.9394198048758 0.1769812870682 -0.0074844903294 
3.8006822784810 -0.4286358804629 -0.2988448732915 1.0310780696008 -0.0318715491761 -0.1001507865849 1.6109647402379 -0.1583719048671 -0.5504108201603 -0.1024749919704 -0.1911850849549 0.3012157140859 -0.3000329176914 0.1792428163069 0.6098664318748 -0.0754451047254 -0.8847385715623 0.1746354651308 0.0001178435532 
3.8117050632911 -0.4169250218744 -0.2988368151683 1.0304442406293 -0.0270978280350 -0.1004790492489 1.6092167478973 -0.1746279106834 -0.5548223755418 -0.1006118120060 -0.1868599474411 0.3098102013529 -0.3020399484744 0.1911861631182 0.6054406776227 -0.0734192006874 -0.8253310527004 0.1705865994253 0.0066050710609 
3.8227278481013 -0.4051498938399 -0.2989474619294 1.0295817913983 -0.0221756122614 -0.1008983855086 1.6085127845856 -0.1903949843199 -0.5591088214057 -0.0996973461201 -0.1829742411659 0.3184610908081 -0.3047736274879 0.1991939210007 0.6015888084845 -0.0732724122379 -0.7614660113107 0.1648171367729 0.0125825239481 
3.8337506329114 -0.3932901469049 -0.2991756486279 1.0284995190028 -0.0171089787864 -0.1013966252640 1.6089101116089 -0.2057080236153 -0.5634914709082 -0.0998182792646 -0.1792960173217 0.3269271330056 -0.3078047102664 0.2032348538475 0.5984656722687 -0.0750262511180 -0.6935009654638 0.1571650727568 0.0189112750032 
3.8447734177215 -0.3813218483271 -0.2995191972651 1.0272026527068 -0.0119174281500 -0.1019970323833 1.6104624087341 -0.2206427925822 -0.5681541515928 -0.1010540069508 -0.1756151538229 0.3349887392109 -0.3107249338393 0.2032980142325 0.5961770293769 -0.0787091311042 -0.6219488424926 0.1473982323391 0.0265412027315 
3.8557962025316 -0.3692157498063 -0.2999755283760 1.0256965369427 -0.0066432242370 -0.1027473907840 1.6132109464033 -0.2352865427883 -0.5731902751630 -0.1034608937187 -0.1718103089990 0.3424558869693 -0.3132207418558 0.1995622828707 0.5943031625107 -0.0843662946314 -0.5480411487473 0.1360693324538 0.0355431550459 
3.8668189873418 -0.3569388524679 -0.3005383276089 1.0239897625027 -0.0012933447328 -0.1037463975566 1.6171082048398 -0.2498145905047 -0.5786911675104 -0.1069723061670 -0.1678344721277 0.3491908440386 -0.3150772024821 0.1923938511419 0.5923283194166 -0.0918441719612 -0.4733737125051 0.1235268026341 0.0457459982334 
3.8778417721519 -0.3444651743997 -0.3012018410546 1.0220802873705 0.0041620638885 -0.1050784027601 1.6221306804273 -0.2643428033169 -0.5848198190414 -0.1115406996205 -0.1636760793222 0.3551297359602 -0.3161842059805 0.1821913843789 0.5900362813138 -0.1009973572048 -0.3991549757679 0.1094328314983 0.0569557366365 
3.8888645569620 -0.3317701415935 -0.3019630823330 1.0199778658843 0.0097249642967 -0.1067843857165 1.6281770910151 -0.2789521673527 -0.5916502340441 -0.1170029587834 -0.1594373664789 0.3602259579443 -0.3165572392080 0.1699303345254 0.5863280914585 -0.1114908702537 -0.3276452664574 0.0951260766332 0.0667119385095 
3.8998873417722 -0.3188389860541 -0.3028189149098 1.0177143344245 0.0153772906614 -0.1088672616016 1.6349426594849 -0.2937890713526 -0.5991517520358 -0.1229250422497 -0.1553052951154 0.3644691761472 -0.3163407193670 0.1570634472445 0.5799849198528 -0.1225224452697 -0.2614315402448 0.0825318329529 0.0717361889217 
3.9109101265823 -0.3056728863756 -0.3037631596324 1.0153510932414 0.0210658647902 -0.1112606436133 1.6418899028971 -0.3090446922327 -0.6071560440017 -0.1285768649449 -0.1515641901753 0.3678776664052 -0.3157784172771 0.1451444956566 0.5704836811100 -0.1328997051066 -0.2027544078591 0.0732539159833 0.0697225566263 
3.9219329113924 -0.2922874702798 -0.3047832286175 1.0129698221585 0.0266991034813 -0.1138097017094 1.6483926418229 -0.3248344624764 -0.6154039792700 -0.1331391939070 -0.1485771995024 0.3704667875073 -0.3151298889830 0.1352189476694 0.5586234286307 -0.1415195014455 -0.1529022114038 0.0676646680295 0.0609326267348 
3.9329556962025 -0.2787030101282 -0.3058600340788 1.0106521209116 0.0321683031181 -0.1163012294879 1.6539399712028 -0.3411003446290 -0.6236307080810 -0.1359791372782 -0.1467449707829 0.3722228406889 -0.3146163898403 0.1275504261736 0.5462375847982 -0.1478079451280 -0.1122316611391 0.0649414839412 0.0479193702831 
3.9439784810127 -0.2649114606907 -0.3069740739690 1.0085034274367 0.0373073869235 -0.1184873661387 1.6580540782089 -0.3575917308479 -0.6314617945017 -0.1365291847410 -0.1468187681278 0.3730834633806 -0.3146680621784 0.1219962833624 0.5358585603925 -0.1514892299177 -0.0818716759595 0.0638635297978 0.0343200090216 
3.9550012658228 -0.2509286680667 -0.3081038628517 1.0065419897237 0.0420902526650 -0.1202340239758 1.6607731620604 -0.3740322479297 -0.6388882973371 -0.1349290720449 -0.1488893675840 0.3729157295406 -0.3152658933269 0.1179859006899 0.5287145669537 -0.1531126344046 -0.0606745213612 0.0629291828159 0.0225894873725 
3.9660240506329 -0.2367598631992 -0.3092340993230 1.0047914331626 0.0464974924577 -0.1214673898217 1.6620866552783 -0.3902590403936 -0.6458825203834 -0.1312462560687 -0.1530406409803 0.3715177185728 -0.3163971069055 0.1152828102997 0.5252518118669 -0.1529583015259 -0.0480792959174 0.0613874436555 0.0137732742533 
3.9770468354430 -0.2224023127984 -0.3103582951093 1.0032743353123 0.0505002523285 -0.1221500575002 1.6620018505425 -0.4061330344385 -0.6523766081225 -0.1255650153277 -0.1593808405790 0.3686483917878 -0.3181352700734 0.1138418582463 0.5255182235165 -0.1511722691956 -0.0437298834576 0.0587074495481 0.0081413575900 
3.9880696202532 -0.2078526529824 -0.3114774449975 1.0020057356552 0.0540681022963 -0.1222775336818 1.6605746027287 -0.4215171928280 -0.6582793290614 -0.1180301558268 -0.1680057950515 0.3640456064398 -0.3206192104584 0.1137217010826 0.5292365870973 -0.1478391219178 -0.0471214233278 0.0544294001743 0.0054427682691 
3.9990924050633 -0.1931098939002 -0.3125971821001 1.0009955443345 0.0571724186428 -0.1218765044984 1.6578919576211 -0.4362636540924 -0.6634691446954 -0.1088266203328 -0.1790335909718 0.3574407949915 -0.3240684234013 0.1150209550777 0.5359111707308 -0.1429962267452 -0.0575503026072 0.0481560540344 0.0051369569285 
4.0101151898734 -0.1781783722049 -0.3137241175683 1.0002509454353 0.0597941489362 -0.1210089902791 1.6540512416895 -0.4502118016452 -0.6677932631104 -0.0981536465619 -0.1926336021405 0.3485691986774 -0.3287857203544 0.1178147338520 0.5448941567265 -0.1366481331011 -0.0741001830417 0.0396308706741 0.0065469190219 
4.0211379746835 -0.1630665448311 -0.3148623446228 0.9997902845921 0.0619067037237 -0.1197747987934 1.6491187578848 -0.4631327852364 -0.6710159859490 -0.0861830867381 -0.2091775552500 0.3371332195216 -0.3352292170146 0.1221112013389 0.5555005080737 -0.1287576210196 -0.0957833114364 0.0288574698802 0.0090147396102 
4.0321607594937 -0.1477942082793 -0.3160103200806 0.9996653387623 0.0634307133951 -0.1183473426775 1.6431074768006 -0.4745611598377 -0.6726557640744 -0.0730662444056 -0.2295820029750 0.3227664543426 -0.3442282460390 0.1277572905424 0.5670865998399 -0.1192480234191 -0.1215800637152 0.0166284454675 0.0119688632118 
4.0431835443038 -0.1324197094997 -0.3171683491463 0.9998181876438 0.0644750227106 -0.1169510542174 1.6362436635254 -0.4844680696405 -0.6726449366419 -0.0591110518830 -0.2537549721315 0.3055150881410 -0.3559407098940 0.1344332303787 0.5786583194702 -0.1082839186068 -0.1500034686947 0.0047866221455 0.0142318909131 
4.0542063291139 -0.1169818057717 -0.3183397321036 1.0002295711747 0.0651012836473 -0.1158088158462 1.6286766399454 -0.4926141545232 -0.6708554569679 -0.0445144123574 -0.2820916665445 0.2852887811375 -0.3706691793374 0.1417608927932 0.5894926625433 -0.0959835295682 -0.1803320829757 -0.0048398779326 0.0147384508956 
4.0652291139241 -0.1015237411310 -0.3195289622707 1.0008715413460 0.0654270436619 -0.1151188042859 1.6205784600659 -0.4987681969572 -0.6674606815201 -0.0294463517896 -0.3148626879594 0.2620103359591 -0.3882246421785 0.1491889816611 0.5989910894726 -0.0825689215269 -0.2117176271469 -0.0107031132749 0.0127276023662 
4.0762518987342 -0.0860942327435 -0.3207399913479 1.0017135333173 0.0656122831847 -0.1150000428336 1.6121272555814 -0.5027018775585 -0.6630170324137 -0.0140440873092 -0.3521538487821 0.2356647184253 -0.4077478784818 0.1560327555103 0.6068450955101 -0.0683531571066 -0.2430739499506 -0.0119233855496 0.0081320381845 
4.0872746835443 -0.0707470302375 -0.3219743449828 1.0027273354350 0.0658371385869 -0.1154602902605 1.6034896636947 -0.5041859761337 -0.6583973298834 0.0015776903199 -0.3938597651310 0.2064452876363 -0.4277974518021 0.1616074704657 0.6130329596871 -0.0536844266345 -0.2731596441395 -0.0083576831067 0.0015327208153 
4.0982974683544 -0.0555383336398 -0.3232295048785 1.0038886120863 0.0662765930677 -0.1163914263098 1.5948176300170 -0.5029770498559 -0.6545964428498 0.0172917885357 -0.4397211147714 0.1749390942671 -0.4466796818130 0.1653809229958 0.6176785714988 -0.0388998183777 -0.3007970860786 -0.0004070261599 -0.0062207549807 
4.1093202531646 -0.0405492719981 -0.3245024103488 1.0051988488589 0.0670776001895 -0.1176535549341 1.5863554508511 -0.4983709691465 -0.6524318209113 0.0327661752868 -0.4899156239495 0.1426259111539 -0.4628999693552 0.1667766394608 0.6207554294327 -0.0244528432907 -0.3248280789384 0.0116890730237 -0.0145643701986 
4.1203430379747 -0.0258304103311 -0.3257794114969 1.0066199565783 0.0683130548325 -0.1190060752219 1.5783657411063 -0.4901577966074 -0.6525313870428 0.0475563164055 -0.5435638175465 0.1113553570359 -0.4748832089437 0.1657491750728 0.6222943913853 -0.0107913800982 -0.3449103091910 0.0269402314901 -0.0232304359890 
4.1313658227848 -0.0113902361034 -0.3270412804732 1.0081010149007 0.0699359664168 -0.1202637474409 1.5710119835483 -0.4785801856492 -0.6549605001947 0.0612868473728 -0.5993401551072 0.0826329838167 -0.4818723811864 0.1626071518990 0.6224617692752 0.0018235734041 -0.3614345727017 0.0443358310580 -0.0321617035169 
4.1423886075949 0.0027588245898 -0.3282746002109 1.0096165223732 0.0718220109146 -0.1213563791747 1.5645030289566 -0.4636054992564 -0.6593273978640 0.0734814670649 -0.6563422324066 0.0581100005748 -0.4838351957614 0.1574680319718 0.6214034732406 0.0131102878239 -0.3747438852624 0.0633253528656 -0.0414370863832 
4.1534113924051 0.0166175880824 -0.3294695470386 1.0111494103929 0.0737918236366 -0.1222579846180 1.5590170129905 -0.4452561535579 -0.6650019986218 0.0837027179303 -0.7136155586477 0.0392063868006 -0.4810868687555 0.1504546029508 0.6193645012004 0.0228674341685 -0.3852014934284 0.0833491197427 -0.0510440534195 
4.1644341772152 0.0301974261247 -0.3306200103144 1.0126932299436 0.0756364567702 -0.1229658082084 1.5546720749832 -0.4236149816959 -0.6712294210582 0.0916167754526 -0.7701811155741 0.0269554956160 -0.4740877690788 0.1416986208579 0.6166824735235 0.0310027557975 -0.3930987125137 0.1038021487736 -0.0608099090079 
4.1754569620253 0.0435168494372 -0.3317229528141 1.0142516749161 0.0771432166876 -0.1234818992671 1.5515045011316 -0.3988418400642 -0.6772215613988 0.0970490621327 -0.8250587093864 0.0219017170787 -0.4633163677012 0.1313491118149 0.6137622042717 0.0375472724540 -0.3986049634991 0.1240273267109 -0.0703882559192 
4.1864797468354 0.0565977696621 -0.3327774987029 1.0158357755435 0.0781185868708 -0.1238027811851 1.5494612677376 -0.3711944909856 -0.6822320832226 0.1000192857585 -0.8772853807737 0.0240397767847 -0.4492342718786 0.1195745938165 0.6110360377208 0.0426481217648 -0.4017600804026 0.1433393718914 -0.0792977908375 
4.1975025316456 0.0694286216024 -0.3337828215763 1.0174892774487 0.0782389336359 -0.1239557248095 1.5486264924091 -0.3406643931522 -0.6851475177961 0.1003405090972 -0.9253746978379 0.0338529233804 -0.4322230312204 0.1062862599527 0.6089762415323 0.0462821561752 -0.4022124352421 0.1609105580369 -0.0870100764477 
4.2085253164557 0.0820678781467 -0.3347354343005 1.0191923197521 0.0775379064237 -0.1238843663794 1.5485486647981 -0.3082646126455 -0.6859159068715 0.0988782825618 -0.9686562013045 0.0487419938475 -0.4131773928240 0.0920097224757 0.6078303754519 0.0490360415466 -0.4002451692899 0.1763513263469 -0.0931773771977 
4.2195481012658 0.0945365066075 -0.3356341094302 1.0209388452198 0.0759773707386 -0.1236000084957 1.5490587001334 -0.2745076962147 -0.6843947736496 0.0960327315737 -1.0065172148372 0.0672119251178 -0.3926458138105 0.0769150988894 0.6076786603178 0.0511107008820 -0.3959923625250 0.1895611854509 -0.0978066186647 
4.2305708860759 0.1068511085036 -0.3364794009850 1.0227171135778 0.0735308835298 -0.1231470272644 1.5500574722582 -0.2398785075348 -0.6805491923921 0.0921064495267 -1.0384175584526 0.0879652215847 -0.3711600005389 0.0610817593928 0.6085437746855 0.0526009772291 -0.3896318251810 0.2005974541510 -0.1010201027781 
4.2415936708861 0.1190271802063 -0.3372722219428 1.0245078267384 0.0702120507155 -0.1225819559520 1.5514809785918 -0.2048520955053 -0.6744622958663 0.0873508133676 -1.0639353230152 0.1098705595250 -0.3492635997066 0.0445483024992 0.6104030272452 0.0535399921283 -0.3813920946989 0.2096344266846 -0.1029762389394 
4.2526164556962 0.1310799308886 -0.3380122516158 1.0262854897240 0.0660828708981 -0.1219653374296 1.5532833229595 -0.1698855976654 -0.6663118098446 0.0819769428975 -1.0827665263498 0.1319852939588 -0.3274839056025 0.0273278229478 0.6131935948131 0.0539240698127 -0.3715312078996 0.2169194122942 -0.1038232944662 
4.2636392405063 0.1430256260092 -0.3386966874504 1.0280202846271 0.0612557503626 -0.1213630070873 1.5554195772153 -0.1354224627940 -0.6563494087999 0.0761672587572 -1.0947152837771 0.1535418784367 -0.3062839245082 0.0094126946508 0.6168123942504 0.0537395099749 -0.3603139930507 0.2227331004715 -0.1036780342925 
4.2746620253165 0.1548785631295 -0.3393185480350 1.0296812156113 0.0558725280739 -0.1208886221244 1.5578592300014 -0.1019398605817 -0.6448132836314 0.0700421703746 -1.0994115405555 0.1739020428180 -0.2861016940168 -0.0092934341490 0.6211128454369 0.0529508296978 -0.3479676834547 0.2273480057317 -0.1026392020692 
4.2856848101266 0.1666605570851 -0.3398677632677 1.0312300671775 0.0501496094651 -0.1207247841445 1.5605269080983 -0.0700142772141 -0.6320027741499 0.0637519302280 -1.0965412084152 0.1924584844629 -0.2672334061952 -0.0289477339832 0.6258645317122 0.0515854182027 -0.3347198552527 0.2310461716644 -0.1007995513351 
4.2967075949367 0.1784112233673 -0.3403416296122 1.0326321807095 0.0442858157394 -0.1209501270211 1.5632734956409 -0.0400360084315 -0.6183919809430 0.0575219032821 -1.0868882103147 0.2088374960765 -0.2494478244174 -0.0495132578787 0.6308677339824 0.0497997264000 -0.3208270501691 0.2340713663052 -0.0982577775560 
4.3077303797468 0.1901514282191 -0.3407327522015 1.0338617191279 0.0383528853701 -0.1216424580178 1.5660588982552 -0.0123042175562 -0.6042007095307 0.0513937810910 -1.0706256701584 0.2227809114257 -0.2326800010709 -0.0710138425466 0.6359660030245 0.0476241179484 -0.3064988462876 0.2366256495485 -0.0952010250093 
4.3187531645570 0.2018970268543 -0.3410319876943 1.0348952010253 0.0323906043318 -0.1228290096230 1.5688570045851 0.0129874973253 -0.5896244442953 0.0453822314753 -1.0479926113803 0.2341037579706 -0.2168075443281 -0.0933999706648 0.6410064628305 0.0450773313791 -0.2919778346738 0.2389360553015 -0.0918731304320 
4.3297759493671 0.2136585534848 -0.3412293980156 1.0357118092001 0.0264291269418 -0.1244889093812 1.5716266564847 0.0357277692622 -0.5748372751182 0.0395228068106 -1.0192850516719 0.2426955946627 -0.2016833108625 -0.1165366702919 0.6458383158656 0.0422048210734 -0.2775195259641 0.2412436244007 -0.0885407526062 
4.3407987341772 0.2254413650697 -0.3413157766427 1.0362936569735 0.0205067755080 -0.1265545735853 1.5742843089950 0.0558705705988 -0.5599926322463 0.0339117438103 -0.9848480388456 0.2485212995206 -0.1871758635547 -0.1401907996060 0.6503240626820 0.0391190729583 -0.2633652103178 0.2437722193706 -0.0854468018418 
4.3518215189873 0.2372462642185 -0.3412843419984 1.0366259665119 0.0146803459146 -0.1289116398056 1.5766844035548 0.0734280196814 -0.5452203954884 0.0287305671576 -0.9450702279457 0.2516197464883 -0.1732156775074 -0.1640213071027 0.6543593680845 0.0360308092111 -0.2497164084803 0.2466873927851 -0.0827655334853 
4.3628443037975 0.2490623784136 -0.3411260083740 1.0366859310557 0.0090873910215 -0.1313668304794 1.5785648974651 0.0885107360024 -0.5304552632643 0.0243935407813 -0.9004109398451 0.2523667190377 -0.1601800838817 -0.1874368844288 0.6578347387295 0.0333321891029 -0.2368546616425 0.2501490572512 -0.0806074478385 
4.3738670886076 0.2608917615776 -0.3408466187454 1.0364765375752 0.0037613542925 -0.1337018498625 1.5796882724106 0.1012939665382 -0.5157277259736 0.0212075274878 -0.8515559448585 0.2511154816738 -0.1484466052293 -0.2099258689772 0.6608614408999 0.0313850230460 -0.2248411852725 0.2540909111385 -0.0789093116578 
4.3848898734177 0.2727441610871 -0.3404526024699 1.0360074533763 -0.0013556243192 -0.1358045451767 1.5799324304036 0.1118532108531 -0.5010090512334 0.0192894117207 -0.7988860008023 0.2480851112234 -0.1384197411635 -0.2312355237239 0.6636251372771 0.0303755987149 -0.2136790286821 0.2584308746473 -0.0776315377167 
4.3959126582278 0.2846291217156 -0.3399476403760 1.0352857088837 -0.0063365251662 -0.1376010688331 1.5792175499558 0.1202528024667 -0.4861196242564 0.0187268864031 -0.7426936520516 0.2436282691752 -0.1307620785683 -0.2511879056861 0.6663124016018 0.0304174666178 -0.2034065964711 0.2631189613345 -0.0767598882674 
4.4069354430380 0.2965594170610 -0.3393352143362 1.0343200179021 -0.0112770687299 -0.1390481020367 1.5775079079803 0.1265665516166 -0.4708199377807 0.0195375230887 -0.6832766734769 0.2381316629706 -0.1262522253766 -0.2697008145454 0.6691224919255 0.0315464748685 -0.1940390952845 0.2681009052573 -0.0762687712537 
4.4179582278481 0.3085505211351 -0.3386176499253 1.0331194030140 -0.0162836597575 -0.1401280927667 1.5748016148997 0.1308979015905 -0.4548238290148 0.0216766769746 -0.6209960989837 0.2319906439994 -0.1257523105325 -0.2867655949265 0.6722450511451 0.0337371834280 -0.1855834603668 0.2733325134711 -0.0761336374043 
4.4289810126582 0.3206197315341 -0.3377954451153 1.0316925812861 -0.0214652852060 -0.1408465106529 1.5711240361089 0.1334037529797 -0.4378126394540 0.0250430474027 -0.5563447905707 0.2255914638922 -0.1301616660775 -0.3024265832193 0.6758407947759 0.0369157380225 -0.1780580134922 0.2787933461157 -0.0763521107119 
4.4400037974684 0.3327843965855 -0.3368675115740 1.0300490369683 -0.0269295602824 -0.1412273576717 1.5665318991931 0.1343282337617 -0.4194375694203 0.0294813053459 -0.4900458213340 0.2193537139638 -0.1404023151254 -0.3167617145312 0.6800246854713 0.0409591725675 -0.1715216239067 0.2844991080545 -0.0769696887605 
4.4510265822785 0.3450541546922 -0.3358411845221 1.0282211856671 -0.0328202639550 -0.1412484237315 1.5612801715159 0.1342916014614 -0.3987895202293 0.0347477680289 -0.4240742744161 0.2150395759412 -0.1589747959654 -0.3298184197705 0.6848858877695 0.0454810610918 -0.1663261535160 0.2905416067003 -0.0780852552189 
4.4620493670886 0.3574504964778 -0.3347060084586 1.0262175013881 -0.0391865303223 -0.1410837829082 1.5554410768713 0.1334153060271 -0.3767064210986 0.0404207417545 -0.3589536284779 0.2112792996108 -0.1837774943202 -0.3419633422803 0.6903975212660 0.0503159506177 -0.1623411153005 0.2968730027187 -0.0797745518522 
4.4730721518987 0.3699786121631 -0.3334634139182 1.0240642193985 -0.0460083620417 -0.1407908727113 1.5491928777824 0.1321214459655 -0.3538055672329 0.0462072813823 -0.2961498172220 0.2078857426159 -0.2136369758349 -0.3533929995646 0.6965174279161 0.0551873748502 -0.1596414184224 0.3034177198247 -0.0820425725453 
4.4840949367089 0.3826369454037 -0.3321254721448 1.0218003788038 -0.0531987693355 -0.1404211613353 1.5427915910832 0.1307476690301 -0.3312646353386 0.0518249564290 -0.2371772268906 0.2045159034641 -0.2463008200932 -0.3643561015760 0.7031500703714 0.0597418898035 -0.1582779784710 0.3100183256867 -0.0848219206551 
4.4951177215190 0.3954200308073 -0.3307188063175 1.0194770020944 -0.0606271982247 -0.1400347967407 1.5365647901273 0.1294236138124 -0.3106835973345 0.0570508355651 -0.1834353927910 0.2007772661819 -0.2786316446148 -0.3751649955947 0.7101566636206 0.0635644039954 -0.1582800113666 0.3164431339173 -0.0879829035568 
4.5061405063291 0.4083235354492 -0.3292834971669 1.0171517990890 -0.0681523669873 -0.1397126900826 1.5308763532807 0.1280843787601 -0.2935730444577 0.0617530162726 -0.1362073201068 0.1964562683736 -0.3074841417612 -0.3861854042876 0.7173786270421 0.0662212364320 -0.1596604052367 0.3224057781290 -0.0913614046228 
4.5171632911392 0.4213479401255 -0.3278664088340 1.0148833263371 -0.0756408929164 -0.1395461469468 1.5260937652093 0.1266579186755 -0.2807301152095 0.0658466609640 -0.0967988102016 0.1917383492630 -0.3308877783060 -0.3978050532689 0.7246527553050 0.0672914493595 -0.1624243138094 0.3275901410294 -0.0947853590153 
4.5281860759494 0.4345071402862 -0.3265191032339 1.0127450267418 -0.0829326881235 -0.1396218284673 1.5226805680221 0.1252647890149 -0.2723102729568 0.0691306001371 -0.0673029344229 0.1872498281750 -0.3482037191186 -0.4104377368507 0.7317558975511 0.0662460492783 -0.1667220097737 0.3316273966775 -0.0981242529672 
4.5392088607595 0.4478236251953 -0.3252792604715 1.0107973678329 -0.0898342147740 -0.1399327985395 1.5209868490214 0.1242041304402 -0.2678783331792 0.0713579372553 -0.0491988968510 0.1833419420179 -0.3600095229210 -0.4242987459447 0.7384123685371 0.0627315729858 -0.1727141825022 0.3341533765631 -0.1012971232238 
4.5502316455696 0.4612977938669 -0.3241527108333 1.0090561808998 -0.0962426678598 -0.1403537480494 1.5210699218773 0.1237166945941 -0.2665710511339 0.0723489730938 -0.0415235111077 0.1798222688712 -0.3677478585227 -0.4393146170635 0.7444493703717 0.0567634360780 -0.1803223472266 0.3349466852523 -0.1041952567413 
4.5612544303797 0.4749403029169 -0.3231410608742 1.0075490843468 -0.1020205943637 -0.1407610139065 1.5230211000131 0.1239123563023 -0.2682396790629 0.0718619641429 -0.0435546370737 0.1761596512866 -0.3719496038102 -0.4553175488628 0.7495950909084 0.0483483031132 -0.1897032701447 0.3337689004001 -0.1068593253914 
4.5722772151899 0.4887625799414 -0.3222342440442 1.0062905609215 -0.1070286159386 -0.1410086070785 1.5267851274947 0.1247853695411 -0.2729483454605 0.0697435516574 -0.0539158870495 0.1714367806315 -0.3727790437790 -0.4719275264708 0.7535562134068 0.0377192047013 -0.2010584406562 0.3303986592907 -0.1094416693398 
