---- AnyBody Output File ---------------------------------
Study: Main.MarkerModelStudy
Operation: Main.MarkerModelStudy.KinematicAnalysis
----------------------------------------------------------
Constants (Name = Value): 
Main.MarkerModelStudy.MarkerModel.Markers.RTOE.MarkerPositionFile.FileName = "RTOE.txt"
Main.MarkerModelStudy.MarkerModel.Markers.RTOE.MarkerPositionFile.Search = 
Main.MarkerModelStudy.MarkerModel.Markers.RTOE.MarkerPositionFile.SepSign = "  "
Main.MarkerModelStudy.MarkerModel.Markers.RTOE.MarkerPositionFile.LineSepSign = ""
Main.MarkerModelStudy.MarkerModel.Markers.RTOE.MarkerPositionFile.Header.TitleSectionOnOff = On
Main.MarkerModelStudy.MarkerModel.Markers.RTOE.MarkerPositionFile.Header.ConstSectionOnOff = On
Main.MarkerModelStudy.MarkerModel.Markers.RTOE.MarkerPositionFile.Header.VarSectionOnOff = On
Main.MarkerModelStudy.MarkerModel.Markers.RTOE.MarkerPositionFile.Header.ColumnNamesOnOff = On
Main.MarkerModelStudy.MarkerModel.Markers.RTOE.MarkerPositionFile.Header.LinePrefix = ""
Main.MarkerModelStudy.MarkerModel.Markers.RTOE.MarkerPositionFile.NumberFormat.Digits = 15
----------------------------------------------------------
Variables (Column# Name): 
col0  Main.MarkerModelStudy.t
col1  Main.MarkerModelStudy.MarkerModel.Markers.RTOE.MarkerPositionFile.px
col2  Main.MarkerModelStudy.MarkerModel.Markers.RTOE.MarkerPositionFile.py
col3  Main.MarkerModelStudy.MarkerModel.Markers.RTOE.MarkerPositionFile.pz
----------------------------------------------------------
Main.MarkerModelStudy.t  Main.MarkerModelStudy.MarkerModel.Markers.RTOE.MarkerPositionFile.px  Main.MarkerModelStudy.MarkerModel.Markers.RTOE.MarkerPositionFile.py  Main.MarkerModelStudy.MarkerModel.Markers.RTOE.MarkerPositionFile.pz
 2.841700000000000e+000  -1.116054493773813e+000  -4.085875684104841e-001   9.719557389805879e-002
 2.854385350318471e+000  -1.097427290458740e+000  -4.067952260861045e-001   9.537765807803048e-002
 2.867070700636943e+000  -1.082313324969406e+000  -4.049438320298011e-001   9.152113027081969e-002
 2.879756050955414e+000  -1.070325203674951e+000  -4.031505068356995e-001   8.593721481292956e-002
 2.892441401273886e+000  -1.061038350824845e+000  -4.015339522991780e-001   7.919445284398557e-002
 2.905126751592357e+000  -1.054034088116816e+000  -4.001803293438110e-001   7.200997877157919e-002
 2.917812101910828e+000  -1.048921613858774e+000  -3.991205564665711e-001   6.507880313324929e-002
 2.930497452229300e+000  -1.045341274335417e+000  -3.983318915925659e-001   5.893304992761050e-002
 2.943182802547771e+000  -1.042963419006091e+000  -3.977648215202279e-001   5.387991049775591e-002
 2.955868152866243e+000  -1.041489422534041e+000  -3.973751425427588e-001   5.000913302039047e-002
 2.968553503184714e+000  -1.040658535321044e+000  -3.971296055446194e-001   4.724785196967862e-002
 2.981238853503185e+000  -1.040256632214624e+000  -3.969939481162355e-001   4.543188902420391e-002
 2.993924203821657e+000  -1.040119417557023e+000  -3.969327456967638e-001   4.436174104256051e-002
 3.006609554140128e+000  -1.040128475912118e+000  -3.969184902902224e-001   4.383765393302413e-002
 3.019294904458600e+000  -1.040203842823106e+000  -3.969344960474887e-001   4.367947214256517e-002
 3.031980254777071e+000  -1.040294674676559e+000  -3.969722354616480e-001   4.373826197293608e-002
 3.044665605095542e+000  -1.040370470757361e+000  -3.970281318040803e-001   4.389956029041715e-002
 3.057350955414014e+000  -1.040415200610556e+000  -3.971017581707765e-001   4.408143740153844e-002
 3.070036305732485e+000  -1.040423189910140e+000  -3.971945720011352e-001   4.423166880310821e-002
 3.082721656050957e+000  -1.040395753260746e+000  -3.973078834574319e-001   4.432428909819575e-002
 3.095407006369428e+000  -1.040338888079696e+000  -3.974404011867494e-001   4.435405098352025e-002
 3.108092356687899e+000  -1.040261793264852e+000  -3.975866162249728e-001   4.433071198881573e-002
 3.120777707006371e+000  -1.040174589557896e+000  -3.977375245827237e-001   4.427196197083725e-002
 3.133463057324842e+000  -1.040085510130298e+000  -3.978840335533763e-001   4.419618582704404e-002
 3.146148407643314e+000  -1.039999775769918e+000  -3.980198806073246e-001   4.411844319118346e-002
 3.158833757961785e+000  -1.039920191102861e+000  -3.981416669910119e-001   4.404925552629578e-002
 3.171519108280256e+000  -1.039848279012566e+000  -3.982471492885030e-001   4.399445598424997e-002
 3.184204458598728e+000  -1.039785553700416e+000  -3.983340079559181e-001   4.395514303939143e-002
 3.196889808917199e+000  -1.039734286862644e+000  -3.984003513257498e-001   4.392767956247236e-002
 3.209575159235671e+000  -1.039697948986273e+000  -3.984473164175509e-001   4.390535268091812e-002
 3.222260509554142e+000  -1.039680039069850e+000  -3.984797295057811e-001   4.388189205494516e-002
 3.234945859872613e+000  -1.039679716756269e+000  -3.985010652236066e-001   4.385284013280448e-002
 3.247631210191085e+000  -1.039690025933598e+000  -3.985114204586158e-001   4.381543281129966e-002
 3.260316560509556e+000  -1.039700982829122e+000  -3.985139021425387e-001   4.376926031049201e-002
 3.273001910828028e+000  -1.039702963180292e+000  -3.985179061399836e-001   4.371586433265971e-002
 3.285687261146499e+000  -1.039690116414616e+000  -3.985340731023963e-001   4.365623589402062e-002
 3.298372611464970e+000  -1.039660578083819e+000  -3.985712048951852e-001   4.358865909566945e-002
 3.311057961783442e+000  -1.039611674779494e+000  -3.986381108352103e-001   4.350924957070691e-002
 3.323743312101913e+000  -1.039536755637396e+000  -3.987447819886763e-001   4.341381348172105e-002
 3.336428662420385e+000  -1.039425296291331e+000  -3.989023646544120e-001   4.329930988134809e-002
 3.349114012738856e+000  -1.039265542172482e+000  -3.991211495937390e-001   4.316467642376884e-002
 3.361799363057327e+000  -1.039048753615664e+000  -3.994048776856334e-001   4.301064323541971e-002
 3.374484713375799e+000  -1.038770617751596e+000  -3.997475881454213e-001   4.283740353516063e-002
 3.387170063694270e+000  -1.038429884434140e+000  -4.001358207376446e-001   4.264228583868270e-002
 3.399855414012742e+000  -1.038027236615570e+000  -4.005517772899465e-001   4.241891692546473e-002
 3.412540764331213e+000  -1.037562370084559e+000  -4.009755100171159e-001   4.215757006546071e-002
 3.425226114649684e+000  -1.037028928555455e+000  -4.013868517974190e-001   4.184883479884831e-002
 3.437911464968156e+000  -1.036409593818703e+000  -4.017687642550084e-001   4.149263810259621e-002
 3.450596815286627e+000  -1.035669903893420e+000  -4.021105912894518e-001   4.111075681209944e-002
 3.463282165605099e+000  -1.034748152566081e+000  -4.024103344944368e-001   4.075751226437154e-002
 3.475967515923570e+000  -1.033541566240553e+000  -4.026775938501217e-001   4.052590346900128e-002
 3.488652866242041e+000  -1.031894290880423e+000  -4.029360968478317e-001   4.054878977602304e-002
 3.501338216560513e+000  -1.029586858323924e+000  -4.032239223842354e-001   4.099661375504275e-002
 3.514023566878984e+000  -1.026326385831702e+000  -4.035916102762680e-001   4.206783797523900e-002
 3.526708917197456e+000  -1.021738959862821e+000  -4.040967281246786e-001   4.396641710683385e-002
 3.539394267515927e+000  -1.015373896564694e+000  -4.047910319027968e-001   4.685833866995116e-002
 3.552079617834398e+000  -1.006724406408166e+000  -4.057041653216629e-001   5.081354989950151e-002
 3.564764968152870e+000  -9.952591165076815e-001  -4.068330962083466e-001   5.576812506947258e-002
 3.577450318471341e+000  -9.804588608709214e-001  -4.081409335320523e-001   6.153597857085134e-002
 3.590135668789813e+000  -9.618699193275501e-001  -4.095607486407334e-001   6.784964167945176e-002
 3.602821019108284e+000  -9.391760181737163e-001  -4.109978565381118e-001   7.439176088616790e-002
 3.615506369426755e+000  -9.122683500774589e-001  -4.123308055419271e-001   8.081037441183094e-002
 3.628191719745227e+000  -8.812766793611497e-001  -4.134288722179922e-001   8.673625520405537e-002
 3.640877070063698e+000  -8.465401198854031e-001  -4.141869144791223e-001   9.181892703810125e-002
 3.653562420382170e+000  -8.085212409613931e-001  -4.145485121488253e-001   9.577280821141408e-002
 3.666247770700641e+000  -7.677078700203743e-001  -4.145145256048326e-001   9.841434741895501e-002
 3.678933121019112e+000  -7.245460426464272e-001  -4.141460779313763e-001   9.967540683455374e-002
 3.691618471337584e+000  -6.794155546823137e-001  -4.135570569605699e-001   9.959491590525726e-002
 3.704303821656055e+000  -6.326319411769260e-001  -4.128914775642927e-001   9.829683113950270e-002
 3.716989171974527e+000  -5.844562473800321e-001  -4.122946336729825e-001   9.596949600388680e-002
 3.729674522292998e+000  -5.351092926395437e-001  -4.118861419100277e-001   9.284581485153362e-002
 3.742359872611469e+000  -4.847868670721379e-001  -4.117418929406363e-001   8.918502708973322e-002
 3.755045222929941e+000  -4.336685638176354e-001  -4.118900396415589e-001   8.526171570696214e-002
 3.767730573248412e+000  -3.819188995148036e-001  -4.123185928297466e-001   8.136313813085927e-002
 3.780415923566884e+000  -3.296973424802243e-001  -4.129911344534601e-001   7.778583965507459e-002
 3.793101273885355e+000  -2.771840668444506e-001  -4.138634366976411e-001   7.482649486311674e-002
 3.805786624203826e+000  -2.246079912053449e-001  -4.148963391019203e-001   7.276841486009461e-002
 3.818471974522298e+000  -1.722628681876246e-001  -4.160588425418956e-001   7.186755223950037e-002
 3.831157324840769e+000  -1.205115075097133e-001  -4.173181121578481e-001   7.233429374602957e-002
 3.843842675159241e+000  -6.978378268188107e-002  -4.186261493562357e-001   7.430370091360654e-002
 3.856528025477712e+000  -2.056413020756733e-002  -4.199118572044386e-001   7.779940663261011e-002
 3.869213375796183e+000   2.663579273133929e-002  -4.210779149265857e-001   8.270320849749475e-002
 3.881898726114655e+000   7.131283436432809e-002  -4.220024533556208e-001   8.873709017931776e-002
 3.894584076433126e+000   1.130047650491721e-001  -4.225492090249410e-001   9.546871543079265e-002
 3.907269426751598e+000   1.513167051577984e-001  -4.225859186365072e-001   1.023466769143881e-001
 3.919954777070069e+000   1.859422180435255e-001  -4.220056063701918e-001   1.087584869038867e-001
 3.932640127388540e+000   2.166825836195150e-001  -4.207455420006582e-001   1.140956787343096e-001
 3.945325477707012e+000   2.434617999871728e-001  -4.187979885393714e-001   1.178170501235274e-001
 3.958010828025483e+000   2.663389699722152e-001  -4.162114789890278e-001   1.195091501175239e-001
 3.970696178343955e+000   2.855114768485293e-001  -4.130841319574925e-001   1.189363968038063e-001
 3.983381528662426e+000   3.013079957793260e-001  -4.095557559236775e-001   1.160769602729737e-001
 3.996066878980897e+000   3.141641267634202e-001  -4.057995152188277e-001   1.111293248434826e-001
 4.008752229299368e+000   3.245796076710700e-001  -4.020109717997907e-001   1.044910647507423e-001
 4.021437579617840e+000   3.330498078090174e-001  -3.983900037095323e-001   9.670697575723621e-002
 4.034122929936311e+000   3.399802882959959e-001  -3.951144470548743e-001   8.839558437055267e-002
 4.046808280254783e+000   3.456352949827299e-001  -3.923108692654959e-001   8.015718764426993e-002
 4.059493630573254e+000   3.501756809993906e-001  -3.900356792168942e-001   7.249610941287835e-002
 4.072178980891725e+000   3.537370636270280e-001  -3.882751965182124e-001   6.578280635695140e-002
 4.084864331210197e+000   3.564603372475683e-001  -3.869641047805938e-001   6.023530760033592e-002
 4.097549681528668e+000   3.584830443447295e-001  -3.860180548234872e-001   5.591439666491800e-002
 4.110235031847140e+000   3.599331188195072e-001  -3.853603110739819e-001   5.274567103097477e-002
 4.122920382165611e+000   3.609306558455573e-001  -3.849283455044599e-001   5.056749023474666e-002
 4.135605732484082e+000   3.615862416798690e-001  -3.846698690684737e-001   4.918075100176812e-002
 4.148291082802554e+000   3.619965766733229e-001  -3.845424156234972e-001   4.838510561988376e-002
 4.160976433121025e+000   3.622415225561738e-001  -3.845142203405386e-001   4.799972926363726e-002
 4.173661783439497e+000   3.623836133914903e-001  -3.845637558333354e-001   4.787364288245568e-002
 4.186347133757968e+000   3.624693859163422e-001  -3.846778633278640e-001   4.788994347305606e-002
 4.199032484076439e+000   3.625309462026033e-001  -3.848479269849179e-001   4.796580105985519e-002
 4.211717834394911e+000   3.625888946845174e-001  -3.850662946984808e-001   4.804826520017728e-002
 4.224403184713382e+000   3.626553219822578e-001  -3.853241896528546e-001   4.810928343871535e-002
 4.237088535031854e+000   3.627347385562700e-001  -3.856111540802424e-001   4.813983757551571e-002
 4.249773885350325e+000   3.628250019371813e-001  -3.859161776495436e-001   4.814335737301884e-002
 4.262459235668796e+000   3.629206677791083e-001  -3.862289204763143e-001   4.812876789464279e-002
 4.275144585987268e+000   3.630164890994386e-001  -3.865395898919209e-001   4.810376526451440e-002
 4.287829936305739e+000   3.631087369366072e-001  -3.868374963461053e-001   4.806953247448708e-002
 4.300515286624211e+000   3.631942820624439e-001  -3.871091435833184e-001   4.801878282487707e-002
 4.313200636942682e+000   3.632684910066824e-001  -3.873397681165551e-001   4.793983732025142e-002
 4.325885987261153e+000   3.633258141147582e-001  -3.875206165529293e-001   4.782799281217656e-002
 4.338571337579625e+000   3.633641294191242e-001  -3.876522202934823e-001   4.769253973686952e-002
 4.351256687898096e+000   3.633858822148643e-001  -3.877385301923029e-001   4.754840950709888e-002
 4.363942038216568e+000   3.633965362031683e-001  -3.877834063488199e-001   4.740887248909209e-002
 4.376627388535039e+000   3.634035211401157e-001  -3.877919638494432e-001   4.728666588475945e-002
 4.389312738853510e+000   3.634124053004799e-001  -3.877697912495901e-001   4.719015424365620e-002
 4.401998089171982e+000   3.634238248703487e-001  -3.877221003546602e-001   4.711879086754420e-002
 4.414683439490453e+000   3.634360443280354e-001  -3.876557060951405e-001   4.706725574514402e-002
 4.427368789808925e+000   3.634488082415626e-001  -3.875801943616624e-001   4.703059534665623e-002
 4.440054140127396e+000   3.634652183274100e-001  -3.875082223600394e-001   4.700645510751717e-002
 4.452739490445867e+000   3.634913280275189e-001  -3.874554454531555e-001   4.699513998731135e-002
 4.465424840764339e+000   3.635346278805937e-001  -3.874365404658809e-001   4.699634047383170e-002
 4.478110191082810e+000   3.636033440597047e-001  -3.874610607803178e-001   4.700618269796222e-002
 4.490795541401282e+000   3.637063908941280e-001  -3.875340985833308e-001   4.701792496927021e-002
 4.503480891719753e+000   3.638519437313803e-001  -3.876582994510317e-001   4.702315924028012e-002
 4.516166242038224e+000   3.640450699427936e-001  -3.878345542110867e-001   4.701137768585852e-002
 4.528851592356696e+000   3.642861864725725e-001  -3.880614203041751e-001   4.696965687379790e-002
 4.541536942675167e+000   3.645711645859810e-001  -3.883334409708819e-001   4.688467338859444e-002
 4.554222292993639e+000   3.648932780678466e-001  -3.886394506882491e-001   4.674553758716762e-002
 4.566907643312110e+000   3.652461927449596e-001  -3.889623326330188e-001   4.654505052579264e-002
 4.579592993630581e+000   3.656282159922161e-001  -3.892805250384754e-001   4.628040096891019e-002
 4.592278343949053e+000   3.660484984715561e-001  -3.895702848279820e-001   4.595632459035592e-002
 4.604963694267524e+000   3.665355132837407e-001  -3.898098474540708e-001   4.559160519383704e-002
 4.617649044585996e+000   3.671479036586420e-001  -3.899857956475525e-001   4.522715180906947e-002
 4.630334394904467e+000   3.679865445741102e-001  -3.901015757136926e-001   4.493207220880278e-002
 4.643019745222938e+000   3.692105070901414e-001  -3.901884933918695e-001   4.480896421235240e-002
 4.655705095541410e+000   3.710567448832512e-001  -3.903137841293140e-001   4.499924478431322e-002
 4.668390445859881e+000   3.738622859020745e-001  -3.905814798289507e-001   4.568501055938955e-002
 4.681075796178353e+000   3.780833110933027e-001  -3.911243515126102e-001   4.707776558026845e-002
 4.693761146496824e+000   3.842990385258336e-001  -3.920891313016198e-001   4.938476015268188e-002
 4.706446496815295e+000   3.931833708514620e-001  -3.936225323150693e-001   5.275299546591209e-002
 4.719131847133767e+000   4.054489797101185e-001  -3.958549420672114e-001   5.721431839663994e-002
 4.731817197452238e+000   4.217763150851501e-001  -3.988723957400786e-001   6.266489082910964e-002
 4.744502547770710e+000   4.427229748754021e-001  -4.026852807299373e-001   6.888315201443782e-002
 4.757187898089181e+000   4.685921506983155e-001  -4.071964115463272e-001   7.555509214630196e-002
 4.769873248407652e+000   4.992707225434969e-001  -4.121587881177024e-001   8.229520400113675e-002
 4.782558598726124e+000   5.340593534756278e-001  -4.171274519106832e-001   8.866767715170383e-002
 4.795243949044595e+000   5.715318469595757e-001  -4.214263170696609e-001   9.420964117447794e-002
 4.807929299363067e+000   6.094209252486861e-001  -4.241173881557682e-001   9.845844731760539e-002
 4.820614649681538e+000   6.445577346782420e-001  -4.239776061565872e-001   1.009810108861748e-001
 4.833300000000009e+000   6.728620134185852e-001  -4.195001599639032e-001   1.013985990674655e-001
