Main.Studies.MarkerTracking.t,Main.Studies.MarkerTracking.JointAngleOutputs.OutputFile6.SternoClavicularProtraction,Main.Studies.MarkerTracking.JointAngleOutputs.OutputFile6.SternoClavicularElevation,Main.Studies.MarkerTracking.JointAngleOutputs.OutputFile6.SternoClavicularAxialRotation,Main.Studies.MarkerTracking.JointAngleOutputs.OutputFile6.GlenohumeralFlexion,Main.Studies.MarkerTracking.JointAngleOutputs.OutputFile6.GlenohumeralExternalRotation,Main.Studies.MarkerTracking.JointAngleOutputs.OutputFile6.GlenohumeralAbduction,Main.Studies.MarkerTracking.JointAngleOutputs.OutputFile6.ElbowFlexion,Main.Studies.MarkerTracking.JointAngleOutputs.OutputFile6.ElbowPronation,Main.Studies.MarkerTracking.JointAngleOutputs.OutputFile6.WristFlexion,Main.Studies.MarkerTracking.JointAngleOutputs.OutputFile6.WristAbduction
 7.500600000000000e+000,-4.989963145682318e-001, 1.656641930952330e-001,-5.917730019792941e-001, 4.762239573878446e-003, 6.532332271355963e-002, 3.717114314843829e-002, 2.323823111933550e-001, 4.193899124074276e-001, 5.333780124057999e-001, 3.519516167237548e-001
 7.504766999999999e+000,-4.987626349207512e-001, 1.648436544436280e-001,-5.935104452738788e-001, 3.962971039275232e-003, 6.544465929854462e-002, 3.763212096694592e-002, 2.286689317554818e-001, 4.192822492281648e-001, 5.332810719661318e-001, 3.505286824530425e-001
 7.508933999999999e+000,-4.985137832268690e-001, 1.639906785875172e-001,-5.953184518573825e-001, 3.242310500423562e-003, 6.550556140117557e-002, 3.813121217612351e-002, 2.249366073605209e-001, 4.192325733957975e-001, 5.330618197583532e-001, 3.490443612444034e-001
 7.513101000000000e+000,-4.982474431963671e-001, 1.631080003790553e-001,-5.971959219706806e-001, 2.603596531071117e-003, 6.549247678382814e-002, 3.866826010319496e-002, 2.211949023198215e-001, 4.192302308447339e-001, 5.327207460251104e-001, 3.474953166810833e-001
 7.517268000000000e+000,-4.979677908888991e-001, 1.621995784811046e-001,-5.991363676390409e-001, 2.053435892030331e-003, 6.540917203233208e-002, 3.924332487335801e-002, 2.174427759413845e-001, 4.192844035945749e-001, 5.322558251707488e-001, 3.458826341020954e-001
 7.521434999999999e+000,-4.976690304030413e-001, 1.612681426475202e-001,-6.011392075873996e-001, 1.591885130194148e-003, 6.522839811712812e-002, 3.985570680705254e-002, 2.136976707731612e-001, 4.193657254315748e-001, 5.316720970734847e-001, 3.441999465467832e-001
 7.525601999999999e+000,-4.973553804530907e-001, 1.603186782561539e-001,-6.031958062470592e-001, 1.225065526323510e-003, 6.495305828548827e-002, 4.050465258298795e-002, 2.099608201277878e-001, 4.194806704309643e-001, 5.309697089702103e-001, 3.424496111138800e-001
 7.529768999999999e+000,-4.970277643550610e-001, 1.593555878621118e-001,-6.052998830641799e-001, 9.566866450871903e-004, 6.457657384642662e-002, 4.118918846096425e-002, 2.062377727088079e-001, 4.196235293222280e-001, 5.301513309499812e-001, 3.406313842047196e-001
 7.533936000000000e+000,-4.966872515194808e-001, 1.583838941493756e-001,-6.074437671372479e-001, 7.903224166638800e-004, 6.409291707413373e-002, 4.190775981157632e-002, 2.025357498797321e-001, 4.197882435209728e-001, 5.292207260821638e-001, 3.387462110752120e-001
 7.538103000000000e+000,-4.963348156607658e-001, 1.574085344458893e-001,-6.096198800364125e-001, 7.292136556720230e-004, 6.349658346821172e-002, 4.265867438453684e-002, 1.988612772014055e-001, 4.199687333387679e-001, 5.281821729843834e-001, 3.367949744564368e-001
 7.542269999999999e+000,-4.959715068699702e-001, 1.564348583171760e-001,-6.118195713928527e-001, 7.763620804657201e-004, 6.278312297315511e-002, 4.343967212458263e-002, 1.952225447358810e-001, 4.201590852292830e-001, 5.270409666383396e-001, 3.347795370101325e-001
 7.546436999999999e+000,-4.955981900086037e-001, 1.554679030570525e-001,-6.140346655591165e-001, 9.345010907151341e-004, 6.194902736953502e-002, 4.424841820292597e-002, 1.916272135623425e-001, 4.203540166832201e-001, 5.258026738686228e-001, 3.327013599106753e-001
 7.550604000000000e+000,-4.952157144303790e-001, 1.545128388033343e-001,-6.162563757938492e-001, 1.206094600747276e-003, 6.099242832993250e-002, 4.508207672601140e-002, 1.880847207703512e-001, 4.205491676248645e-001, 5.244736903465634e-001, 3.305624887271476e-001
 7.554771000000000e+000,-4.948248108632468e-001, 1.535746394560129e-001,-6.184759331715388e-001, 1.593288517940827e-003, 5.991338285507328e-002, 4.593747545714177e-002, 1.846057609865334e-001, 4.207415992030845e-001, 5.230609908416248e-001, 3.283650038158371e-001
 7.558938000000000e+000,-4.944258788280156e-001, 1.526575365147684e-001,-6.206857866973806e-001, 2.098129690981887e-003, 5.871371883809860e-002, 4.681153217753750e-002, 1.812009866049726e-001, 4.209303611835777e-001, 5.215714148727706e-001, 3.261098285562207e-001
 7.563104999999999e+000,-4.940192294631972e-001, 1.517655767221795e-001,-6.228782278647845e-001, 2.722309590874605e-003, 5.739810502753538e-002, 4.770070758965683e-002, 1.778836555087577e-001, 4.211167840022020e-001, 5.200126570633099e-001, 3.237981136016148e-001
 7.567271999999999e+000,-4.936047990489464e-001, 1.509019592958796e-001,-6.250469900158778e-001, 3.467504654606657e-003, 5.597351673082382e-002, 4.860164926756588e-002, 1.746674900457292e-001, 4.213049522851300e-001, 5.183923591384017e-001, 3.214296637885104e-001
 7.571439000000000e+000,-4.931805690405111e-001, 1.500690506982363e-001,-6.271863855301190e-001, 4.332893523149473e-003, 5.443990202229115e-002, 4.951084875089448e-002, 1.715749753888333e-001, 4.214887399775464e-001, 5.167210727674938e-001, 3.190005060123424e-001
 7.575606000000000e+000,-4.927495051263771e-001, 1.492701608786085e-001,-6.292903703180913e-001, 5.323491025867932e-003, 5.282993760604832e-002, 5.042440265507414e-002, 1.686122287629209e-001, 4.217028244257682e-001, 5.150046301066222e-001, 3.165174638281590e-001
 7.579772999999999e+000,-4.923091876580009e-001, 1.485064014778528e-001,-6.313553491905186e-001, 6.438379484748458e-003, 5.115000228434166e-002, 5.133909149776332e-002, 1.658034734123197e-001, 4.219481671709878e-001, 5.132545887321900e-001, 3.139757968171502e-001
 7.583939999999999e+000,-4.918587427462049e-001, 1.477791178317078e-001,-6.333773731304614e-001, 7.677876256999117e-003, 4.941894424534567e-002, 5.225133238677982e-002, 1.631696284670437e-001, 4.222400252891539e-001, 5.114822864796587e-001, 3.113753146076749e-001
 7.588106999999999e+000,-4.913969926990448e-001, 1.470890108145988e-001,-6.353535907479191e-001, 9.042208682443098e-003, 4.765746298194235e-002, 5.315786067554928e-002, 1.607319367237354e-001, 4.225957679794020e-001, 5.096995498652643e-001, 3.087158573034463e-001
 7.592274000000000e+000,-4.909227607073759e-001, 1.464366344664523e-001,-6.372808505550088e-001, 1.053070787034049e-002, 4.588862537507625e-002, 5.405518149139800e-002, 1.585131212297715e-001, 4.230340038960778e-001, 5.079196954412599e-001, 3.059993703427033e-001
 7.596441000000000e+000,-4.904346453020951e-001, 1.458220850752849e-001,-6.391565716421904e-001, 1.214252559170403e-002, 4.413622145596360e-002, 5.494006228467563e-002, 1.565355448669976e-001, 4.235739254977344e-001, 5.061563889547820e-001, 3.032289389148791e-001
 7.600607999999999e+000,-4.899313292561287e-001, 1.452454703647910e-001,-6.409773433835900e-001, 1.387575695084031e-002, 4.242503728918600e-002, 5.580898428411910e-002, 1.548220069843452e-001, 4.242341135047971e-001, 5.044244446439978e-001, 3.004108579887654e-001
 7.604774999999999e+000,-4.894115873459904e-001, 1.447069150664020e-001,-6.427388274663949e-001, 1.572744306116403e-002, 4.077987988598995e-002, 5.665818948629293e-002, 1.533948456018440e-001, 4.250314840965493e-001, 5.027393589689346e-001, 2.975548889400462e-001
 7.608941999999999e+000,-4.888740938778167e-001, 1.442064216772154e-001,-6.444362121166375e-001, 1.769438310346150e-002, 3.922407354965756e-002, 5.748400048597883e-002, 1.522748985579736e-001, 4.259806936651198e-001, 5.011162340367599e-001, 2.946733532427935e-001
 7.613109000000000e+000,-4.883178374979772e-001, 1.437443426517746e-001,-6.460626549152574e-001, 1.977179097899273e-002, 3.777992567164462e-002, 5.828215623240195e-002, 1.514821592724822e-001, 4.270927183417124e-001, 4.995706078929945e-001, 2.917834110057951e-001
 7.617276000000000e+000,-4.877418366484092e-001, 1.433211362641060e-001,-6.476100866447587e-001, 2.195446106870413e-002, 3.646712743466241e-002, 5.904827163401195e-002, 1.510347681701058e-001, 4.283746928961056e-001, 4.981170480439556e-001, 2.889053738524084e-001
 7.621442999999999e+000,-4.871454871959353e-001, 1.429376643361260e-001,-6.490681584564155e-001, 2.423563689710018e-002, 3.530300151554446e-002, 5.977737228288865e-002, 1.509492392841759e-001, 4.298287708452093e-001, 4.967695600233033e-001, 2.860641621028825e-001
 7.625609999999999e+000,-4.865282661054773e-001, 1.425949651652563e-001,-6.504250618303562e-001, 2.660830288584615e-002, 3.430129982059455e-002, 6.046432992337266e-002, 1.512401110863797e-001, 4.314525173532013e-001, 4.955403154498459e-001, 2.832873390326272e-001
 7.629777000000000e+000,-4.858900608507131e-001, 1.422944364596659e-001,-6.516668295940129e-001, 2.906413055555635e-002, 3.347245848926998e-002, 6.110351891193033e-002, 1.519200122812507e-001, 4.332380688398220e-001, 4.944398917891077e-001, 2.806060442209167e-001
 7.633944000000000e+000,-4.852311609194448e-001, 1.420377189061166e-001,-6.527777229337690e-001, 3.159371977044878e-002, 3.282307787685359e-002, 6.168898000533971e-002, 1.529993734819030e-001, 4.351721646060184e-001, 4.934766031784768e-001, 2.780540016490302e-001
 7.638110999999999e+000,-4.845519604187007e-001, 1.418264958869566e-001,-6.537410490862895e-001, 3.418796991183926e-002, 3.235541554714476e-002, 6.221479593852847e-002, 1.544870460280542e-001, 4.372372988338582e-001, 4.926556182893336e-001, 2.756654799880218e-001
 7.642277999999999e+000,-4.838534400866044e-001, 1.416625740194957e-001,-6.545387629283269e-001, 3.683647196152817e-002, 3.206773717317499e-002, 6.267479969592064e-002, 1.563896605920427e-001, 4.394107349403954e-001, 4.919792633487985e-001, 2.734761967295544e-001
 7.646444999999999e+000,-4.831367719616206e-001, 1.415476300448735e-001,-6.551525383056993e-001, 3.952923747503023e-002, 3.195395481464156e-002, 6.306304260209225e-002, 1.587126002651123e-001, 4.416661980272077e-001, 4.914461828276142e-001, 2.715209093181207e-001
 7.650612000000000e+000,-4.824036639931864e-001, 1.414831707062967e-001,-6.555638948777535e-001, 4.225560023283559e-002, 3.200385431752723e-002, 6.337371811002962e-002, 1.614592855310745e-001, 4.439734514271557e-001, 4.910514396353660e-001, 2.698335416472624e-001
 7.654779000000000e+000,-4.816563290313951e-001, 1.414703519525420e-001,-6.557550030222028e-001, 4.500451674778305e-002, 3.220308604183889e-002, 6.360141935419975e-002, 1.646310914453417e-001, 4.462990871830747e-001, 4.907862076148142e-001, 2.684458688459862e-001
 7.658945999999999e+000,-4.808970946037459e-001, 1.415098501812748e-001,-6.557094018351770e-001, 4.776610832585870e-002, 3.253351691902948e-002, 6.374142222007534e-002, 1.682290907015736e-001, 4.486085008686224e-001, 4.906376008809921e-001, 2.673858828465491e-001
 7.663112999999999e+000,-4.801288870086597e-001, 1.416017646121606e-001,-6.554124794716300e-001, 5.052992669225342e-002, 3.297345739090959e-002, 6.378968826960584e-002, 1.722520293323470e-001, 4.508651832396713e-001, 4.905889272875639e-001, 2.666778868258977e-001
 7.667279999999999e+000,-4.793547488289151e-001, 1.417455379146611e-001,-6.548520908035641e-001, 5.328667343257010e-002, 3.349824287357357e-002, 6.374311405752814e-002, 1.766984344441497e-001, 4.530329512636868e-001, 4.906197487784230e-001, 2.663410232467899e-001
 7.671447000000000e+000,-4.785781598018619e-001, 1.419398450027689e-001,-6.540192587768590e-001, 5.602693790756308e-002, 3.408054694159316e-002, 6.359964032181617e-002, 1.815646863753760e-001, 4.550757786600204e-001, 4.907062091643208e-001, 2.663889313201475e-001
 7.675614000000000e+000,-4.778025510619163e-001, 1.421826367156205e-001,-6.529083281126016e-001, 5.874273385499262e-002, 3.469123358951094e-002, 6.335832679326414e-002, 1.868474406597265e-001, 4.569598280288740e-001, 4.908214743141266e-001, 2.668290417089923e-001
 7.679780999999999e+000,-4.770315541477929e-001, 1.424710677930319e-001,-6.515176198754322e-001, 6.142636828463299e-002, 3.529975950476945e-002, 6.301946376630481e-002, 1.925416350864084e-001, 4.586533991791412e-001, 4.909362450810768e-001, 2.676622663574586e-001
 7.683947999999999e+000,-4.762688718672942e-001, 1.428015038382038e-001,-6.498498496630047e-001, 6.407060330184256e-002, 3.587486325048894e-002, 6.258467944060128e-002, 1.986403447367637e-001, 4.601279217238896e-001, 4.910194049233647e-001, 2.688824969442357e-001
 7.688115000000000e+000,-4.755177742592018e-001, 1.431697675620023e-001,-6.479113342256329e-001, 6.667006941002640e-002, 3.638556345466495e-002, 6.205670848147234e-002, 2.051379757166575e-001, 4.613594029204735e-001, 4.910388174215901e-001, 2.704772594190295e-001
 7.692282000000000e+000,-4.747815133569128e-001, 1.435710241240304e-001,-6.457130106527249e-001, 6.921949214873813e-002, 3.680144581737193e-002, 6.143963168911523e-002, 2.120261851081861e-001, 4.623279412991679e-001, 4.909620758195188e-001, 2.724271648141827e-001
 7.696448999999999e+000,-4.740628051639715e-001, 1.440001050694555e-001,-6.432691763095556e-001, 7.171516609117346e-002, 3.709357376203714e-002, 6.073851767087057e-002, 2.192974580149397e-001, 4.630188163397310e-001, 4.907573449991793e-001, 2.747071559167026e-001
 7.700615999999999e+000,-4.733640623831088e-001, 1.444514846984248e-001,-6.405980093955561e-001, 7.415387298987652e-002, 3.723486608649489e-002, 5.995955188929752e-002, 2.269422727844478e-001, 4.634222423299588e-001, 4.903941928714595e-001, 2.772863561552393e-001
 7.704782999999999e+000,-4.726873200251261e-001, 1.449194038847004e-001,-6.377212996339451e-001, 7.653290472689833e-002, 3.720070921251736e-002, 5.910996151682107e-002, 2.349487298488107e-001, 4.635336409428741e-001, 4.898445029590048e-001, 2.801285660409905e-001
 7.708950000000000e+000,-4.720354911071364e-001, 1.453985262270012e-001,-6.346614321231097e-001, 7.885267780345751e-002, 3.697590655322366e-002, 5.819716908534389e-002, 2.433025531453824e-001, 4.633617205365470e-001, 4.890817392276485e-001, 2.831976147533116e-001
 7.713117000000000e+000,-4.714059272572816e-001, 1.458826630792385e-001,-6.314465098352110e-001, 8.110927536097901e-002, 3.652750771202717e-002, 5.723011403246341e-002, 2.519991277046972e-001, 4.628939282423216e-001, 4.880868266847132e-001, 2.864441658914594e-001
 7.717283999999999e+000,-4.708008776783207e-001, 1.463668862206191e-001,-6.281021137495254e-001, 8.330478647914363e-002, 3.584821509556762e-002, 5.621713415190065e-002, 2.610203993014230e-001, 4.621498551166869e-001, 4.868404809893603e-001, 2.898276523314177e-001
 7.721450999999999e+000,-4.702202787503242e-001, 1.468462012476479e-001,-6.246562240666339e-001, 8.543982419539198e-002, 3.492630235754111e-002, 5.516721078653016e-002, 2.703501009310905e-001, 4.611431554262691e-001, 4.853294684977403e-001, 2.933024165398467e-001
 7.725617999999999e+000,-4.696613224389546e-001, 1.473157225678368e-001,-6.211362449195705e-001, 8.751379274439586e-002, 3.373987048132628e-002, 5.408950538725617e-002, 2.799794944585534e-001, 4.598709560014240e-001, 4.835493161993938e-001, 2.968219611669702e-001
 7.729785000000000e+000,-4.691278639535155e-001, 1.477724933475095e-001,-6.175684529590388e-001, 8.953400229992603e-002, 3.231336014881756e-002, 5.299173444702018e-002, 2.898761988905675e-001, 4.583957036974060e-001, 4.814860848947165e-001, 3.003468701283493e-001
 7.733952000000000e+000,-4.686161343776897e-001, 1.482124706903869e-001,-6.139796468465102e-001, 9.149983623101243e-002, 3.062894203058934e-002, 5.188296000331117e-002, 3.000276599334765e-001, 4.567158244357467e-001, 4.791458381510023e-001, 3.038321275368754e-001
 7.738118999999999e+000,-4.681246264491209e-001, 1.486329498161911e-001,-6.103933119820021e-001, 9.341484226811003e-002, 2.868771629780874e-002, 5.077085687934235e-002, 3.104157754662610e-001, 4.548545201552942e-001, 4.765328505152189e-001, 3.072396319613966e-001
 7.742285999999999e+000,-4.676518442957814e-001, 1.490317109414152e-001,-6.068320021138836e-001, 9.528244520963258e-002, 2.649402363628437e-002, 4.966285339497686e-002, 3.210187126211558e-001, 4.528364877508583e-001, 4.736560404629726e-001, 3.105338760208968e-001
 7.746452999999999e+000,-4.671961243454945e-001, 1.494072276102814e-001,-6.033152701478186e-001, 9.710686149551129e-002, 2.405417630758127e-002, 4.856549130897942e-002, 3.318163121062432e-001, 4.506864433427169e-001, 4.705272723826273e-001, 3.136842084965819e-001
 7.750620000000000e+000,-4.667558711900565e-001, 1.497585007920061e-001,-5.998607503075735e-001, 9.889236791050116e-002, 2.137680874549021e-002, 4.748475756403952e-002, 3.427866401615027e-001, 4.484292621565385e-001, 4.671618099616013e-001, 3.166640467714868e-001
 7.754786999999999e+000,-4.663296317837953e-001, 1.500850189361827e-001,-5.964842576391680e-001, 1.006431405134862e-001, 1.847285062830906e-002, 4.642610987706216e-002, 3.539053620219086e-001, 4.460897147052303e-001, 4.635781900264329e-001, 3.194510536996562e-001
 7.758953999999999e+000,-4.659159066279760e-001, 1.503868957354033e-001,-5.931979111145641e-001, 1.023641459242006e-001, 1.535358623907127e-002, 4.539387775053275e-002, 3.651520665942760e-001, 4.436907537755836e-001, 4.597957425840420e-001, 3.220288101738943e-001
 7.763120999999999e+000,-4.655134625068454e-001, 1.506646017515620e-001,-5.900123868755978e-001, 1.040599369419246e-001, 1.203213395222296e-002, 4.439195598728998e-002, 3.765033591768574e-001, 4.412546568381774e-001, 4.558363222098172e-001, 3.243849449332324e-001
 7.767288000000000e+000,-4.651211594576757e-001, 1.509190516187988e-001,-5.869354946627465e-001, 1.057353962375980e-001, 8.521735201432642e-003, 4.342334554621537e-002, 3.879382644399650e-001, 4.388016602923504e-001, 4.517220975537710e-001, 3.265122078451129e-001
 7.771455000000000e+000,-4.647397057622655e-001, 1.511515992018577e-001,-5.839724079140513e-001, 1.073957293874384e-001, 4.839501258637996e-003, 4.249006428978094e-002, 3.994303762211482e-001, 4.363517711060221e-001, 4.474779959889892e-001, 3.284127421069948e-001
 7.775621999999999e+000,-4.643649079112194e-001, 1.513633953458398e-001,-5.811294771040072e-001, 1.090440118067679e-001, 9.931418032729030e-004, 4.159498759184369e-002, 4.109676605309152e-001, 4.339185668748307e-001, 4.431242896084564e-001, 3.300759984722255e-001
 7.779788999999999e+000,-4.639981288481465e-001, 1.515563200292223e-001,-5.784078425764146e-001, 1.106855604786443e-001,-2.999262061164131e-003, 4.073875899192596e-002, 4.225251827772573e-001, 4.315191243320565e-001, 4.386854775618154e-001, 3.315127264447595e-001
 7.783955999999999e+000,-4.636390706446490e-001, 1.517321781462591e-001,-5.758090515553143e-001, 1.123241682978469e-001,-7.122596705214842e-003, 3.992232455468421e-002, 4.340808682914351e-001, 4.291667437565356e-001, 4.341853117132262e-001, 3.327302606139728e-001
 7.788123000000000e+000,-4.632874726909642e-001, 1.518929533451463e-001,-5.733323954776789e-001, 1.139639550543323e-001,-1.136339286980621e-002, 3.914588548291881e-002, 4.456176307256953e-001, 4.268718795070708e-001, 4.296452817799503e-001, 3.337390755658108e-001
 7.792290000000000e+000,-4.629433236149156e-001, 1.520406558485474e-001,-5.709767404439042e-001, 1.156083084303821e-001,-1.570739310131760e-002, 3.840947646716316e-002, 4.571162459016108e-001, 4.246436501903777e-001, 4.250872249070297e-001, 3.345514860670771e-001
 7.796456999999999e+000,-4.626066951621717e-001, 1.521773641546713e-001,-5.687395963128140e-001, 1.172605617781737e-001,-2.014142479598455e-002, 3.771268262395193e-002, 4.685603797394990e-001, 4.224889029692766e-001, 4.205312575012821e-001, 3.351816572051832e-001
 7.800623999999999e+000,-4.622778473927007e-001, 1.523051470170742e-001,-5.666180960015987e-001, 1.189233957732689e-001,-2.465192962202100e-002, 3.705495903593547e-002, 4.799326146714653e-001, 4.204130969818948e-001, 4.159972780378796e-001, 3.356448497013567e-001
 7.804790999999999e+000,-4.619570959897543e-001, 1.524260915175795e-001,-5.646083414032139e-001, 1.205994120050327e-001,-2.922655588982300e-002, 3.643544528427949e-002, 4.912185412893032e-001, 4.184196776393831e-001, 4.115033106399351e-001, 3.359572090315922e-001
 7.808958000000000e+000,-4.616448861666571e-001, 1.525422508033667e-001,-5.627061141345624e-001, 1.222906933673460e-001,-3.385299180531454e-002, 3.585320572922914e-002, 5.024037785360567e-001, 4.165107980851714e-001, 4.070666912351555e-001, 3.361352044060963e-001
 7.813124999999999e+000,-4.613418162030648e-001, 1.526556166322912e-001,-5.609071783623291e-001, 1.239985647692310e-001,-3.851829312190198e-002, 3.530733803549951e-002, 5.134725286274322e-001, 4.146876819313244e-001, 4.027046394005662e-001, 3.361953251623555e-001
 7.817291999999999e+000,-4.610484466334413e-001, 1.527681708218212e-001,-5.592063157194377e-001, 1.257245786271397e-001,-4.321155897572481e-002, 3.479669440390566e-002, 5.244140052091098e-001, 4.129496887598470e-001, 3.984317252412790e-001, 3.361538151622545e-001
 7.821458999999999e+000,-4.607654682713425e-001, 1.528818032908639e-001,-5.575985142577054e-001, 1.274695042498442e-001,-4.792114735416676e-002, 3.432025287427609e-002, 5.352157832105315e-001, 4.112955402892504e-001, 3.942625124749117e-001, 3.360263326208015e-001
 7.825626000000000e+000,-4.604935666605928e-001, 1.529983475100845e-001,-5.560783153079542e-001, 1.292340383422856e-001,-5.263659089253515e-002, 3.387692620057497e-002, 5.458682948507443e-001, 4.097226660891439e-001, 3.902098191946619e-001, 3.358277531481109e-001
 7.829793000000000e+000,-4.602334731587092e-001, 1.531195450434451e-001,-5.546402552183029e-001, 1.310184241011343e-001,-5.734754699337481e-002, 3.346569500758993e-002, 5.563623398587450e-001, 4.082276494330693e-001, 3.862857072975807e-001, 3.355720214011945e-001
 7.833959999999999e+000,-4.599859842410844e-001, 1.532470132155974e-001,-5.532790966368840e-001, 1.328221657955870e-001,-6.204306581224128e-002, 3.308566527044689e-002, 5.666874789687659e-001, 4.068064563095072e-001, 3.825020515492374e-001, 3.352721065214114e-001
 7.838126999999999e+000,-4.597517974971957e-001, 1.533823063598914e-001,-5.519890551759069e-001, 1.346450923688825e-001,-6.671437195940869e-002, 3.273584072478499e-002, 5.768381024308795e-001, 4.054536038024439e-001, 3.788682991248795e-001, 3.349397524425761e-001
 7.842293999999999e+000,-4.595316412932217e-001, 1.535268313035632e-001,-5.507646564374926e-001, 1.364863292910452e-001,-7.135216192149793e-002, 3.241534925820242e-002, 5.868073462952994e-001, 4.041630164609180e-001, 3.753937303074142e-001, 3.345855868599102e-001
 7.846461000000000e+000,-4.593261686826995e-001, 1.536818828545203e-001,-5.496002782011296e-001, 1.383449856939167e-001,-7.594836521078864e-002, 3.212329826121175e-002, 5.965908494934441e-001, 4.029275144645597e-001, 3.720860998693363e-001, 3.342189800138606e-001
 7.850628000000000e+000,-4.591359989344745e-001, 1.538485892584081e-001,-5.484905315296234e-001, 1.402196693059097e-001,-8.049489224262847e-002, 3.185885347868030e-002, 6.061839682373029e-001, 4.017391998409733e-001, 3.689526067469502e-001, 3.338481229101784e-001
 7.854794999999999e+000,-4.589616423867658e-001, 1.540279427219242e-001,-5.474299714740514e-001, 1.421090423175748e-001,-8.498495563757048e-002, 3.162114771133034e-002, 6.155845155639782e-001, 4.005891626575073e-001, 3.659989773786470e-001, 3.334799257629473e-001
 7.858961999999999e+000,-4.588035239853241e-001, 1.542207595926715e-001,-5.464133583982291e-001, 1.440115073986532e-001,-8.941222064228033e-002, 3.140932981271311e-002, 6.247908873587351e-001, 3.994677960093638e-001, 3.632301233622641e-001, 3.331201087270869e-001
 7.863128999999999e+000,-4.586619949404599e-001, 1.544276256451123e-001,-5.454358793740878e-001, 1.459248517462874e-001,-9.376994925763965e-002, 3.122258988206198e-002, 6.338002612671819e-001, 3.983651148975040e-001, 3.606506392780311e-001, 3.327733070871478e-001
 7.867296000000000e+000,-4.585372370887368e-001, 1.546490073732461e-001,-5.444925974816886e-001, 1.478474044361473e-001,-9.805358206111968e-002, 3.106004104305334e-002, 6.426139031661986e-001, 3.972702385340678e-001, 3.582632641741139e-001, 3.324429124383257e-001
 7.871462999999999e+000,-4.584293432400305e-001, 1.548851385791124e-001,-5.435790486630295e-001, 1.497769957829809e-001,-1.022582466029988e-001, 3.092083540728055e-002, 6.512319589510286e-001, 3.961721731639933e-001, 3.560704537538910e-001, 3.321313424731933e-001
 7.875629999999999e+000,-4.583382731549063e-001, 1.551360944386320e-001,-5.426909413454809e-001, 1.517116254075932e-001,-1.063801747150913e-001, 3.080411047267994e-002, 6.596563560630770e-001, 3.950596112251850e-001, 3.540736147774986e-001, 3.318400196229079e-001
 7.879796999999999e+000,-4.582638761340367e-001, 1.554017659314273e-001,-5.418243238439604e-001, 1.536491962663633e-001,-1.104160015379344e-001, 3.070902474517638e-002, 6.678893479930802e-001, 3.939212840857503e-001, 3.522735654148426e-001, 3.315695223965932e-001
 7.883963999999999e+000,-4.582059036613357e-001, 1.556818019859163e-001,-5.409757901530243e-001, 1.555871014513521e-001,-1.143618371639381e-001, 3.063478029718671e-002, 6.759316393751363e-001, 3.927464424613375e-001, 3.506709285238832e-001, 3.313197372312585e-001
 7.888131000000000e+000,-4.581639741341694e-001, 1.559757819136773e-001,-5.401419853164539e-001, 1.575234045847294e-001,-1.182155841090394e-001, 3.058058320109803e-002, 6.837871422329551e-001, 3.915243963550891e-001, 3.492651817330035e-001, 3.310898081789938e-001
 7.892297999999999e+000,-4.581376133651184e-001, 1.562830808414488e-001,-5.393200862072234e-001, 1.594558122196639e-001,-1.219746990304178e-001, 3.054570178496343e-002, 6.914584499358167e-001, 3.902453544887423e-001, 3.480556658079355e-001, 3.308783920545339e-001
 7.896464999999999e+000,-4.581262437265892e-001, 1.566029665744466e-001,-5.385075554633337e-001, 1.613822677982120e-001,-1.256372952427698e-001, 3.052945488575574e-002, 6.989491267826332e-001, 3.889002635805951e-001, 3.470411668467683e-001, 3.306836984950915e-001
 7.900631999999999e+000,-4.581291933307983e-001, 1.569345502091601e-001,-5.377023114371468e-001, 1.633005767860878e-001,-1.292013274662383e-001, 3.053122574344094e-002, 7.062620775849838e-001, 3.874812343368496e-001, 3.462201828259821e-001, 3.305036430116629e-001
 7.904799000000000e+000,-4.581456988840618e-001, 1.572768654160075e-001,-5.369025556965525e-001, 1.652088194143793e-001,-1.326653072800209e-001, 3.055046340017508e-002, 7.134010401055779e-001, 3.859813906312972e-001, 3.455907185955944e-001, 3.303359191234139e-001
 7.908966000000000e+000,-4.581749141151316e-001, 1.576288494759113e-001,-5.361068514626005e-001, 1.671051521563365e-001,-1.360278652570027e-001, 3.058668953721422e-002, 7.203697124816263e-001, 3.843950906666336e-001, 3.451504141915252e-001, 3.301781345181957e-001
 7.913132999999999e+000,-4.582159041694368e-001, 1.579892628062640e-001,-5.353143156464377e-001, 1.689873219522866e-001,-1.392868902402905e-001, 3.063948376603953e-002, 7.271699639958511e-001, 3.827184301610824e-001, 3.448965630717826e-001, 3.300279531807454e-001
 7.917299999999999e+000,-4.582676758768650e-001, 1.583569200177462e-001,-5.345241212808919e-001, 1.708538079441129e-001,-1.424415181275749e-001, 3.070850996635420e-002, 7.338059716867860e-001, 3.809482926872806e-001, 3.448258542477891e-001, 3.298830924928541e-001
 7.921466999999999e+000,-4.583291706483260e-001, 1.587305262407575e-001,-5.337358850633897e-001, 1.727028446999985e-001,-1.454904026800610e-001, 3.079349559447485e-002, 7.402806348553745e-001, 3.790831655676983e-001, 3.449345504443206e-001, 3.297414809386349e-001
 7.925634000000000e+000,-4.583992878010775e-001, 1.591087914973242e-001,-5.329494318168812e-001, 1.745329080812850e-001,-1.484325602154799e-001, 3.089424602307531e-002, 7.465973420676030e-001, 3.771226557248031e-001, 3.452184038854589e-001, 3.296012852495469e-001
 7.929800999999999e+000,-4.584768938153608e-001, 1.594904264045365e-001,-5.321648220835520e-001, 1.763425721101253e-001,-1.512671281371045e-001, 3.101064231814437e-002, 7.527594721728312e-001, 3.750675328859603e-001, 3.456726698114134e-001, 3.294609695684240e-001
 7.933967999999999e+000,-4.585608092578112e-001, 1.598740530318965e-001,-5.313825474197813e-001, 1.781299897482180e-001,-1.539925944812380e-001, 3.114260244580621e-002, 7.587686857247548e-001, 3.729202684390436e-001, 3.462918960795347e-001, 3.293193661428590e-001
 7.938134999999999e+000,-4.586498703419887e-001, 1.602584579005577e-001,-5.306030257048502e-001, 1.798939771548584e-001,-1.566085037602644e-001, 3.129015444409698e-002, 7.646286366106092e-001, 3.706836732350743e-001, 3.470702161316412e-001, 3.291756100939551e-001
 7.942301999999999e+000,-4.587429004720628e-001, 1.606424226713366e-001,-5.298269613395448e-001, 1.816331099545883e-001,-1.591140711578576e-001, 3.145337655642106e-002, 7.703419379512673e-001, 3.683618005341560e-001, 3.480011150600826e-001, 3.290292178092313e-001
 7.946469000000000e+000,-4.588387398391982e-001, 1.610248266000700e-001,-5.290551444697299e-001, 1.833461125432887e-001,-1.615088014494664e-001, 3.163242467518002e-002, 7.759115062842218e-001, 3.659593407346639e-001, 3.490775695881112e-001, 3.288800493085580e-001
 7.950635999999999e+000,-4.589362427718119e-001, 1.614046134456002e-001,-5.282885250111058e-001, 1.850316330679733e-001,-1.637921862444013e-001, 3.182750903952578e-002, 7.813398454255881e-001, 3.634817771044218e-001, 3.502919473589297e-001, 3.287283070724673e-001
 7.954802999999999e+000,-4.590342990609725e-001, 1.617808538234280e-001,-5.275280918935973e-001, 1.866884564950542e-001,-1.659640229035746e-001, 3.203891396412530e-002, 7.866297574186759e-001, 3.609349380819714e-001, 3.516361783066033e-001, 3.285744944465302e-001
 7.958969999999999e+000,-4.591318396350066e-001, 1.621527458749577e-001,-5.267748760631624e-001, 1.883154452201601e-001,-1.680243365078829e-001, 3.226699263629471e-002, 7.917841524175044e-001, 3.583249083431463e-001, 3.531018034687243e-001, 3.284193941839848e-001
 7.963137000000000e+000,-4.592278129572562e-001, 1.625195070780954e-001,-5.260301746813741e-001, 1.899110211044688e-001,-1.699727597973657e-001, 3.251208410909917e-002, 7.968044193267627e-001, 3.556587564190882e-001, 3.546795234374891e-001, 3.282640812256980e-001
 7.967304000000000e+000,-4.593212530164383e-001, 1.628806083842909e-001,-5.252950801925570e-001, 1.914741542062446e-001,-1.718097826869735e-001, 3.277464868028666e-002, 8.016935375508673e-001, 3.529428181848194e-001, 3.563601628640720e-001, 3.281097764484314e-001
 7.971470999999999e+000,-4.594112395754640e-001, 1.632356066709602e-001,-5.245708200424931e-001, 1.930036072923411e-001,-1.735357994418321e-001, 3.305515433504678e-002, 8.064536642488578e-001, 3.501838027548783e-001, 3.581340494516454e-001, 3.279578619577323e-001
 7.975637999999999e+000,-4.594969221504541e-001, 1.635842133931182e-001,-5.238586133300359e-001, 1.944982242272273e-001,-1.751514697173539e-001, 3.335411103531902e-002, 8.110870219752624e-001, 3.473882230046242e-001, 3.599913497063483e-001, 3.278097978841076e-001
 7.979804999999999e+000,-4.595775177975344e-001, 1.639262666658201e-001,-5.231597191361691e-001, 1.959568131211800e-001,-1.766575869535285e-001, 3.367203930416859e-002, 8.155955066078078e-001, 3.445625289586232e-001, 3.619219923392503e-001, 3.276670740844268e-001
 7.983972000000000e+000,-4.596523222020868e-001, 1.642617564115134e-001,-5.224753712069920e-001, 1.973782729276512e-001,-1.780552095137989e-001, 3.400948527266271e-002, 8.199810478484865e-001, 3.417128164154874e-001, 3.639158825734790e-001, 3.275311349755793e-001
 7.988138999999999e+000,-4.597207128439133e-001, 1.645908233630524e-001,-5.218067599317756e-001, 1.987616145608548e-001,-1.793456606496862e-001, 3.436702188777378e-002, 8.242456484322894e-001, 3.388447188765384e-001, 3.659630229637900e-001, 3.274033245662906e-001
 7.992305999999999e+000,-4.597821285396615e-001, 1.649136356428853e-001,-5.211552556485904e-001, 2.001054751483085e-001,-1.805300939995410e-001, 3.474510642130579e-002, 8.283898758887422e-001, 3.359643942209316e-001, 3.680528472094007e-001, 3.272848918491241e-001
 7.996472999999999e+000,-4.598361144311866e-001, 1.652305802783509e-001,-5.205219889012567e-001, 2.014089572497393e-001,-1.816102750712623e-001, 3.514428994542280e-002, 8.324154415899273e-001, 3.330767442788654e-001, 3.701755531850606e-001, 3.271768854367937e-001
 8.000639999999999e+000,-4.598822927473624e-001, 1.655421093557632e-001,-5.199081303700630e-001, 2.026710180209421e-001,-1.825880052044427e-001, 3.556505279402174e-002, 8.363233139040498e-001, 3.301866608521223e-001, 3.723212913001182e-001, 3.270801892433318e-001
 8.004807000000000e+000,-4.599203745082395e-001, 1.658487741820121e-001,-5.193147884508911e-001, 2.038906504626112e-001,-1.834652809577602e-001, 3.600784516772065e-002, 8.401142747610753e-001, 3.272986511357335e-001, 3.744805263623059e-001, 3.269954985364699e-001
 8.008973999999999e+000,-4.599501619824327e-001, 1.661512310811639e-001,-5.187429676433986e-001, 2.050669362918045e-001,-1.842443069596262e-001, 3.647310765063528e-002, 8.437890896624695e-001, 3.244167078520759e-001, 3.766442439005315e-001, 3.269233237512655e-001
 8.013140999999999e+000,-4.599715401368649e-001, 1.664501161912844e-001,-5.181937706444320e-001, 2.061985990043063e-001,-1.849271949538967e-001, 3.696108204183558e-002, 8.473471097306022e-001, 3.215454491846940e-001, 3.788032040641212e-001, 3.268640266275523e-001
 8.017308000000000e+000,-4.599844970370898e-001, 1.667462185854673e-001,-5.176680399945088e-001, 2.072847166819398e-001,-1.855164117456225e-001, 3.747208932741172e-002, 8.507884962184298e-001, 3.186884096355004e-001, 3.809493373070878e-001, 3.268177903676510e-001
 8.021474999999999e+000,-4.599891106197957e-001, 1.670403435239503e-001,-5.171665861017371e-001, 2.083242240848506e-001,-1.860144209325510e-001, 3.800633291792409e-002, 8.541126734101420e-001, 3.158492892406330e-001, 3.830749165634064e-001, 3.267846735361953e-001
 8.025642000000000e+000,-4.599855530696239e-001, 1.673333310162382e-001,-5.166901199533798e-001, 2.093160237923137e-001,-1.864237419814532e-001, 3.856393706194690e-002, 8.573186845047294e-001, 3.130317230934523e-001, 3.851728342335006e-001, 3.267646334331916e-001
 8.029808999999998e+000,-4.599740900932751e-001, 1.676260442609698e-001,-5.162392441614728e-001, 2.102589805643513e-001,-1.867469274376379e-001, 3.914494131106384e-002, 8.604051831485846e-001, 3.102393344042578e-001, 3.872366581246265e-001, 3.267575540943676e-001
 8.033975999999999e+000,-4.599550789307109e-001, 1.679193571478144e-001,-5.158144470183295e-001, 2.111519180346539e-001,-1.869865378955732e-001, 3.974929554362156e-002, 8.633704259326553e-001, 3.074757905175021e-001, 3.892606760994153e-001, 3.267632668734668e-001
 8.038143000000000e+000,-4.599289625553210e-001, 1.682141700249642e-001,-5.154160610825389e-001, 2.119936970622520e-001,-1.871451288002229e-001, 4.037691793331486e-002, 8.662125402584703e-001, 3.047445906750398e-001, 3.912401238574792e-001, 3.267815715054290e-001
 8.042309999999999e+000,-4.598962773278447e-001, 1.685112743061157e-001,-5.150444215322146e-001, 2.127828734359840e-001,-1.872251736929406e-001, 4.102742762562894e-002, 8.689283644680380e-001, 3.020502357961579e-001, 3.931703993125284e-001, 3.268122439601670e-001
 8.046476999999999e+000,-4.598576342198837e-001, 1.688115185675803e-001,-5.146996225360363e-001, 2.135182165192482e-001,-1.872291475721484e-001, 4.170052286412490e-002, 8.715151932317806e-001, 2.993965876607114e-001, 3.950482900042345e-001, 3.268550555184319e-001
 8.050643999999998e+000,-4.598137229772984e-001, 1.691156832367529e-001,-5.143816731773044e-001, 2.141983833089887e-001,-1.871594424475596e-001, 4.239573997974191e-002, 8.739696839454415e-001, 2.967879325029252e-001, 3.968712125548966e-001, 3.269097647298104e-001
 8.054810999999999e+000,-4.597653088299667e-001, 1.694244832455238e-001,-5.140904731825233e-001, 2.148219784194880e-001,-1.870183843916060e-001, 4.311247915636873e-002, 8.762880519702628e-001, 2.942288205150194e-001, 3.986373234331859e-001, 3.269761105056421e-001
 8.058978000000000e+000,-4.597132233412362e-001, 1.697385979600818e-001,-5.138257771391419e-001, 2.153876395122050e-001,-1.868082122228207e-001, 4.385009752080621e-002, 8.784663994547548e-001, 2.917237023440512e-001, 4.003457366944661e-001, 3.270538144691734e-001
 8.063144999999999e+000,-4.596572458225914e-001, 1.700588610342002e-001,-5.135853464266895e-001, 2.158933134023617e-001,-1.865307256964876e-001, 4.460721087277553e-002, 8.805004647602338e-001, 2.892788134875691e-001, 4.019955412898746e-001, 3.271422557156857e-001
 8.067311999999999e+000,-4.596006143189617e-001, 1.703850876696416e-001,-5.133726280177241e-001, 2.163385828913476e-001,-1.861889733936146e-001, 4.538360242550323e-002, 8.823843796075752e-001, 2.868973217270047e-001, 4.035876297700087e-001, 3.272415936726528e-001
 8.071479000000000e+000,-4.595432418808471e-001, 1.707179648844406e-001,-5.131851444072112e-001, 2.167215148703234e-001,-1.857846395423305e-001, 4.617777078067564e-002, 8.841138080331839e-001, 2.845851205578110e-001, 4.051227578613637e-001, 3.273510640242964e-001
 8.075645999999999e+000,-4.594862354696952e-001, 1.710577079536422e-001,-5.130222798491495e-001, 2.170406736044990e-001,-1.853198211757193e-001, 4.698838544357974e-002, 8.856834643047860e-001, 2.823474892982965e-001, 4.066023485590800e-001, 3.274700579185920e-001
 8.079813000000000e+000,-4.594307584405660e-001, 1.714044028787787e-001,-5.128833402932005e-001, 2.172946823292468e-001,-1.847965576038203e-001, 4.781398393929923e-002, 8.870879373285596e-001, 2.801897089902006e-001, 4.080283182764426e-001, 3.275978263173352e-001
 8.083979999999999e+000,-4.593780283671178e-001, 1.717579614595264e-001,-5.127675846063641e-001, 2.174822248239117e-001,-1.842168576922790e-001, 4.865290168059022e-002, 8.883215984380465e-001, 2.781172498394475e-001, 4.094028587122605e-001, 3.277334393726278e-001
 8.088146999999999e+000,-4.593292988101131e-001, 1.721181636727371e-001,-5.126742267740857e-001, 2.176021037272795e-001,-1.835825787293348e-001, 4.950341503065436e-002, 8.893788363321610e-001, 2.761354348593890e-001, 4.107285727771355e-001, 3.278757851225955e-001
 8.092313999999998e+000,-4.592858700859909e-001, 1.724844664044549e-001,-5.126025034978403e-001, 2.176532183911963e-001,-1.828957047194295e-001, 5.036333832919119e-002, 8.902535933933778e-001, 2.742503938493613e-001, 4.120077507441440e-001, 3.280234841168151e-001
 8.096480999999999e+000,-4.592490437203177e-001, 1.728561963876030e-001,-5.125516426528683e-001, 2.176346831747256e-001,-1.821579462138776e-001, 5.123053367062737e-002, 8.909400567831374e-001, 2.724678823233779e-001, 4.132430716986602e-001, 3.281749548193904e-001
 8.100648000000000e+000,-4.592201223999743e-001, 1.732324085985513e-001,-5.125209305445770e-001, 2.175458115442894e-001,-1.813709084208751e-001, 5.210263198102597e-002, 8.914322917761752e-001, 2.707939891533432e-001, 4.144370510186894e-001, 3.283283449664421e-001
 8.104814999999999e+000,-4.592003901010332e-001, 1.736118479193327e-001,-5.125097390093228e-001, 2.173861791602363e-001,-1.805361057227381e-001, 5.297699982562332e-002, 8.917243015086933e-001, 2.692351974711191e-001, 4.155919127953267e-001, 3.284815083706830e-001
 8.108981999999999e+000,-4.591910885919477e-001, 1.739929745008984e-001,-5.125175500583036e-001, 2.171556561956987e-001,-1.796548482325812e-001, 5.385084571698336e-002, 8.918101246886288e-001, 2.677981944414521e-001, 4.167096517301465e-001, 3.286320188442104e-001
 8.113149000000000e+000,-4.591934006942626e-001, 1.743739006374478e-001,-5.125439818085917e-001, 2.168544667544436e-001,-1.787283430266560e-001, 5.472110877270137e-002, 8.916838343579052e-001, 2.664900698766188e-001, 4.177918123695217e-001, 3.287771555567166e-001
 8.117315999999999e+000,-4.592084336409700e-001, 1.747524691402860e-001,-5.125888128539081e-001, 2.164831536117633e-001,-1.777574968048916e-001, 5.558465400075844e-002, 8.913395411132461e-001, 2.653180039125357e-001, 4.188396729753356e-001, 3.289139507977891e-001
 8.121483000000000e+000,-4.592371972016296e-001, 1.751260720427414e-001,-5.126519713092896e-001, 2.160427825732996e-001,-1.767434184988189e-001, 5.643785260657589e-002, 8.907715919743541e-001, 2.642897923149390e-001, 4.198536923202250e-001, 3.290391573332046e-001
 8.125649999999999e+000,-4.592805976122602e-001, 1.754919004657565e-001,-5.127335603216952e-001, 2.155347427306125e-001,-1.756868779087933e-001, 5.727712116476594e-002, 8.899744401969907e-001, 2.634130153755241e-001, 4.208341393819959e-001, 3.291493870129497e-001
 8.129816999999999e+000,-4.593394289113605e-001, 1.758468677378418e-001,-5.128338452563876e-001, 2.149608329679078e-001,-1.745886201190541e-001, 5.809869181498251e-002, 8.889427014017308e-001, 2.626953011490130e-001, 4.217807885877245e-001, 3.292411302165961e-001
 8.133984000000000e+000,-4.594143608109312e-001, 1.761876333909986e-001,-5.129532277407537e-001, 2.143233076326787e-001,-1.734495122354359e-001, 5.889858585640876e-002, 8.876712959985725e-001, 2.621442063060608e-001, 4.226928860878327e-001, 3.293108250257187e-001
 8.138150999999999e+000,-4.595059573711695e-001, 1.765107551899550e-001,-5.130922493994933e-001, 2.136246906887342e-001,-1.722703187174894e-001, 5.967286156722609e-002, 8.861551444853648e-001, 2.617669039275496e-001, 4.235694440114048e-001, 3.293549705617485e-001
 8.142318000000000e+000,-4.596146364722700e-001, 1.768125976354094e-001,-5.132514837971273e-001, 2.128680913842607e-001,-1.710523855448632e-001, 6.041726014442030e-002, 8.843899328770747e-001, 2.615702140438077e-001, 4.244088684345626e-001, 3.293702195242972e-001
 8.146484999999998e+000,-4.597407303537981e-001, 1.770896158930175e-001,-5.134315687691853e-001, 2.120567435144782e-001,-1.697970238833093e-001, 6.112773068243602e-002, 8.823712467690384e-001, 2.615601516784263e-001, 4.252095968686749e-001, 3.293535371590291e-001
 8.150651999999999e+000,-4.598844811796992e-001, 1.773383505461998e-001,-5.136331256874255e-001, 2.111941056280442e-001,-1.685058882598080e-001, 6.180027080321348e-002, 8.800948576068819e-001, 2.617419116441173e-001, 4.259699680218012e-001, 3.293023029382965e-001
 8.154819000000000e+000,-4.600460379794620e-001, 1.775554914200686e-001,-5.138566791097194e-001, 2.102838964877229e-001,-1.671811997078726e-001, 6.243091452418221e-002, 8.775569907010198e-001, 2.621196481058831e-001, 4.266882692106091e-001, 3.292144423712524e-001
 8.158985999999999e+000,-4.602255022545287e-001, 1.777380130691304e-001,-5.141026425266034e-001, 2.093298484963695e-001,-1.658255453650042e-001, 6.301592534379391e-002, 8.747538422334326e-001, 2.626963624774681e-001, 4.273630225651190e-001, 3.290885277600889e-001
 8.163152999999999e+000,-4.604229106208820e-001, 1.778832092435314e-001,-5.143712213543487e-001, 2.083358246254741e-001,-1.644421935832744e-001, 6.355171924152253e-002, 8.716820824136713e-001, 2.634737178607158e-001, 4.279929646241341e-001, 3.289238807720090e-001
 8.167319999999998e+000,-4.606383053665356e-001, 1.779888078810721e-001,-5.146624467396711e-001, 2.073054640948544e-001,-1.630347086832409e-001, 6.403507120253647e-002, 8.683379518212795e-001, 2.644521954012349e-001, 4.285773524404259e-001, 3.287205767166120e-001
 8.171486999999999e+000,-4.608716317839658e-001, 1.780529694673130e-001,-5.149759843975869e-001, 2.062426775199522e-001,-1.616077099108261e-001, 6.446288392587111e-002, 8.647190311907733e-001, 2.656305742043090e-001, 4.291157481279027e-001, 3.284795705841400e-001
 8.175654000000000e+000,-4.611228707028152e-001, 1.780744131548160e-001,-5.153112725390863e-001, 2.051509887096505e-001,-1.601660193693024e-001, 6.483252071666541e-002, 8.608223298707620e-001, 2.670064721703233e-001, 4.296084776053388e-001, 3.282025790956992e-001
 8.179820999999999e+000,-4.613920055426212e-001, 1.780524169581714e-001,-5.156674444760235e-001, 2.040337078357952e-001,-1.587149363751078e-001, 6.514169345977316e-002, 8.566449399386782e-001, 2.685762465452244e-001, 4.300565622264974e-001, 3.278920673467299e-001
 8.183987999999999e+000,-4.616789852961947e-001, 1.779868574179431e-001,-5.160432594367665e-001, 2.028940675302202e-001,-1.572604087270552e-001, 6.538843509900828e-002, 8.521847360675448e-001, 2.703347866554235e-001, 4.304617231911903e-001, 3.275512204577007e-001
 8.188154999999998e+000,-4.619838223670963e-001, 1.778782147690994e-001,-5.164372210960203e-001, 2.017348157486063e-001,-1.558084842656675e-001, 6.557119513925704e-002, 8.474389707158109e-001, 2.722761422593354e-001, 4.308265770010875e-001, 3.271837289184096e-001
 8.192321999999999e+000,-4.623064277489650e-001, 1.777276366013214e-001,-5.168473637297180e-001, 2.005588406553838e-001,-1.543660564613398e-001, 6.568872185736067e-002, 8.424069478398840e-001, 2.743925397200389e-001, 4.311544619026484e-001, 3.267938671338288e-001
 8.196489000000000e+000,-4.626467857741044e-001, 1.775368866496394e-001,-5.172714915263634e-001, 1.993684774326594e-001,-1.529399327737014e-001, 6.574017929662568e-002, 8.370873836720538e-001, 2.766755460760755e-001, 4.314496824917304e-001, 3.263861456899481e-001
 8.200655999999999e+000,-4.630049001765332e-001, 1.773083367562958e-001,-5.177071273386004e-001, 1.981657269000225e-001,-1.515370563794773e-001, 6.572506356165740e-002, 8.314793025848410e-001, 2.791158351860884e-001, 4.317174135396558e-001, 3.259652298102672e-001
 8.204822999999999e+000,-4.633807222175531e-001, 1.770449939492227e-001,-5.181514562048992e-001, 1.969524825672997e-001,-1.501646921407090e-001, 6.564319182844840e-002, 8.255831971818599e-001, 2.817027893243537e-001, 4.319636265092250e-001, 3.255358837011828e-001
 8.208990000000000e+000,-4.637742459144876e-001, 1.767504081568074e-001,-5.186014797219636e-001, 1.957301985938960e-001,-1.488299542356740e-001, 6.549467772671248e-002, 8.193995421362726e-001, 2.844252608185426e-001, 4.321951175094605e-001, 3.251027312818458e-001
 8.213156999999999e+000,-4.641853954988294e-001, 1.764287049424616e-001,-5.190539322330291e-001, 1.945002424049862e-001,-1.475401070917021e-001, 6.527993101827403e-002, 8.129305250600548e-001, 2.872709434380256e-001, 4.324193592706771e-001, 3.246702638555098e-001
 8.217324000000000e+000,-4.646141623567199e-001, 1.760844193717641e-001,-5.195054934210640e-001, 1.932634686182679e-001,-1.463020032480261e-001, 6.499956379999021e-002, 8.061777966982469e-001, 2.902275045472451e-001, 4.326444731121857e-001, 3.242425804043487e-001
 8.221490999999999e+000,-4.650603448718110e-001, 1.757226228966340e-001,-5.199525810912479e-001, 1.920209707137881e-001,-1.451227326991637e-001, 6.465451113537044e-002, 7.991464133308820e-001, 2.932810150629377e-001, 4.328789472679677e-001, 3.238235520085632e-001
 8.225657999999999e+000,-4.655237746003128e-001, 1.753486445086447e-001,-5.203916797489582e-001, 1.907733974185715e-001,-1.440087952320421e-001, 6.424586199145256e-002, 7.918410505570172e-001, 2.964177840612101e-001, 4.331315769901849e-001, 3.234165003560911e-001
 8.229824999999998e+000,-4.660042354084337e-001, 1.749680173523729e-001,-5.208193378523106e-001, 1.895211895648867e-001,-1.429662469744846e-001, 6.377484235701543e-002, 7.842669822119196e-001, 2.996240958561268e-001, 4.334112035561017e-001, 3.230242109551603e-001
 8.233991999999999e+000,-4.665013287217825e-001, 1.745864514889073e-001,-5.212321535424831e-001, 1.882649103010459e-001,-1.420008452267739e-001, 6.324290054070474e-002, 7.764318372038048e-001, 3.028856650554473e-001, 4.337263772755735e-001, 3.226489640874556e-001
 8.238159000000000e+000,-4.670146450238898e-001, 1.742095515430397e-001,-5.216270401688560e-001, 1.870047849789065e-001,-1.411175380802246e-001, 6.265148416634309e-002, 7.683424694213564e-001, 3.061891761920957e-001, 4.340851661461938e-001, 3.222923217120105e-001
 8.242325999999999e+000,-4.675434327972047e-001, 1.738429042170337e-001,-5.220010933247251e-001, 1.857415167381404e-001,-1.403208994695990e-001, 6.200236335806882e-002, 7.600097194253012e-001, 3.095205929020480e-001, 4.344945990973299e-001, 3.219552812572926e-001
 8.246492999999999e+000,-4.680868608503837e-001, 1.734917091051251e-001,-5.223519513711805e-001, 1.844756367889915e-001,-1.396144414254590e-001, 6.129730640941231e-002, 7.514438157062099e-001, 3.128673976413667e-001, 4.349604579588817e-001, 3.216379700303876e-001
 8.250660000000000e+000,-4.686439326455343e-001, 1.731606800719143e-001,-5.226778744752776e-001, 1.832077651977198e-001,-1.390006026592221e-001, 6.053813216629361e-002, 7.426552946622675e-001, 3.162185856193397e-001, 4.354868236818206e-001, 3.213395767365040e-001
 8.254826999999999e+000,-4.692133206666632e-001, 1.728539710361401e-001,-5.229778173452612e-001, 1.819390421715161e-001,-1.384806980831271e-001, 5.972692494499909e-002, 7.336572660915548e-001, 3.195642741120521e-001, 4.360754884580542e-001, 3.210582795097489e-001
 8.258994000000000e+000,-4.697935563826811e-001, 1.725749065684017e-001,-5.232516879904986e-001, 1.806707602128070e-001,-1.380544962439505e-001, 5.886578836022098e-002, 7.244622846727572e-001, 3.228973660326394e-001, 4.367257446938577e-001, 3.207910035997449e-001
 8.263160999999998e+000,-4.703828456857999e-001, 1.723259784256994e-001,-5.235003211108925e-001, 1.794048404232578e-001,-1.377202562173820e-001, 5.795715639618908e-002, 7.150855557930856e-001, 3.262127460692320e-001, 4.374339492487702e-001, 3.205334441025828e-001
 8.267327999999999e+000,-4.709793606944290e-001, 1.721086904038436e-001,-5.237255773356340e-001, 1.781432543243622e-001,-1.374744862244933e-001, 5.700345101846748e-002, 7.055410677667928e-001, 3.295089521597199e-001, 4.381938258488458e-001, 3.202799706835936e-001
 8.271495000000000e+000,-4.715809318023498e-001, 1.719237306110746e-001,-5.239301063280670e-001, 1.768887243194635e-001,-1.373121070704805e-001, 5.600771333799443e-002, 6.958475773844195e-001, 3.327862643970797e-001, 4.389962350739975e-001, 3.200239389474618e-001
 8.275661999999999e+000,-4.721854518584980e-001, 1.717709107181105e-001,-5.241173519709589e-001, 1.756438864013352e-001,-1.372263134417820e-001, 5.497314940386424e-002, 6.860232575291398e-001, 3.360486248380373e-001, 4.398299381727315e-001, 3.197578549970660e-001
 8.279828999999999e+000,-4.727908903539726e-001, 1.716493145853424e-001,-5.242913683872809e-001, 1.744112786348722e-001,-1.372087475698215e-001, 5.390326894042829e-002, 6.760863673992659e-001, 3.393032314023370e-001, 4.406819611203279e-001, 3.194738325056138e-001
 8.283995999999998e+000,-4.733951754317466e-001, 1.715574624298235e-001,-5.244566096704570e-001, 1.731935695295230e-001,-1.372496597359678e-001, 5.280227621152315e-002, 6.660579819858495e-001, 3.425593531119157e-001, 4.415377791923270e-001, 3.191641840276766e-001
 8.288162999999999e+000,-4.739964954501773e-001, 1.714934002043904e-001,-5.246178349151531e-001, 1.719929204051089e-001,-1.373381094213395e-001, 5.167469900428826e-002, 6.559576920451906e-001, 3.458292901749278e-001, 4.423821228252036e-001, 3.188218467217209e-001
 8.292330000000000e+000,-4.745931196242993e-001, 1.714548810982948e-001,-5.247798688242159e-001, 1.708113109301326e-001,-1.374622311170580e-001, 5.052584328599256e-002, 6.458070946042583e-001, 3.491266110329335e-001, 4.431991345894453e-001, 3.184410454117530e-001
 8.296496999999999e+000,-4.751837211067342e-001, 1.714394842595088e-001,-5.249474964283537e-001, 1.696498435007030e-001,-1.376096258344687e-001, 4.936126257587034e-002, 6.356246821719809e-001, 3.524670237846685e-001, 4.439732288780300e-001, 3.180176304681828e-001
 8.300663999999999e+000,-4.757670251083073e-001, 1.714447697178303e-001,-5.251251738349443e-001, 1.685093734168859e-001,-1.377676752313048e-001, 4.818746439819522e-002, 6.254320150530915e-001, 3.558654414519530e-001, 4.446890248936710e-001, 3.175497727488790e-001
 8.304831000000000e+000,-4.763421509329254e-001, 1.714683796430185e-001,-5.253169403427702e-001, 1.673897589912829e-001,-1.379240336616817e-001, 4.701120719241482e-002, 6.152478269944074e-001, 3.593369136712326e-001, 4.453322022956390e-001, 3.170380955213710e-001
 8.308997999999999e+000,-4.769085654005839e-001, 1.715081509447984e-001,-5.255262594745601e-001, 1.662898807647548e-001,-1.380670225498735e-001, 4.583947710514175e-002, 6.050884576637849e-001, 3.628955703406032e-001, 4.458897587490296e-001, 3.164858922927318e-001
 8.313165000000000e+000,-4.774658647584976e-001, 1.715621733621351e-001,-5.257558231105453e-001, 1.652079924192749e-001,-1.381859223143749e-001, 4.467978529150748e-002, 5.949712608334280e-001, 3.665525813594370e-001, 4.463500938856431e-001, 3.158993838412482e-001
 8.317331999999999e+000,-4.780140263197650e-001, 1.716288536344670e-001,-5.260075739853173e-001, 1.641411713518779e-001,-1.382713028886562e-001, 4.353945343514033e-002, 5.849094159372703e-001, 3.703173000247124e-001, 4.467035026359545e-001, 3.152873375999695e-001
 8.321498999999999e+000,-4.785530022665689e-001, 1.717068938771895e-001,-5.262825038209881e-001, 1.630860694516141e-001,-1.383151287487588e-001, 4.242623538931305e-002, 5.749185532128273e-001, 3.741943339637138e-001, 4.469420776873898e-001, 3.146612005467612e-001
 8.325665999999998e+000,-4.790829716969529e-001, 1.717953159567358e-001,-5.265807679590319e-001, 1.620384102834656e-001,-1.383109151755573e-001, 4.134755356125992e-002, 5.650113525727910e-001, 3.781851814562767e-001, 4.470600899701225e-001, 3.140343858605196e-001
 8.329832999999999e+000,-4.796042624846953e-001, 1.718934448756238e-001,-5.269017110856319e-001, 1.609931442893924e-001,-1.382537189068026e-001, 4.031043317182771e-002, 5.551981066561027e-001, 3.822879637669248e-001, 4.470539779265375e-001, 3.134217961545997e-001
 8.334000000000000e+000,-4.801171051591394e-001, 1.720008414832117e-001,-5.272437842095978e-001, 1.599449648136058e-001,-1.381401311292053e-001, 3.932177871544727e-002, 5.454906002717603e-001, 3.864957947465093e-001, 4.469223839455259e-001, 3.128395079656460e-001
 8.338166999999999e+000,-4.806218313688528e-001, 1.721173143255543e-001,-5.276047353675549e-001, 1.588879518531807e-001,-1.379681958140142e-001, 3.838778800940648e-002, 5.358977538961401e-001, 3.907986725905165e-001, 4.466661817246442e-001, 3.123039268816640e-001
 8.342333999999999e+000,-4.811186097203981e-001, 1.722428403742951e-001,-5.279815100094525e-001, 1.578161733664243e-001,-1.377373674787344e-001, 3.751430590363221e-002, 5.264301319680871e-001, 3.951817164318690e-001, 4.462885392680445e-001, 3.118314875505687e-001
 8.346501000000000e+000,-4.816076842957580e-001, 1.723775969827979e-001,-5.283705134775482e-001, 1.567232587694745e-001,-1.374482645929387e-001, 3.670628354064610e-002, 5.170950510038143e-001, 3.996277148780971e-001, 4.457947352159630e-001, 3.114378430536182e-001
 8.350667999999999e+000,-4.820890280064673e-001, 1.725218429452533e-001,-5.287674574109151e-001, 1.556032610433380e-001,-1.371026242727775e-001, 3.596831384808726e-002, 5.079029526159744e-001, 4.041146577972419e-001, 4.451923635674118e-001, 3.111376305510848e-001
 8.354835000000000e+000,-4.825625973854749e-001, 1.726759475790887e-001,-5.291676911774789e-001, 1.544502400598844e-001,-1.367029079857424e-001, 3.530416036929528e-002, 4.988624192044187e-001, 4.086187133784074e-001, 4.444910237768585e-001, 3.109437180645887e-001
 8.359001999999999e+000,-4.830283265519249e-001, 1.728403581357485e-001,-5.295663644417860e-001, 1.532583853259701e-001,-1.362519451037897e-001, 3.471683000780161e-002, 4.899802597809105e-001, 4.131150434580015e-001, 4.437020894049297e-001, 3.108668473892039e-001
 8.363168999999999e+000,-4.834859375464015e-001, 1.730154897249330e-001,-5.299584363155876e-001, 1.520226414831285e-001,-1.357527872295653e-001, 3.420886537860981e-002, 4.812651672700605e-001, 4.175767859124319e-001, 4.428388286595313e-001, 3.109153346546367e-001
 8.367335999999998e+000,-4.839352110288031e-001, 1.732017730937570e-001,-5.303390839557504e-001, 1.507381528268759e-001,-1.352081360892634e-001, 3.378206946532025e-002, 4.727226429000835e-001, 4.219784439417203e-001, 4.419157114139116e-001, 3.110947846448375e-001
 8.371502999999999e+000,-4.843756903561025e-001, 1.733994864268169e-001,-5.307036271419090e-001, 1.494012160658151e-001,-1.346204089748285e-001, 3.343788698792510e-002, 4.643607728255586e-001, 4.262936991288450e-001, 4.409487133797865e-001, 3.114078814979894e-001
 8.375670000000000e+000,-4.848069333169163e-001, 1.736087974401037e-001,-5.310479116803115e-001, 1.480087288262173e-001,-1.339912540945814e-001, 3.317718719156410e-002, 4.561856119748134e-001, 4.304984634076749e-001, 4.399545388377644e-001, 3.118543618738367e-001
 8.379836999999998e+000,-4.852285310086797e-001, 1.738297314170725e-001,-5.313684641644603e-001, 1.465581700430376e-001,-1.333213383826907e-001, 3.300036407970221e-002, 4.482010319352713e-001, 4.345715206020874e-001, 4.389502056918562e-001, 3.124311813281993e-001
 8.384003999999999e+000,-4.856399324836667e-001, 1.740620340734711e-001,-5.316624748947273e-001, 1.450482618565112e-001,-1.326105429021586e-001, 3.290746637352310e-002, 4.404122559162028e-001, 4.384931454466892e-001, 4.379531158939187e-001, 3.131324233121192e-001
 8.388171000000000e+000,-4.860406781232994e-001, 1.743052529166644e-001,-5.319280628944236e-001, 1.434782235006913e-001,-1.318575859534494e-001, 3.289812972229074e-002, 4.328216892464020e-001, 4.422475355265987e-001, 4.369801635064645e-001, 3.139498082792041e-001
 8.392337999999999e+000,-4.864302084027130e-001, 1.745585991644665e-001,-5.321641950267205e-001, 1.418485182046612e-001,-1.310604021087969e-001, 3.297164953078241e-002, 4.254328639630380e-001, 4.458210325475445e-001, 4.360478693787981e-001, 3.148726175176080e-001
 8.396504999999999e+000,-4.868081092117674e-001, 1.748210800972494e-001,-5.323708724818370e-001, 1.401599117043895e-001,-1.302157579505968e-001, 3.312701769310995e-002, 4.182461638939116e-001, 4.492043399586257e-001, 4.351714947430736e-001, 3.158884814299395e-001
 8.400671999999998e+000,-4.871738647944979e-001, 1.750913272632184e-001,-5.325489876812619e-001, 1.384145599715851e-001,-1.293198859688590e-001, 3.336289550026373e-002, 4.112639549064359e-001, 4.523901141374200e-001, 4.343653677833443e-001, 3.169830534358482e-001
 8.404838999999999e+000,-4.875270747677677e-001, 1.753677375449070e-001,-5.327004384632396e-001, 1.366151457419915e-001,-1.283681876295870e-001, 3.367768132696428e-002, 4.044869427225374e-001, 4.553747386761218e-001, 4.336421499034779e-001, 3.181408000283332e-001
 8.409006000000000e+000,-4.878674876425607e-001, 1.756485196078368e-001,-5.328280885467537e-001, 1.347646620884104e-001,-1.273552448712732e-001, 3.406963010857505e-002, 3.979139806415107e-001, 4.581582655820107e-001, 4.330126478072005e-001, 3.193454603435859e-001
 8.413172999999999e+000,-4.881948509152083e-001, 1.759315896019136e-001,-5.329356530131079e-001, 1.328672186776261e-001,-1.262754130452327e-001, 3.453672143933115e-002, 3.915453561844735e-001, 4.607428711819105e-001, 4.324860016274883e-001, 3.205797888665151e-001
 8.417339999999999e+000,-4.885091290748303e-001, 1.762147757193422e-001,-5.330277100655774e-001, 1.309268291502272e-001,-1.251223249182110e-001, 3.507693831190074e-002, 3.853788670544822e-001, 4.631343253351061e-001, 4.320692354194597e-001, 3.218265735085526e-001
 8.421506999999998e+000,-4.888102846327703e-001, 1.764956585476682e-001,-5.331095396758063e-001, 1.289486526013524e-001,-1.238897951651734e-001, 3.568796087688682e-002, 3.794143060678111e-001, 4.653399342483484e-001, 4.317675979823239e-001, 3.230680437128554e-001
 8.425673999999999e+000,-4.890984420591052e-001, 1.767717491528202e-001,-5.331870683760605e-001, 1.269379842393161e-001,-1.225714620243534e-001, 3.636740415787743e-002, 3.736503957551783e-001, 4.673694859777839e-001, 4.315843386679195e-001, 3.242867225438669e-001
 8.429841000000000e+000,-4.893739018890284e-001, 1.770405504700163e-001,-5.332667473970906e-001, 1.248999624707503e-001,-1.211607700692392e-001, 3.711294070628018e-002, 3.680844873930813e-001, 4.692349190639752e-001, 4.315208762530842e-001, 3.254657323769425e-001
 8.434007999999999e+000,-4.896369923377949e-001, 1.772994568476340e-001,-5.333553809288758e-001, 1.228405027796249e-001,-1.196518094327974e-001, 3.792194724184418e-002, 3.627154803523578e-001, 4.709489368119598e-001, 4.315770113486979e-001, 3.265883477670509e-001
 8.438174999999999e+000,-4.898882187168263e-001, 1.775459428121049e-001,-5.334600316427108e-001, 1.207650519103334e-001,-1.180386624028700e-001, 3.879192445738140e-002, 3.575406798843663e-001, 4.725256717671972e-001, 4.317510726567138e-001, 3.276387978082487e-001
 8.442342000000000e+000,-4.901281088824490e-001, 1.777774548593021e-001,-5.335878222963326e-001, 1.186796410192172e-001,-1.163163742866256e-001, 3.972004658416598e-002, 3.525587963318647e-001, 4.739793282287653e-001, 4.320401061800481e-001, 3.286017586449890e-001
 8.446508999999999e+000,-4.903573530794971e-001, 1.779915880145238e-001,-5.337458674123549e-001, 1.165895405515109e-001,-1.144800574495689e-001, 4.070369694293956e-002, 3.477668321946268e-001, 4.753247672919028e-001, 4.324402308531030e-001, 3.294630450931635e-001
 8.450676000000000e+000,-4.905766213901265e-001, 1.781859471282623e-001,-5.339410562571632e-001, 1.145006690229387e-001,-1.125261917444099e-001, 4.173980665239661e-002, 3.431636132176555e-001, 4.765761826675824e-001, 4.329466588950792e-001, 3.302089646992040e-001
 8.454842999999999e+000,-4.907866601977491e-001, 1.783582754814701e-001,-5.341799983705646e-001, 1.124185734828516e-001,-1.104518941032467e-001, 4.282527556383461e-002, 3.387474707639087e-001, 4.777475512402736e-001, 4.335540364383390e-001, 3.308267869972661e-001
 8.459009999999999e+000,-4.909882938435525e-001, 1.785064731926540e-001,-5.344689901179047e-001, 1.103481456014706e-001,-1.082546074679286e-001, 4.395713969143995e-002, 3.345158800845973e-001, 4.788525306985618e-001, 4.342567994110183e-001, 3.313047117250736e-001
 8.463176999999998e+000,-4.911822962769964e-001, 1.786285168463269e-001,-5.348138005910652e-001, 1.082947210843466e-001,-1.059332488329048e-001, 4.513197586639986e-002, 3.304678468193765e-001, 4.799037180041357e-001, 4.350490052376039e-001, 3.316315219368500e-001
 8.467343999999999e+000,-4.913694936367847e-001, 1.787225524458445e-001,-5.352197795438433e-001, 1.062628355773918e-001,-1.034868985659279e-001, 4.634657143461747e-002, 3.266014218984004e-001, 4.809132372418680e-001, 4.359248898777666e-001, 3.317968229123652e-001
 8.471511000000000e+000,-4.915506349696745e-001, 1.787868272878876e-001,-5.356916018445369e-001, 1.042573998512881e-001,-1.009161166339109e-001, 4.759724849486127e-002, 3.229160753791391e-001, 4.818920922776655e-001, 4.368785253129737e-001, 3.317908122150544e-001
 8.475677999999999e+000,-4.917264911465020e-001, 1.788197421850510e-001,-5.362334920453303e-001, 1.022824167601755e-001,-9.822134523694620e-002, 4.888063626052615e-002, 3.194103092618374e-001, 4.828508043666230e-001, 4.379044574846858e-001, 3.316043152012689e-001
 8.479844999999999e+000,-4.918977090600992e-001, 1.788198020128229e-001,-5.368488511686863e-001, 1.003424009842038e-001,-9.540469230354673e-002, 5.019278538264714e-002, 3.160842902139951e-001, 4.837987525518191e-001, 4.389970585285763e-001, 3.312287508510853e-001
 8.484012000000000e+000,-4.920648745218115e-001, 1.787856442196643e-001,-5.375404196399390e-001, 9.844147908640522e-002,-9.246877135876275e-002, 5.152971938991905e-002, 3.129381888419495e-001, 4.847446659719651e-001, 4.401509227273719e-001, 3.306561300082789e-001
 8.488178999999999e+000,-4.922285187466503e-001, 1.787160029964876e-001,-5.383104046454081e-001, 9.658311900718530e-002,-8.941612280778262e-002, 5.288766181636381e-002, 3.099718226463165e-001, 4.856968250836184e-001, 4.413610398913219e-001, 3.298788089120995e-001
 8.492346000000000e+000,-4.923890086021852e-001, 1.786097283266073e-001,-5.391600395037890e-001, 9.477120482615065e-002,-8.625087792460880e-002, 5.426226947743762e-002, 3.071864117868263e-001, 4.866625800879746e-001, 4.426220443552533e-001, 3.288898459859621e-001
 8.496512999999998e+000,-4.925466390490810e-001, 1.784657295309320e-001,-5.400900783742116e-001, 9.300879243254845e-002,-8.297667909492570e-002, 5.564954271957516e-002, 3.045825896000137e-001, 4.876490534556771e-001, 4.439289181038015e-001, 3.276824627142035e-001
 8.500679999999999e+000,-4.927015029384888e-001, 1.782830475311434e-001,-5.411001637378514e-001, 9.129939083773864e-002,-7.959890680597125e-002, 5.704485238124884e-002, 3.021623550601754e-001, 4.886625099638861e-001, 4.452759681424752e-001, 3.262507622640403e-001
 8.504846999999998e+000,-4.928535435120341e-001, 1.780608199755007e-001,-5.421891418847503e-001, 8.964616058270725e-002,-7.612333890911416e-002, 5.844353327801021e-002, 2.999277861247676e-001, 4.897088006405554e-001, 4.466572310800938e-001, 3.245894125421246e-001
 8.509013999999999e+000,-4.930025662200367e-001, 1.777982228935675e-001,-5.433552784150347e-001, 8.805163902958069e-002,-7.255546575805445e-002, 5.984114761957808e-002, 2.978806955949714e-001, 4.907935798573119e-001, 4.480666292092610e-001, 3.226932884737171e-001
 8.513180999999999e+000,-4.931481397012679e-001, 1.774946235387584e-001,-5.445955675440362e-001, 8.651868943769148e-002,-6.890258033187283e-002, 6.123267050094265e-002, 2.960238292681484e-001, 4.919216678310535e-001, 4.494970460164893e-001, 3.205586208593845e-001
 8.517347999999998e+000,-4.932896835239942e-001, 1.771494385645736e-001,-5.459064327926025e-001, 8.504947079745540e-002,-6.517156866856655e-002, 6.261338745868617e-002, 2.943594483102773e-001, 4.930976981250059e-001, 4.509411334650575e-001, 3.181819784349159e-001
 8.521514999999999e+000,-4.934263823682787e-001, 1.767623494272212e-001,-5.472829462510281e-001, 8.364634798763859e-002,-6.137117930702685e-002, 6.397807205100239e-002, 2.928903164102495e-001, 4.943253635327805e-001, 4.523904037989150e-001, 3.155617828664409e-001
 8.525682000000000e+000,-4.935572873005273e-001, 1.763331070476137e-001,-5.487196826488584e-001, 8.231090755524106e-002,-5.750961889905801e-002, 6.532192081617848e-002, 2.916184575551071e-001, 4.956081030859887e-001, 4.538361824177750e-001, 3.126969707815213e-001
 8.529848999999999e+000,-4.936812379476785e-001, 1.758618503179086e-001,-5.502097444516242e-001, 8.104492668756458e-002,-5.359730208646196e-002, 6.663962452887705e-002, 2.905460038000799e-001, 4.969481215638722e-001, 4.552686251435634e-001, 3.095891360059617e-001
 8.534015999999999e+000,-4.937944257013566e-001, 1.753482981553862e-001,-5.517481051443401e-001, 7.984949352460280e-002,-4.964636314933222e-002, 6.792500966814054e-002, 2.896732185319354e-001, 4.983468723447679e-001, 4.566779976055906e-001, 3.062439305633361e-001
 8.538182999999998e+000,-4.939006402466932e-001, 1.747945741626111e-001,-5.533209127880618e-001, 7.872588492241173e-002,-4.566573113379435e-002, 6.917526564050568e-002, 2.890025707824036e-001, 4.998049748240230e-001, 4.580526310254265e-001, 3.026621182521777e-001
 8.542349999999999e+000,-4.939958174336124e-001, 1.742011510666688e-001,-5.549212958560429e-001, 7.767452009962561e-002,-4.166995293524645e-002, 7.038429800822897e-002, 2.885325031650625e-001, 5.013214146148083e-001, 4.593820835247682e-001, 2.988546707293005e-001
