Main.Studies.MarkerTracking.t,Main.Studies.MarkerTracking.JointAngleOutputs.OutputFile7.SternoClavicularProtraction,Main.Studies.MarkerTracking.JointAngleOutputs.OutputFile7.SternoClavicularElevation,Main.Studies.MarkerTracking.JointAngleOutputs.OutputFile7.SternoClavicularAxialRotation,Main.Studies.MarkerTracking.JointAngleOutputs.OutputFile7.GlenohumeralFlexion,Main.Studies.MarkerTracking.JointAngleOutputs.OutputFile7.GlenohumeralExternalRotation,Main.Studies.MarkerTracking.JointAngleOutputs.OutputFile7.GlenohumeralAbduction,Main.Studies.MarkerTracking.JointAngleOutputs.OutputFile7.ElbowFlexion,Main.Studies.MarkerTracking.JointAngleOutputs.OutputFile7.ElbowPronation,Main.Studies.MarkerTracking.JointAngleOutputs.OutputFile7.WristFlexion,Main.Studies.MarkerTracking.JointAngleOutputs.OutputFile7.WristAbduction
 7.500600000000000e+000,-6.371557425538111e-001, 1.832231124193422e-001,-4.586402006829662e-001, 5.756183406910287e-002,-7.930475073719186e-002, 2.705097293510670e-001, 4.578451003775233e-001, 5.812715188572741e-001, 4.997421784398428e-001, 1.719165670975448e-001
 7.504766999999999e+000,-6.371213893667463e-001, 1.824663682715473e-001,-4.585242111187897e-001, 5.787486718394952e-002,-7.998047724622318e-002, 2.682811575350781e-001, 4.618479699556468e-001, 5.835935607123411e-001, 4.968619427200882e-001, 1.711299918785393e-001
 7.508933999999999e+000,-6.371047957757837e-001, 1.817271931963362e-001,-4.584092498683504e-001, 5.817248124329266e-002,-8.063016972181082e-002, 2.660406316297225e-001, 4.657138787776375e-001, 5.858684270918597e-001, 4.940990996904802e-001, 1.704089223087715e-001
 7.513101000000000e+000,-6.371087335819510e-001, 1.810101571194502e-001,-4.582949116681675e-001, 5.845203204454541e-002,-8.125200835275361e-002, 2.637906651388472e-001, 4.694367501845026e-001, 5.880871800579595e-001, 4.914680536902316e-001, 1.697518151900615e-001
 7.517268000000000e+000,-6.371339326326936e-001, 1.803191080886466e-001,-4.581811813284253e-001, 5.871115179242237e-002,-8.184658111278505e-002, 2.615325227449301e-001, 4.730125643647629e-001, 5.902409815894948e-001, 4.889824125118789e-001, 1.691565311838101e-001
 7.521434999999999e+000,-6.371837655051078e-001, 1.796593554807917e-001,-4.580673002348136e-001, 5.894672753415442e-002,-8.241272192153391e-002, 2.592688622475524e-001, 4.764361368327660e-001, 5.923192279974606e-001, 4.866577312654536e-001, 1.686218410574726e-001
 7.525601999999999e+000,-6.372588595710221e-001, 1.790354665331917e-001,-4.579529457526068e-001, 5.915580404951726e-002,-8.295205646883214e-002, 2.570017865168551e-001, 4.797028606347676e-001, 5.943102200092271e-001, 4.845096021313999e-001, 1.681464104151964e-001
 7.529768999999999e+000,-6.373606586213800e-001, 1.784523117821362e-001,-4.578373127567051e-001, 5.933507920670866e-002,-8.346636519516762e-002, 2.547328639935282e-001, 4.828093344017641e-001, 5.962016464306764e-001, 4.825535448813989e-001, 1.677294113426880e-001
 7.533936000000000e+000,-6.374904331359179e-001, 1.779151101665508e-001,-4.577194004898884e-001, 5.948091128747746e-002,-8.395794621570457e-002, 2.524644647791053e-001, 4.857511928426444e-001, 5.979791967886279e-001, 4.808061583608105e-001, 1.673707582480810e-001
 7.538103000000000e+000,-6.376492882914240e-001, 1.774289519208845e-001,-4.575979313124520e-001, 5.958946344105387e-002,-8.442995155609127e-002, 2.501982278069483e-001, 4.885251881089803e-001, 5.996278470920453e-001, 4.792835747082194e-001, 1.670708581312867e-001
 7.542269999999999e+000,-6.378380189568803e-001, 1.769990064995251e-001,-4.574714290767598e-001, 5.965665989006186e-002,-8.488604955491591e-002, 2.479363917350657e-001, 4.911274433364239e-001, 6.011308938524800e-001, 4.780021938474404e-001, 1.668308215855368e-001
 7.546436999999999e+000,-6.380571410695416e-001, 1.766300772437797e-001,-4.573381601607175e-001, 5.967831482805841e-002,-8.533065245236024e-002, 2.456803052988738e-001, 4.935552650218523e-001, 6.024711818620611e-001, 4.769773393477390e-001, 1.666522213307569e-001
 7.550604000000000e+000,-6.383067104342892e-001, 1.763266952532698e-001,-4.571962420749171e-001, 5.965017365321756e-002,-8.576853433228468e-002, 2.434316989337420e-001, 4.958056778945164e-001, 6.036304982654983e-001, 4.762235740073324e-001, 1.665371331018669e-001
 7.554771000000000e+000,-6.385862619573832e-001, 1.760928051189925e-001,-4.570436802899736e-001, 5.956807104833062e-002,-8.620476197028910e-002, 2.411922084257121e-001, 4.978761433701586e-001, 6.045903886295679e-001, 4.757537271855941e-001, 1.664878844840885e-001
 7.558938000000000e+000,-6.388948734487736e-001, 1.759314826685610e-001,-4.568783681572433e-001, 5.942801232038941e-002,-8.664469995357554e-002, 2.389623560852019e-001, 4.997655818035055e-001, 6.053330433151187e-001, 4.755781489010218e-001, 1.665068344681770e-001
 7.563104999999999e+000,-6.392309303644853e-001, 1.758449388490864e-001,-4.566982596638288e-001, 5.922635332263337e-002,-8.709354971540455e-002, 2.367431009836303e-001, 5.014731561299655e-001, 6.058411491740355e-001, 4.757044490664457e-001, 1.665961461167177e-001
 7.567271999999999e+000,-6.395923302104869e-001, 1.758343055846019e-001,-4.565013113466372e-001, 5.895980734203454e-002,-8.755655072198090e-002, 2.345343335789714e-001, 5.029998924251539e-001, 6.060989031316233e-001, 4.761368273896491e-001, 1.667574933555578e-001
 7.571439000000000e+000,-6.399762146079080e-001, 1.758996592586304e-001,-4.562857640629266e-001, 5.862579493458431e-002,-8.803887150811737e-002, 2.323361553984716e-001, 5.043480198088463e-001, 6.060921983151313e-001, 4.768755889472485e-001, 1.669917276962251e-001
 7.575606000000000e+000,-6.403795161602239e-001, 1.760399008037519e-001,-4.560496760785866e-001, 5.822186474150115e-002,-8.854474572231891e-002, 2.301486406734847e-001, 5.055216134750087e-001, 6.058093002963613e-001, 4.779165871958888e-001, 1.672986950556097e-001
 7.579772999999999e+000,-6.407985267236709e-001, 1.762528949975915e-001,-4.557916476962268e-001, 5.774652671373737e-002,-8.907886322826325e-002, 2.279708684029948e-001, 5.065271655266876e-001, 6.052412975428836e-001, 4.792514607563234e-001, 1.676772553599731e-001
 7.583939999999999e+000,-6.412291665208554e-001, 1.765353893134758e-001,-4.555105801277503e-001, 5.719893571541723e-002,-8.964505746175930e-002, 2.258026569864995e-001, 5.073726970309274e-001, 6.043827307346794e-001, 4.808667852943578e-001, 1.681251429453338e-001
 7.588106999999999e+000,-6.416672326320230e-001, 1.768832181200408e-001,-4.552057333462198e-001, 5.657878091483859e-002,-9.024671230603247e-002, 2.236433199505201e-001, 5.080682170298210e-001, 6.032317881383491e-001, 4.827448750232244e-001, 1.686393260947069e-001
 7.592274000000000e+000,-6.421082669709151e-001, 1.772912521355723e-001,-4.548769823748505e-001, 5.588660554076186e-002,-9.088629369867662e-002, 2.214930854230063e-001, 5.086248788486172e-001, 6.017912473038483e-001, 4.848630326648675e-001, 1.692159906460661e-001
 7.596441000000000e+000,-6.425479360353917e-001, 1.777537488755885e-001,-4.545247200156537e-001, 5.512342106727663e-002,-9.156557129077604e-002, 2.193519881172708e-001, 5.090549126738675e-001, 6.000681566218928e-001, 4.871950128301155e-001, 1.698511509367397e-001
 7.600607999999999e+000,-6.429819129663214e-001, 1.782643094707284e-001,-4.541500989298801e-001, 5.429103775294863e-002,-9.228515072158257e-002, 2.172212008237172e-001, 5.093707342803076e-001, 5.980748533816219e-001, 4.897104116594626e-001, 1.705406748765020e-001
 7.604774999999999e+000,-6.434060465050328e-001, 1.788160723212078e-001,-4.537550530510456e-001, 5.339198763855779e-002,-9.304441179973627e-002, 2.151029137455617e-001, 5.095844927880217e-001, 5.958291707531361e-001, 4.923753861804876e-001, 1.712806258456960e-001
 7.608941999999999e+000,-6.438166562232692e-001, 1.794021631861944e-001,-4.533421230968248e-001, 5.242903735289772e-002,-9.384179015246258e-002, 2.129994586188927e-001, 5.097075603228145e-001, 5.933533921530034e-001, 4.951546038211498e-001, 1.720678805320166e-001
 7.613109000000000e+000,-6.442103113725975e-001, 1.800154850694491e-001,-4.529147119257354e-001, 5.140575123477675e-002,-9.467420599076964e-002, 2.109148617203452e-001, 5.097498597590640e-001, 5.906757191611942e-001, 4.980100768855582e-001, 1.728997838132358e-001
 7.617276000000000e+000,-6.445841375995546e-001, 1.806492262098491e-001,-4.524767777825288e-001, 5.032583906198340e-002,-9.553755270217455e-002, 2.088535565318096e-001, 5.097195590573798e-001, 5.878285464737402e-001, 5.009035279192666e-001, 1.737746831004937e-001
 7.621442999999999e+000,-6.449356281602821e-001, 1.812966532903151e-001,-4.520329755826484e-001, 4.919363998490445e-002,-9.642629616784695e-002, 2.068214729456495e-001, 5.096227817869828e-001, 5.848495017736993e-001, 5.037954907905489e-001, 1.746914225294982e-001
 7.625609999999999e+000,-6.452628554968387e-001, 1.819515697120151e-001,-4.515882839573907e-001, 4.801341975905471e-002,-9.733407764075652e-002, 2.048247401674096e-001, 5.094634622283161e-001, 5.817792216325536e-001, 5.066475746405579e-001, 1.756497091547501e-001
 7.629777000000000e+000,-6.455642640888921e-001, 1.826080596205553e-001,-4.511480799399702e-001, 4.678984033973799e-002,-9.825343269465953e-002, 2.028705381831875e-001, 5.092433777066605e-001, 5.786620551716103e-001, 5.094215929819432e-001, 1.766494616987601e-001
 7.633944000000000e+000,-6.458386747579414e-001, 1.832605856666285e-001,-4.507179321197383e-001, 4.552779688331698e-002,-9.917607023599979e-002, 2.009666617523115e-001, 5.089622881920431e-001, 5.755449103615513e-001, 5.120804341110987e-001, 1.776906333494334e-001
 7.638110999999999e+000,-6.460853545438589e-001, 1.839043290316456e-001,-4.503032182402307e-001, 4.423169738998323e-002,-1.000935713243076e-001, 1.991203387546374e-001, 5.086179776078550e-001, 5.724746644160280e-001, 5.145898852968358e-001, 1.787735013364008e-001
 7.642277999999999e+000,-6.463037532482173e-001, 1.845347367688932e-001,-4.499092582517708e-001, 4.290623937068561e-002,-1.009970123603526e-001, 1.973392898266296e-001, 5.082066907323463e-001, 5.694992111107555e-001, 5.169172625553822e-001, 1.798977467567519e-001
 7.646444999999999e+000,-6.464935856166295e-001, 1.851479032547285e-001,-4.495409089755871e-001, 4.155552905124660e-002,-1.018777929166554e-001, 1.956303310027932e-001, 5.077232144479987e-001, 5.666644628178271e-001, 5.190334011860456e-001, 1.810629430580306e-001
 7.650612000000000e+000,-6.466546526547248e-001, 1.857402443807938e-001,-4.492026263501066e-001, 4.018362527436770e-002,-1.027274622714397e-001, 1.939999984889165e-001, 5.071613706948142e-001, 5.640146872238259e-001, 5.209119108308000e-001, 1.822678915536730e-001
 7.654779000000000e+000,-6.467868173002840e-001, 1.863085262120106e-001,-4.488983121216749e-001, 3.879439775668137e-002,-1.035380455312129e-001, 1.924541611853204e-001, 5.065143730289651e-001, 5.615911242910981e-001, 5.225298627906754e-001, 1.835105690825239e-001
 7.658945999999999e+000,-6.468900195491186e-001, 1.868501179430750e-001,-4.486310857160581e-001, 3.739076764749116e-002,-1.043026665335380e-001, 1.909970703021506e-001, 5.057748248974008e-001, 5.594298093925554e-001, 5.238688913162886e-001, 1.847886960496838e-001
 7.663112999999999e+000,-6.469641479734277e-001, 1.873625647342891e-001,-4.484034519752093e-001, 3.597561813331440e-002,-1.050151623727981e-001, 1.896322950365371e-001, 5.049354781171466e-001, 5.575624389612977e-001, 5.249142857103508e-001, 1.860988451383419e-001
 7.667279999999999e+000,-6.470090854578695e-001, 1.878438684516779e-001,-4.482171286787375e-001, 3.455096750618436e-002,-1.056706567912645e-001, 1.883617813643544e-001, 5.039891322353844e-001, 5.560144423784857e-001, 5.256559588209475e-001, 1.874371329318473e-001
 7.671447000000000e+000,-6.470246679252238e-001, 1.882921963020476e-001,-4.480731768406738e-001, 3.311867587192419e-002,-1.062652788770032e-001, 1.871864965368036e-001, 5.029293510531255e-001, 5.548054537523135e-001, 5.260879927190270e-001, 1.887985301534738e-001
 7.675614000000000e+000,-6.470107150383493e-001, 1.887060977986155e-001,-4.479719471913454e-001, 3.167971588866414e-002,-1.067965267778362e-001, 1.861057752098335e-001, 5.017502252356638e-001, 5.539482635986369e-001, 5.262089910307672e-001, 1.901775328109017e-001
 7.679780999999999e+000,-6.469670359625590e-001, 1.890842729306841e-001,-4.479132126070421e-001, 3.023483027701635e-002,-1.072629745831518e-001, 1.851179064827133e-001, 5.004470360401406e-001, 5.534493604194731e-001, 5.260217192751355e-001, 1.915675488702546e-001
 7.683947999999999e+000,-6.468934812364299e-001, 1.894255956391662e-001,-4.478961999734472e-001, 2.878453220707922e-002,-1.076642911010680e-001, 1.842201109031280e-001, 4.990164953603528e-001, 5.533087204913193e-001, 5.255331921469519e-001, 1.929609312665734e-001
 7.688115000000000e+000,-6.467899375240764e-001, 1.897292826540409e-001,-4.479196561493186e-001, 2.732839438915713e-002,-1.080013725352172e-001, 1.834081917739189e-001, 4.974561170296006e-001, 5.535200080795533e-001, 5.247541769546329e-001, 1.943497440473561e-001
 7.692282000000000e+000,-6.466564090233234e-001, 1.899946579920309e-001,-4.479819390472606e-001, 2.586607540006969e-002,-1.082759669912066e-001, 1.826772935553060e-001, 4.957652162554741e-001, 5.540711333070071e-001, 5.236991880083126e-001, 1.957249034972342e-001
 7.696448999999999e+000,-6.464929986294933e-001, 1.902213381733018e-001,-4.480810948312033e-001, 2.439654678389025e-002,-1.084907657295295e-001, 1.820215843632665e-001, 4.939440287082961e-001, 5.549448505993747e-001, 5.223857545889907e-001, 1.970770821397558e-001
 7.700615999999999e+000,-6.462999885561791e-001, 1.904091279507107e-001,-4.482149056982880e-001, 2.291875038921942e-002,-1.086491558759037e-001, 1.814347441154467e-001, 4.919943046505407e-001, 5.561192376753081e-001, 5.208344140422763e-001, 1.983962953465019e-001
 7.704782999999999e+000,-6.460778894919682e-001, 1.905580680491732e-001,-4.483809219035987e-001, 2.143165910189038e-002,-1.087551373661614e-001, 1.809100798244620e-001, 4.899192837797913e-001, 5.575681661956898e-001, 5.190684706225071e-001, 1.996721267704192e-001
 7.708950000000000e+000,-6.458272626172599e-001, 1.906684496974025e-001,-4.485764646107172e-001, 1.993346351090763e-002,-1.088132235758691e-001, 1.804403815352914e-001, 4.877224502610572e-001, 5.592628313135138e-001, 5.171125643098353e-001, 2.008946493524583e-001
 7.713117000000000e+000,-6.455491911490441e-001, 1.907410375546212e-001,-4.487991640399540e-001, 1.842299034163930e-002,-1.088282816938750e-001, 1.800186170120594e-001, 4.854086501661248e-001, 5.611717717593509e-001, 5.149933590179416e-001, 2.020537192267693e-001
 7.717283999999999e+000,-6.452446577682561e-001, 1.907766338534149e-001,-4.490461856364415e-001, 1.689840932604758e-002,-1.088053212827700e-001, 1.796375643722429e-001, 4.829828765494178e-001, 5.632623581520321e-001, 5.127379677817023e-001, 2.031399598851263e-001
 7.721450999999999e+000,-6.449150007662327e-001, 1.907763844844668e-001,-4.493148126516473e-001, 1.535837465518242e-002,-1.087494256081234e-001, 1.792903204503434e-001, 4.804510522277557e-001, 5.655008857016129e-001, 5.103744351071082e-001, 2.041443857300272e-001
 7.725617999999999e+000,-6.445617068030832e-001, 1.907417370443887e-001,-4.496025212292037e-001, 1.380145173045277e-002,-1.086656819910731e-001, 1.789702194342244e-001, 4.778186826694967e-001, 5.678542618874101e-001, 5.079302748148460e-001, 2.050592781050261e-001
 7.729785000000000e+000,-6.441863480158891e-001, 1.906741873484643e-001,-4.499065716142376e-001, 1.222602774623116e-002,-1.085586279304440e-001, 1.786709720012451e-001, 4.750919832359788e-001, 5.702900842991908e-001, 5.054324222954030e-001, 2.058772706097745e-001
 7.733952000000000e+000,-6.437908315248719e-001, 1.905756127752458e-001,-4.502246092921260e-001, 1.063158725455971e-002,-1.084328533387926e-001, 1.783868993002477e-001, 4.722774536774100e-001, 5.727769739774065e-001, 5.029075485908408e-001, 2.065924937907835e-001
 7.738118999999999e+000,-6.433769882941806e-001, 1.904479357432738e-001,-4.505544472280197e-001, 9.017088091802794e-003,-1.082923193980939e-001, 1.781127213877155e-001, 4.693806174582515e-001, 5.752866675215774e-001, 5.003798454721360e-001, 2.072003804125167e-001
 7.742285999999999e+000,-6.429468407101922e-001, 1.902932025733273e-001,-4.508940068782029e-001, 7.382251404790763e-003,-1.081404894526252e-001, 1.778438177604999e-001, 4.664077108831513e-001, 5.777928796689168e-001, 4.978724230392251e-001, 2.076973821793303e-001
 7.746452999999999e+000,-6.425023674750122e-001, 1.901134851506934e-001,-4.512415025836261e-001, 5.726770296589523e-003,-1.079802035914759e-001, 1.775761086216385e-001, 4.633641883717446e-001, 5.802729544927677e-001, 4.954057664568636e-001, 2.080813122614877e-001
 7.750620000000000e+000,-6.420456223912820e-001, 1.899108960820839e-001,-4.515953352545831e-001, 4.050884187476456e-003,-1.078137007171540e-001, 1.773061582646910e-001, 4.602557018662288e-001, 5.827072582835168e-001, 4.929984285732423e-001, 2.083511460850647e-001
 7.754786999999999e+000,-6.415787467562270e-001, 1.896875910029006e-001,-4.519540652407005e-001, 2.355499309819154e-003,-1.076426327427600e-001, 1.770311886730445e-001, 4.570883149372428e-001, 5.850792004772104e-001, 4.906670313795258e-001, 2.085070713165757e-001
 7.758953999999999e+000,-6.411036883871778e-001, 1.894456230662678e-001,-4.523166032843022e-001, 6.412454826623115e-004,-1.074679900392416e-001, 1.767489129213687e-001, 4.538667342824359e-001, 5.873765919761208e-001, 4.884249224291182e-001, 2.085505525848314e-001
 7.763120999999999e+000,-6.406224779429572e-001, 1.891870611074691e-001,-4.526819683948413e-001,-1.090458595621957e-003,-1.072902486948317e-001, 1.764576833520117e-001, 4.505963063285973e-001, 5.895900462352036e-001, 4.862837088731666e-001, 2.084841491622245e-001
 7.767288000000000e+000,-6.401369905758778e-001, 1.889138634988170e-001,-4.530494357567034e-001,-2.838227522593328e-003,-1.071093469330816e-001, 1.761563219726485e-001, 4.472815069682958e-001, 5.917139021597095e-001, 4.842522719983382e-001, 2.083114838217041e-001
 7.771455000000000e+000,-6.396491807022715e-001, 1.886277124027680e-001,-4.534173643897691e-001,-4.600049718419097e-003,-1.069248442838959e-001, 1.758439486864773e-001, 4.439263100476308e-001, 5.937445021946731e-001, 4.823385405308569e-001, 2.080386799098128e-001
 7.775621999999999e+000,-6.391605683679849e-001, 1.883308885077812e-001,-4.537873927938860e-001,-6.374057534625388e-003,-1.067359175956639e-001, 1.755207432060965e-001, 4.405364465072051e-001, 5.956831496110211e-001, 4.805455232071854e-001, 2.076681751983178e-001
 7.779788999999999e+000,-6.386728809422536e-001, 1.880248378043952e-001,-4.541580509088960e-001,-8.158012608075138e-003,-1.065414590912928e-001, 1.751865652548862e-001, 4.371150808801933e-001, 5.975314117860805e-001, 4.788770584799940e-001, 2.072076911530249e-001
 7.783955999999999e+000,-6.381877103863860e-001, 1.877112098262708e-001,-4.545289170538527e-001,-9.949139307058097e-003,-1.063402901099932e-001, 1.748418667277895e-001, 4.336667684745257e-001, 5.992930204611294e-001, 4.773347841660742e-001, 2.066641840216155e-001
 7.788123000000000e+000,-6.377063267268772e-001, 1.873914207194283e-001,-4.548996997478826e-001,-1.174519507722427e-002,-1.061311160772455e-001, 1.744871968587599e-001, 4.301946555164693e-001, 6.009738219508302e-001, 4.759182656343648e-001, 2.060449219278431e-001
 7.792290000000000e+000,-6.372299688673377e-001, 1.870668446448307e-001,-4.552699658890688e-001,-1.354340233333096e-002,-1.059127447362146e-001, 1.741233521660606e-001, 4.267026594349211e-001, 6.025802276611577e-001, 4.746261811174790e-001, 2.053576632073523e-001
 7.796456999999999e+000,-6.367596288364313e-001, 1.867386794721451e-001,-4.556392623340059e-001,-1.534126474699837e-002,-1.056840798150555e-001, 1.737511717942780e-001, 4.231940185870217e-001, 6.041195606779624e-001, 4.734558713706285e-001, 2.046102713908099e-001
 7.800623999999999e+000,-6.362962153898216e-001, 1.864080670567512e-001,-4.560069562448765e-001,-1.713598015719864e-002,-1.054442669171395e-001, 1.733716199528236e-001, 4.196725592002462e-001, 6.055991355569963e-001, 4.724039643048710e-001, 2.038108178036223e-001
 7.804790999999999e+000,-6.358403887972632e-001, 1.860759867336872e-001,-4.563723404980732e-001,-1.892511507129235e-002,-1.051926671219487e-001, 1.729856176458071e-001, 4.161415000036380e-001, 6.070264945543573e-001, 4.714661122408543e-001, 2.029671941277877e-001
 7.808958000000000e+000,-6.353926909331042e-001, 1.857433546702212e-001,-4.567345201756502e-001,-2.070616287793192e-002,-1.049289544249334e-001, 1.725941148899075e-001, 4.126044302619922e-001, 6.084087538218013e-001, 4.706374244439475e-001, 2.020871980045871e-001
 7.813124999999999e+000,-6.349536125658551e-001, 1.854110850730271e-001,-4.570923561168208e-001,-2.247632956127421e-002,-1.046531788927145e-001, 1.721981321486694e-001, 4.090658539235716e-001, 6.097522542360032e-001, 4.699126250292673e-001, 2.011785705916122e-001
 7.817291999999999e+000,-6.345233528436012e-001, 1.850799151483029e-001,-4.574446716376800e-001,-2.423357475511501e-002,-1.043656129960684e-001, 1.717985270275087e-001, 4.055292062800738e-001, 6.110632167101955e-001, 4.692857120551288e-001, 2.002483778350687e-001
 7.821458999999999e+000,-6.341021024933903e-001, 1.847506217940289e-001,-4.577900458697679e-001,-2.597555984480171e-002,-1.040668987307267e-001, 1.713962327929487e-001, 4.019990295055065e-001, 6.123468584416788e-001, 4.687505037105519e-001, 1.993034592044732e-001
 7.825626000000000e+000,-6.336898836291308e-001, 1.844239026372152e-001,-4.581269701677858e-001,-2.770037402300907e-002,-1.037579091077232e-001, 1.709921024049582e-001, 3.984795749343487e-001, 6.136079075889110e-001, 4.683004325858908e-001, 1.983499938086338e-001
 7.829793000000000e+000,-6.332866647603552e-001, 1.841004680876519e-001,-4.584537833935088e-001,-2.940613921421797e-002,-1.034397848975226e-001, 1.705870070058415e-001, 3.949756415687303e-001, 6.148503003339048e-001, 4.679287539319263e-001, 1.973936708242880e-001
 7.833959999999999e+000,-6.328924356811354e-001, 1.837811061452224e-001,-4.587686422577009e-001,-3.109074863993921e-002,-1.031139596706051e-001, 1.701819082507925e-001, 3.914931539684965e-001, 6.160770031218430e-001, 4.676286240955445e-001, 1.964398193341622e-001
 7.838126999999999e+000,-6.325069872685166e-001, 1.834665044880250e-001,-4.590697298437519e-001,-3.275285580961462e-002,-1.027819339656766e-001, 1.697776270319880e-001, 3.880371340015120e-001, 6.172907647497880e-001, 4.673929694182188e-001, 1.954928346929823e-001
 7.842293999999999e+000,-6.321301559632245e-001, 1.831574444547943e-001,-4.593550955399069e-001,-3.439088152479730e-002,-1.024454182460106e-001, 1.693750863651624e-001, 3.846137420698119e-001, 6.184934520124944e-001, 4.672147439572325e-001, 1.945567280361884e-001
 7.846461000000000e+000,-6.317616897703507e-001, 1.828546884871032e-001,-4.596227963286601e-001,-3.600362383621936e-002,-1.021061684781659e-001, 1.689751693621511e-001, 3.812289892225958e-001, 6.196865663255202e-001, 4.670868964994650e-001, 1.936347814950806e-001
 7.850628000000000e+000,-6.314013633793374e-001, 1.825590700657369e-001,-4.598708478809434e-001,-3.758979826288478e-002,-1.017660363908475e-001, 1.685788376597072e-001, 3.778896606396011e-001, 6.208709787212520e-001, 4.670025013255073e-001, 1.927298178227928e-001
 7.854794999999999e+000,-6.310488828537905e-001, 1.822714103269185e-001,-4.600973291723481e-001,-3.914848816182182e-002,-1.014268336245641e-001, 1.681870243092254e-001, 3.746023190893208e-001, 6.220473358714057e-001, 4.669548099949035e-001, 1.918439652855703e-001
 7.858961999999999e+000,-6.307039631059547e-001, 1.819925753347518e-001,-4.603003616674349e-001,-4.067883614969747e-002,-1.010903559318567e-001, 1.678007151250762e-001, 3.713738868404002e-001, 6.232159063650066e-001, 4.669373699519159e-001, 1.909788695427540e-001
 7.863128999999999e+000,-6.303663995515400e-001, 1.817235257620782e-001,-4.604781103429395e-001,-4.217974535641100e-002,-1.007584145980510e-001, 1.674210292477469e-001, 3.682121938916775e-001, 6.243764132149636e-001, 4.669441115884156e-001, 1.901359080267459e-001
 7.867296000000000e+000,-6.300358701899743e-001, 1.814651504840197e-001,-4.606289243093361e-001,-4.365076825330050e-002,-1.004326108130675e-001, 1.670489963399234e-001, 3.651240085402631e-001, 6.255287711396341e-001, 4.669694457688172e-001, 1.893157478262379e-001
 7.871462999999999e+000,-6.297121298776927e-001, 1.812184138471353e-001,-4.607512539105839e-001,-4.509124827148403e-002,-1.001144993544539e-001, 1.666857729424066e-001, 3.621167520817742e-001, 6.266724713899456e-001, 4.670083565579031e-001, 1.885188966820837e-001
 7.875629999999999e+000,-6.293948967660171e-001, 1.809842556912051e-001,-4.608437262788474e-001,-4.650081218845537e-002,-9.980546139960789e-002, 1.663325130419119e-001, 3.591973662669025e-001, 6.278069934431899e-001, 4.670564805262867e-001, 1.877455059493171e-001
 7.879796999999999e+000,-6.290839018772734e-001, 1.807636196414368e-001,-4.609051341536212e-001,-4.787913811867961e-002,-9.950674450943853e-002, 1.659904186526149e-001, 3.563727107496215e-001, 6.289316364220947e-001, 4.671101642760824e-001, 1.869955805404111e-001
 7.883963999999999e+000,-6.287789547064280e-001, 1.805574835457851e-001,-4.609344444614784e-001,-4.922565305805171e-002,-9.921952398056913e-002, 1.656608009069330e-001, 3.536500839192001e-001, 6.300452583482911e-001, 4.671664927307759e-001, 1.862692197103300e-001
 7.888131000000000e+000,-6.284797571042329e-001, 1.803667164590486e-001,-4.609308302655000e-001,-5.054033990700457e-002,-9.894473320997640e-002, 1.653448649983463e-001, 3.510354983446750e-001, 6.311469206310160e-001, 4.672233439753701e-001, 1.855662587027904e-001
 7.892297999999999e+000,-6.281860708721699e-001, 1.801921818716556e-001,-4.608936438092018e-001,-5.182298844341648e-002,-9.868323304111742e-002, 1.650438803480593e-001, 3.485351390953134e-001, 6.322352548245314e-001, 4.672793582866865e-001, 1.848867508497580e-001
 7.896464999999999e+000,-6.278976279044256e-001, 1.800346651770683e-001,-4.608224197967773e-001,-5.307358477177226e-002,-9.843574333374849e-002, 1.647590719078222e-001, 3.461545078194669e-001, 6.333087653240290e-001, 4.673339395278826e-001, 1.842308324864485e-001
 7.900631999999999e+000,-6.276141930950809e-001, 1.798948991726592e-001,-4.607168794477112e-001,-5.429204312816416e-002,-9.820291276176532e-002, 1.644916716779599e-001, 3.438988755084200e-001, 6.343655891321923e-001, 4.673872141677480e-001, 1.835989292701555e-001
 7.904799000000000e+000,-6.273355080674817e-001, 1.797735214268657e-001,-4.605769117322812e-001,-5.547845559737508e-002,-9.798528281614652e-002, 1.642428522549044e-001, 3.417727410361791e-001, 6.354037110970831e-001, 4.674399989492248e-001, 1.829916799855885e-001
 7.908966000000000e+000,-6.270613267087154e-001, 1.796710829383945e-001,-4.604025744274632e-001,-5.663294285016751e-002,-9.778332633901007e-002, 1.640137547092306e-001, 3.397800639666482e-001, 6.364208561992817e-001, 4.674937363331417e-001, 1.824100534847088e-001
 7.913132999999999e+000,-6.267914886150915e-001, 1.795880556186575e-001,-4.601941536427430e-001,-5.775535277700250e-002,-9.759749921659276e-002, 1.638055365422999e-001, 3.379246987063600e-001, 6.374142584378610e-001, 4.675504078735084e-001, 1.818555085094203e-001
 7.917299999999999e+000,-6.265257573481734e-001, 1.795247615616038e-001,-4.599520525928483e-001,-5.884593561750062e-002,-9.742812334872207e-002, 1.636192334388193e-001, 3.362091981712874e-001, 6.383813091654012e-001, 4.676124806638411e-001, 1.813296384742617e-001
 7.921466999999999e+000,-6.262639643582776e-001, 1.794814111035197e-001,-4.596768865790206e-001,-5.990473897045945e-002,-9.727548579931673e-002, 1.634558706820200e-001, 3.346358216053497e-001, 6.393190852252425e-001, 4.676827752695907e-001, 1.808344309664901e-001
 7.925634000000000e+000,-6.260059395917861e-001, 1.794580687567267e-001,-4.593694255199674e-001,-6.093188642665526e-002,-9.713978817263994e-002, 1.633164028896673e-001, 3.332060624420365e-001, 6.402246549511824e-001, 4.677643671904144e-001, 1.803720733891522e-001
 7.929800999999999e+000,-6.257515327677422e-001, 1.794546508442350e-001,-4.590306021857231e-001,-6.192748247706570e-002,-9.702115848729795e-002, 1.632017242730485e-001, 3.319208120646656e-001, 6.410950502284135e-001, 4.678604631942065e-001, 1.799449263551235e-001
 7.933967999999999e+000,-6.255006870174875e-001, 1.794709118423508e-001,-4.586616164157004e-001,-6.289132737128611e-002,-9.691967492853085e-002, 1.631126862079831e-001, 3.307806979292891e-001, 6.419270786863105e-001, 4.679742451826465e-001, 1.795555485965417e-001
 7.938134999999999e+000,-6.252532868788919e-001, 1.795064399392981e-001,-4.582637205820436e-001,-6.382350455792230e-002,-9.683529048064891e-002, 1.630500264058275e-001, 3.297853511822889e-001, 6.427178991669960e-001, 4.681088095741606e-001, 1.792063542795661e-001
 7.942301999999999e+000,-6.250092868656210e-001, 1.795606558883010e-001,-4.578383867977319e-001,-6.472388134247331e-002,-9.676788158844968e-002, 1.630144209895621e-001, 3.289340604922720e-001, 6.434646500161755e-001, 4.682670011040226e-001, 1.788997279300652e-001
 7.946469000000000e+000,-6.247686576601306e-001, 1.796328185827547e-001,-4.573872204036868e-001,-6.559231739774196e-002,-9.671721760658292e-002, 1.630064611918547e-001, 3.282255388703095e-001, 6.441646863129300e-001, 4.684513325527937e-001, 1.786378443827068e-001
 7.950635999999999e+000,-6.245314200958082e-001, 1.797220264392831e-001,-4.569120070043222e-001,-6.642854820306110e-002,-9.668296048393174e-002, 1.630266564716281e-001, 3.276580573742823e-001, 6.448155389885361e-001, 4.686638691316798e-001, 1.784226085272200e-001
 7.954802999999999e+000,-6.242976176103022e-001, 1.798272388716540e-001,-4.564146474847861e-001,-6.723229435720390e-002,-9.666464759625931e-002, 1.630754351919603e-001, 3.272293851488147e-001, 6.454150608733759e-001, 4.689061732308066e-001, 1.782555280081467e-001
 7.958969999999999e+000,-6.240673268467067e-001, 1.799472940619922e-001,-4.558971592355094e-001,-6.800323036599321e-002,-9.666168499054777e-002, 1.631531564193190e-001, 3.269368713951938e-001, 6.459614547727201e-001, 4.691792482928689e-001, 1.781376457996355e-001
 7.963137000000000e+000,-6.238407330113103e-001, 1.800808864561825e-001,-4.553618417763480e-001,-6.874074882459169e-002,-9.667333543068263e-002, 1.632600830690870e-001, 3.267775254079349e-001, 6.464531650355899e-001, 4.694834107038748e-001, 1.780694887709579e-001
 7.967304000000000e+000,-6.236179900176927e-001, 1.802266648633275e-001,-4.548109493768623e-001,-6.944443174750759e-002,-9.669871565212145e-002, 1.633964380836817e-001, 3.267478706883259e-001, 6.468892419042241e-001, 4.698184594248640e-001, 1.780509430863320e-001
 7.971470999999999e+000,-6.233993267306517e-001, 1.803832009219417e-001,-4.542469236839698e-001,-7.011369915885113e-002,-9.673679834297692e-002, 1.635623735981859e-001, 3.268440965646055e-001, 6.472691124014097e-001, 4.701835758441915e-001, 1.780812659558919e-001
 7.975637999999999e+000,-6.231850023261087e-001, 1.805490347114791e-001,-4.536722891940707e-001,-7.074795121876054e-002,-9.678641751194614e-002, 1.637579905970053e-001, 3.270620271046173e-001, 6.475926815825064e-001, 4.705774335013881e-001, 1.781590514587460e-001
 7.979804999999999e+000,-6.229753175124803e-001, 1.807226852549639e-001,-4.530896850472455e-001,-7.134652668952768e-002,-9.684627294927498e-002, 1.639833259331868e-001, 3.273971164718426e-001, 6.478602975367721e-001, 4.709982499271099e-001, 1.782822241196174e-001
 7.983972000000000e+000,-6.227705882839264e-001, 1.809026852522868e-001,-4.525018013654871e-001,-7.190876806974456e-002,-9.691494389745255e-002, 1.642383647917356e-001, 3.278444672052854e-001, 6.480727559093890e-001, 4.714439173677221e-001, 1.784480570356517e-001
 7.988138999999999e+000,-6.225711318263517e-001, 1.810876039167133e-001,-4.519113474190238e-001,-7.243403895167999e-002,-9.699090201296182e-002, 1.645230458407272e-001, 3.283988665586157e-001, 6.482312569633575e-001, 4.719121260611723e-001, 1.786532134844771e-001
 7.992305999999999e+000,-6.223773230656877e-001, 1.812759952704104e-001,-4.513212407405913e-001,-7.292156190278143e-002,-9.707249343138824e-002, 1.648371445399164e-001, 3.290545664788815e-001, 6.483373160105690e-001, 4.724003073814052e-001, 1.788937124211507e-001
 7.996472999999999e+000,-6.221894584806210e-001, 1.814665260981181e-001,-4.507342187275782e-001,-7.337075528550185e-002,-9.715800075661295e-002, 1.651804393725274e-001, 3.298056261594816e-001, 6.483927970367265e-001, 4.729060409900114e-001, 1.791651253856494e-001
 8.000639999999999e+000,-6.220078294777931e-001, 1.816579103748794e-001,-4.501530691077910e-001,-7.378102112342710e-002,-9.724562913058095e-002, 1.655525818221008e-001, 3.306456769937571e-001, 6.483997724993663e-001, 4.734269636549784e-001, 1.794625670321801e-001
 8.004807000000000e+000,-6.218326815621594e-001, 1.818489471576330e-001,-4.495805202245940e-001,-7.415183332038677e-002,-9.733353744634486e-002, 1.659531293254015e-001, 3.315680028194324e-001, 6.483604713596395e-001, 4.739609389709854e-001, 1.797808200805374e-001
 8.008973999999999e+000,-6.216641934718289e-001, 1.820385418896633e-001,-4.490191835217679e-001,-7.448276678327481e-002,-9.741986466591510e-002, 1.663815692739456e-001, 3.325656140026682e-001, 6.482771989215395e-001, 4.745061829538146e-001, 1.801144622760999e-001
 8.013140999999999e+000,-6.215025300098018e-001, 1.822256447339079e-001,-4.484717396787653e-001,-7.477339273005867e-002,-9.750272111120720e-002, 1.668371509489191e-001, 3.336308646872737e-001, 6.481523096024000e-001, 4.750611359434522e-001, 1.804578469321361e-001
 8.017308000000000e+000,-6.213477313637021e-001, 1.824093761297538e-001,-4.479405692668575e-001,-7.502349224766447e-002,-9.758026783007970e-002, 1.673191516459684e-001, 3.347560764821858e-001, 6.479880895783066e-001, 4.756248691889207e-001, 1.808054258698270e-001
 8.021474999999999e+000,-6.211997783010141e-001, 1.825889558050413e-001,-4.474279663374570e-001,-7.523292534930137e-002,-9.765070812196407e-002, 1.678267099831393e-001, 3.359331530362503e-001, 6.477867287184370e-001, 4.761969169043159e-001, 1.811517290716973e-001
 8.025642000000000e+000,-6.210585717847410e-001, 1.827637258229271e-001,-4.469360623769721e-001,-7.540167367670358e-002,-9.771232487120357e-002, 1.683588742434925e-001, 3.371536959211134e-001, 6.475502570498309e-001, 4.767773735527112e-001, 1.814915222593949e-001
 8.029808999999998e+000,-6.209239312105614e-001, 1.829331519908697e-001,-4.464668077482124e-001,-7.552984691486064e-002,-9.776351160168541e-002, 1.689146091907943e-001, 3.384090349637436e-001, 6.472804840826872e-001, 4.773669173189576e-001, 1.818199271792959e-001
 8.033975999999999e+000,-6.207955936333290e-001, 1.830968209701611e-001,-4.460219543763515e-001,-7.561768674251135e-002,-9.780280401788875e-002, 1.694928003060965e-001, 3.396902717301054e-001, 6.469789362775154e-001, 4.779668104268851e-001, 1.821325305619352e-001
 8.038143000000000e+000,-6.206732016161232e-001, 1.832544464552233e-001,-4.456030024966752e-001,-7.566556985357464e-002,-9.782890938883199e-002, 1.700923157453186e-001, 3.409884679568290e-001, 6.466467680300356e-001, 4.785789384514394e-001, 1.824255062286786e-001
 8.042309999999999e+000,-6.205563528035311e-001, 1.834057904914497e-001,-4.452113639247073e-001,-7.567398982452711e-002,-9.784071870133571e-002, 1.707117577408116e-001, 3.422941813062843e-001, 6.462848631579728e-001, 4.792055163213140e-001, 1.826955719388372e-001
 8.046476999999999e+000,-6.204445252764316e-001, 1.835507431176098e-001,-4.448481007005180e-001,-7.564358147903061e-002,-9.783733856181645e-002, 1.713498307748888e-001, 3.435983371514635e-001, 6.458936066455593e-001, 4.798494124646231e-001, 1.829402294271573e-001
 8.050643999999998e+000,-6.203371256137249e-001, 1.836892435073547e-001,-4.445140937566723e-001,-7.557508840630023e-002,-9.781808975338331e-002, 1.720051209941041e-001, 3.448918193328276e-001, 6.454729977735170e-001, 4.805138531375306e-001, 1.831576791860320e-001
 8.054810999999999e+000,-6.202334818476234e-001, 1.838212703619457e-001,-4.442100229346162e-001,-7.546936163977613e-002,-9.778251474906109e-002, 1.726761323726489e-001, 3.461656266220293e-001, 6.450226441564892e-001, 4.812023817106170e-001, 1.833468562016881e-001
 8.058978000000000e+000,-6.201328299302361e-001, 1.839468389874976e-001,-4.439363420565847e-001,-7.532733086208809e-002,-9.773036824389404e-002, 1.733613869272458e-001, 3.474111282708533e-001, 6.445417255918887e-001, 4.819188727081913e-001, 1.835074500137504e-001
 8.063144999999999e+000,-6.200342319400445e-001, 1.840659872331798e-001,-4.436947725857984e-001,-7.515013558533346e-002,-9.766204347768585e-002, 1.740595191804739e-001, 3.486215476889003e-001, 6.440302460275298e-001, 4.826651660937640e-001, 1.836366805850854e-001
 8.067311999999999e+000,-6.199370064878250e-001, 1.841785921703441e-001,-4.434827479479315e-001,-7.493869324347213e-002,-9.757689402528338e-002, 1.747681756164918e-001, 3.497850597727328e-001, 6.434848389429420e-001, 4.834492149054901e-001, 1.837418401553848e-001
 8.071479000000000e+000,-6.198400523342064e-001, 1.842846633377242e-001,-4.433016273453837e-001,-7.469425728761614e-002,-9.747564922631645e-002, 1.754860708155672e-001, 3.508960252239788e-001, 6.429049691252790e-001, 4.842730034868978e-001, 1.838214459009877e-001
 8.075645999999999e+000,-6.197423094822958e-001, 1.843840829302905e-001,-4.431513459770001e-001,-7.441803577686357e-002,-9.735878865716395e-002, 1.762114953344252e-001, 3.519473854783682e-001, 6.422890612485704e-001, 4.851402238596250e-001, 1.838776077265155e-001
 8.079813000000000e+000,-6.196426446759487e-001, 1.844766546580323e-001,-4.430317645810287e-001,-7.411125253851414e-002,-9.722689642826946e-002, 1.769427669313288e-001, 3.529327531882832e-001, 6.416355437349650e-001, 4.860542590535455e-001, 1.839128226420857e-001
 8.083979999999999e+000,-6.195398655199669e-001, 1.845620774016150e-001,-4.429427069098904e-001,-7.377515332434026e-002,-9.708063779924668e-002, 1.776781885226745e-001, 3.538463943353204e-001, 6.409429899168521e-001, 4.870179743742935e-001, 1.839298548334773e-001
 8.088146999999999e+000,-6.194327105964477e-001, 1.846399428974583e-001,-4.428839692160556e-001,-7.341092812683669e-002,-9.692069823488135e-002, 1.784161952367504e-001, 3.546834411140082e-001, 6.402100785076031e-001, 4.880337552901084e-001, 1.839316208707256e-001
 8.092313999999998e+000,-6.193199114389462e-001, 1.847096839781779e-001,-4.428553707098894e-001,-7.301986254727333e-002,-9.674781975954264e-002, 1.791550308986872e-001, 3.554395498819794e-001, 6.394360235563817e-001, 4.891029038687549e-001, 1.839210700873410e-001
 8.096480999999999e+000,-6.192001438525718e-001, 1.847706091917369e-001,-4.428567388717661e-001,-7.260309731830072e-002,-9.656266081945539e-002, 1.798932226711935e-001, 3.561114564140857e-001, 6.386202291696826e-001, 4.902261307896358e-001, 1.839010607695641e-001
 8.100648000000000e+000,-6.190720800361337e-001, 1.848218630324723e-001,-4.428879638855605e-001,-7.216171262023674e-002,-9.636579359720772e-002, 1.806293736042769e-001, 3.566967117236518e-001, 6.377626208773608e-001, 4.914031346380594e-001, 1.838742200802321e-001
 8.104814999999999e+000,-6.189344156748994e-001, 1.848624148721991e-001,-4.429490194898421e-001,-7.169671738127370e-002,-9.615765497630985e-002, 1.813621756621830e-001, 3.571937070140792e-001, 6.368637947886573e-001, 4.926324667636166e-001, 1.838428111620168e-001
 8.108981999999999e+000,-6.187858774144542e-001, 1.848910558805710e-001,-4.430399962084842e-001,-7.120896162828516e-002,-9.593846016579902e-002, 1.820905387147563e-001, 3.576017584058466e-001, 6.359250250767236e-001, 4.939116165151245e-001, 1.838086030858091e-001
 8.113149000000000e+000,-6.186252648660505e-001, 1.849063891734910e-001,-4.431611215412076e-001,-7.069916363319440e-002,-9.570816917383637e-002, 1.828135325417307e-001, 3.579210330973955e-001, 6.349484842841988e-001, 4.952368217149834e-001, 1.837727636605608e-001
 8.117315999999999e+000,-6.184514385162206e-001, 1.849068337941022e-001,-4.433128121348545e-001,-7.016776739781694e-002,-9.546638125552831e-002, 1.835305780523775e-001, 3.581525837570764e-001, 6.339371165374758e-001, 4.966033613644179e-001, 1.837357647408036e-001
 8.121483000000000e+000,-6.182634270879335e-001, 1.848906301225748e-001,-4.434956210046036e-001,-6.961517912506743e-002,-9.521240799731166e-002, 1.842411168133620e-001, 3.582981721251005e-001, 6.328952030278193e-001, 4.980049156877824e-001, 1.836973474300810e-001
 8.125649999999999e+000,-6.180603430840895e-001, 1.848558539627394e-001,-4.437103380306536e-001,-6.904142930868895e-002,-9.494509457704720e-002, 1.849450608893911e-001, 3.583603421515142e-001, 6.318277862502481e-001, 4.994344579284049e-001, 1.836564889194748e-001
 8.129816999999999e+000,-6.178414409584023e-001, 1.848004263843557e-001,-4.439579619593404e-001,-6.844630587598699e-002,-9.466286726869248e-002, 1.856425861420967e-001, 3.583422174580550e-001, 6.307409348084667e-001, 5.008839730790102e-001, 1.836114436824705e-001
 8.133984000000000e+000,-6.176061426691657e-001, 1.847221417126810e-001,-4.442396691984583e-001,-6.782939830545010e-002,-9.436375863123928e-002, 1.863340690465545e-001, 3.582473851572876e-001, 6.296417536984048e-001, 5.023444752647039e-001, 1.835598274290910e-001
 8.138150999999999e+000,-6.173539773265464e-001, 1.846186730298012e-001,-4.445568649829397e-001,-6.718994534577583e-002,-9.404535438277512e-002, 1.870202362606357e-001, 3.580797158812512e-001, 6.285379635293478e-001, 5.038065420101541e-001, 1.834987400885579e-001
 8.142318000000000e+000,-6.170847033991396e-001, 1.844876539339009e-001,-4.449109886361257e-001,-6.652718037210059e-002,-9.370500290686590e-002, 1.877017641698008e-001, 3.578432589076790e-001, 6.274382695519971e-001, 5.052597454895742e-001, 1.834249856668438e-001
 8.146484999999998e+000,-6.167981493275414e-001, 1.843266592118400e-001,-4.453036493912997e-001,-6.583997855764689e-002,-9.333969591088320e-002, 1.883796355544228e-001, 3.575419499642958e-001, 6.263514432793496e-001, 5.066937451745326e-001, 1.833352647709335e-001
 8.150651999999999e+000,-6.164942583650428e-001, 1.841332646477445e-001,-4.457365013854817e-001,-6.512704897599542e-002,-9.294622772411634e-002, 1.890548958873871e-001, 3.571794137361945e-001, 6.252863236179475e-001, 5.080981327653578e-001, 1.832264314084042e-001
 8.154819000000000e+000,-6.161731078117436e-001, 1.839051214589083e-001,-4.462111279445075e-001,-6.438705344162043e-002,-9.252133851095000e-002, 1.897285182417611e-001, 3.567587975780008e-001, 6.242516162729176e-001, 5.094625357751461e-001, 1.830957659407454e-001
 8.158985999999999e+000,-6.158348299418319e-001, 1.836399715917167e-001,-4.467290623020601e-001,-6.361850119488954e-002,-9.206174143135239e-002, 1.904014818621666e-001, 3.562824872338687e-001, 6.232553439975429e-001, 5.107771771201151e-001, 1.829412146071649e-001
 8.163152999999999e+000,-6.154796614230643e-001, 1.833357554159638e-001,-4.472916189768708e-001,-6.281994371859456e-002,-9.156432797136845e-002, 1.910745781976821e-001, 3.557519966089801e-001, 6.223047179963656e-001, 5.120328765327802e-001, 1.827616625758768e-001
 8.167319999999998e+000,-6.151078242278573e-001, 1.829905882558049e-001,-4.478999850850048e-001,-6.198978375129971e-002,-9.102614700736565e-002, 1.917485596239610e-001, 3.551676464046471e-001, 6.214055201820266e-001, 5.132217008595159e-001, 1.825570968729743e-001
 8.171486999999999e+000,-6.147197099851449e-001, 1.826030060281372e-001,-4.485548285984651e-001,-6.112676166406961e-002,-9.044481684173676e-002, 1.924237305551914e-001, 3.545287438979420e-001, 6.205622818793807e-001, 5.143365767042409e-001, 1.823288865284847e-001
 8.175654000000000e+000,-6.143156486720274e-001, 1.821718330003885e-001,-4.492565871026718e-001,-6.022950529389015e-002,-8.981833875848211e-002, 1.931003144692565e-001, 3.538331616155990e-001, 6.197774501831250e-001, 5.153722676139179e-001, 1.820797916190996e-001
 8.179820999999999e+000,-6.138959729956286e-001, 1.816963002197249e-001,-4.500053007624482e-001,-5.929673170521466e-002,-8.914531633288116e-002, 1.937782798950027e-001, 3.530774004901263e-001, 6.190513800877079e-001, 5.163252915762224e-001, 1.818140627019394e-001
 8.183987999999999e+000,-6.134610751014858e-001, 1.811761777322012e-001,-4.508004560424329e-001,-5.832741337197822e-002,-8.842516968007975e-002, 1.944572280706327e-001, 3.522567127492760e-001, 6.183822620929195e-001, 5.171939641720931e-001, 1.815374813889547e-001
 8.188154999999998e+000,-6.130112589357467e-001, 1.806116549796601e-001,-4.516412239816556e-001,-5.732046949903591e-002,-8.765799294926963e-002, 1.951366240489401e-001, 3.513648878095337e-001, 6.177657871251837e-001, 5.179788333572279e-001, 1.812572024682378e-001
 8.192321999999999e+000,-6.125469905249855e-001, 1.800036878535267e-001,-4.525259952694860e-001,-5.627532387796075e-002,-8.684504715028306e-002, 1.958154329581537e-001, 3.503948437493371e-001, 6.171954903315164e-001, 5.186822983445372e-001, 1.809817725507148e-001
 8.196489000000000e+000,-6.120686427662352e-001, 1.793537056960060e-001,-4.534528816545968e-001,-5.519131043401293e-002,-8.598836623984234e-002, 1.964925511715073e-001, 3.493382763166664e-001, 6.166624613319913e-001, 5.193091049355334e-001, 1.807207528911086e-001
 8.200655999999999e+000,-6.115765892579120e-001, 1.786637177308199e-001,-4.544196069370552e-001,-5.406783358243916e-002,-8.509090637355947e-002, 1.971667104543778e-001, 3.481859986128612e-001, 6.161556771029085e-001, 5.198660829086741e-001, 1.804844983728637e-001
 8.204822999999999e+000,-6.110713126676303e-001, 1.779364455540136e-001,-4.554233767516925e-001,-5.290454880652296e-002,-8.415670658791871e-002, 1.978363997023516e-001, 3.469284053057651e-001, 6.156623700945871e-001, 5.203619099935142e-001, 1.802838700942000e-001
 8.208990000000000e+000,-6.105532851457229e-001, 1.771751145085461e-001,-4.564612163677055e-001,-5.170100720299153e-002,-8.319059824410029e-002, 1.985001061069556e-001, 3.455554263225080e-001, 6.151682402380216e-001, 5.208070610853541e-001, 1.801298010040082e-001
 8.213156999999999e+000,-6.100231301131650e-001, 1.763836255208438e-001,-4.575297667892137e-001,-5.045693643578031e-002,-8.219839847459368e-002, 1.991561803011226e-001, 3.440571832441744e-001, 6.146580220054857e-001, 5.212133875879341e-001, 1.800329511105872e-001
 8.217324000000000e+000,-6.094814506720424e-001, 1.755662233643198e-001,-4.586257537517056e-001,-4.917174429479099e-002,-8.118645664573763e-002, 1.998031272348115e-001, 3.424237785403664e-001, 6.141157838560086e-001, 5.215939313726050e-001, 1.800032482091591e-001
 8.221490999999999e+000,-6.089291607640553e-001, 1.747279010779432e-001,-4.597454443281843e-001,-4.784521159534538e-002,-8.016211359196467e-002, 2.004392721324898e-001, 3.406465528710024e-001, 6.135257803277503e-001, 5.219622983046239e-001, 1.800494984850118e-001
 8.225657999999999e+000,-6.083671853640499e-001, 1.738738443079237e-001,-4.608853719639789e-001,-4.647671057460778e-002,-7.913295778090339e-002, 2.010631824239886e-001, 3.387175191957841e-001, 6.128727337097379e-001, 5.223324505061036e-001, 1.801789314903788e-001
 8.229824999999998e+000,-6.077965479369494e-001, 1.730094471831774e-001,-4.620422685487722e-001,-4.506534728391398e-002,-7.810679637454268e-002, 2.016735918316554e-001, 3.366298731537217e-001, 6.121424973277085e-001, 5.227181827745362e-001, 1.803968533856828e-001
 8.233991999999999e+000,-6.072184983451970e-001, 1.721403856600927e-001,-4.632128971759570e-001,-4.361024641187972e-002,-7.709167781609254e-002, 2.022692887176655e-001, 3.343787779576176e-001, 6.113228280440493e-001, 5.231325734953223e-001, 1.807062311185108e-001
 8.238159000000000e+000,-6.066342670624172e-001, 1.712721202295884e-001,-4.643946240833550e-001,-4.210993352975523e-002,-7.609524154529732e-002, 2.028493804303741e-001, 3.319607645527512e-001, 6.104036623541854e-001, 5.235876945215461e-001, 1.811074742799279e-001
 8.242325999999999e+000,-6.060453916623174e-001, 1.704102517969330e-001,-4.655848123840988e-001,-4.056319087277682e-002,-7.512506591738624e-002, 2.034129497364329e-001, 3.293753918432752e-001, 6.093782008103448e-001, 5.240939104980291e-001, 1.815979380877491e-001
 8.246492999999999e+000,-6.054533517041837e-001, 1.695598392639368e-001,-4.667815958106084e-001,-3.896818357929544e-002,-7.418781986546121e-002, 2.039593933266650e-001, 3.266241505429038e-001, 6.082429259163820e-001, 5.246597094983492e-001, 1.821718750095385e-001
 8.250660000000000e+000,-6.048596094226568e-001, 1.687253292558577e-001,-4.679838146386181e-001,-3.732261502686218e-002,-7.328914728541183e-002, 2.044883210236944e-001, 3.237109050349778e-001, 6.069981024265512e-001, 5.252912922732183e-001, 1.828202245478360e-001
 8.254826999999999e+000,-6.042657276482409e-001, 1.679105810640786e-001,-4.691907823364740e-001,-3.562414663792457e-002,-7.243364804823220e-002, 2.049993991999133e-001, 3.206428348824345e-001, 6.056484417668273e-001, 5.259920847349182e-001, 1.835303007809618e-001
 8.258994000000000e+000,-6.036731303025213e-001, 1.671184234707277e-001,-4.704027560989595e-001,-3.386983255703102e-002,-7.162436827973606e-002, 2.054925237614020e-001, 3.174295257146212e-001, 6.042028067506784e-001, 5.267627591872981e-001, 1.842860097113137e-001
 8.263160999999998e+000,-6.030833063901419e-001, 1.663509283487958e-001,-4.716204610357371e-001,-3.205679665960082e-002,-7.086307160728581e-002, 2.059676311032101e-001, 3.140840901564180e-001, 6.026744547525994e-001, 5.276010046920892e-001, 1.850678216177381e-001
 8.267327999999999e+000,-6.024975817713096e-001, 1.656092406648795e-001,-4.728454250866037e-001,-3.018162211564057e-002,-7.015008824906978e-002, 2.064248877879401e-001, 3.106217220398710e-001, 6.010796908561189e-001, 5.285021441116058e-001, 1.858536102176847e-001
 8.271495000000000e+000,-6.019175232307397e-001, 1.648943204266791e-001,-4.740789292232934e-001,-2.824170145109006e-002,-6.948511012431197e-002, 2.068643530702929e-001, 3.070616255896074e-001, 5.994377384175109e-001, 5.294590532095675e-001, 1.866189872467264e-001
 8.275661999999999e+000,-6.013446319476218e-001, 1.642067766538329e-001,-4.753223817738498e-001,-2.623440472833183e-002,-6.886712833970100e-002, 2.072861678817690e-001, 3.034246998537246e-001, 5.977686010905160e-001, 5.304631843555097e-001, 1.873388261755571e-001
 8.279828999999999e+000,-6.007804110693362e-001, 1.635471559162209e-001,-4.765769178896568e-001,-2.415738963674685e-002,-6.829484861562493e-002, 2.076904036702396e-001, 2.997332112294922e-001, 5.960919599167261e-001, 5.315050607607472e-001, 1.879883817320135e-001
 8.283995999999998e+000,-6.002265261389457e-001, 1.629162723706055e-001,-4.778427795584457e-001,-2.200935735924414e-002,-6.776712086558653e-002, 2.080768410085685e-001, 2.960111839470944e-001, 5.944265758746903e-001, 5.325744882654417e-001, 1.885443204496934e-001
 8.288162999999999e+000,-5.996845565283778e-001, 1.623150145889294e-001,-4.791196265404513e-001,-1.978931803695394e-002,-6.728290754930243e-002, 2.084450422976063e-001, 2.922821613070334e-001, 5.927886888554960e-001, 5.336614641028064e-001, 1.889861442747066e-001
 8.292330000000000e+000,-5.991561767682307e-001, 1.617446111868812e-001,-4.804059161475814e-001,-1.749747454266415e-002,-6.684163324779452e-002, 2.087941341561665e-001, 2.885698769980012e-001, 5.911919295675454e-001, 5.347562213294919e-001, 1.892970059863384e-001
 8.296496999999999e+000,-5.986428692319157e-001, 1.612063396166075e-001,-4.816994316737348e-001,-1.513418548329715e-002,-6.644306443712976e-002, 2.091229354510609e-001, 2.848958182644988e-001, 5.896460694508237e-001, 5.358501373226092e-001, 1.894647029961810e-001
 8.300663999999999e+000,-5.981462219350758e-001, 1.607018389291144e-001,-4.829964442981944e-001,-1.270143538930468e-002,-6.608763851196775e-002, 2.094297295481171e-001, 2.812809999217302e-001, 5.881577734496890e-001, 5.369353671884625e-001, 1.894820807420213e-001
 8.304831000000000e+000,-5.976676020418120e-001, 1.602327304601421e-001,-4.842924677248680e-001,-1.020151775968037e-002,-6.577624333204692e-002, 2.097124776629472e-001, 2.777434648713064e-001, 5.867296893084371e-001, 5.380057077311711e-001, 1.893474894765966e-001
 8.308997999999999e+000,-5.972081673419454e-001, 1.598005957362760e-001,-4.855822671836474e-001,-7.637068366765254e-003,-6.551026138904685e-002, 2.099688308567048e-001, 2.742982905269409e-001, 5.853607541798247e-001, 5.390566900640588e-001, 1.890646865764211e-001
 8.313165000000000e+000,-5.967689987119305e-001, 1.594070466266930e-001,-4.868595336105859e-001,-5.011866393407116e-003,-6.529163170327688e-002, 2.101961069447323e-001, 2.709587133125136e-001, 5.840470056171636e-001, 5.400852826538989e-001, 1.886426715188348e-001
 8.317331999999999e+000,-5.963508464621744e-001, 1.590534337565599e-001,-4.881176794771394e-001,-2.329430992048964e-003,-6.512266957543052e-002, 2.103914971629700e-001, 2.677344997317784e-001, 5.827813441475428e-001, 5.410903865085346e-001, 1.880950412187062e-001
 8.321498999999999e+000,-5.959543956279931e-001, 1.587410264685900e-001,-4.893491691672851e-001, 4.053527272707136e-004,-6.500612699237644e-002, 2.105520157141027e-001, 2.646343645947019e-001, 5.815549260628238e-001, 5.420720324717476e-001, 1.874396191397495e-001
 8.325665999999998e+000,-5.955800197184893e-001, 1.584707462643784e-001,-4.905463853340455e-001, 3.187767279622555e-003,-6.494498439597889e-002, 2.106747219388044e-001, 2.616645454444003e-001, 5.803570741071086e-001, 5.430317255240977e-001, 1.866973978520605e-001
 8.329832999999999e+000,-5.952278129383788e-001, 1.582431742808665e-001,-4.917017413041875e-001, 6.013305159298987e-003,-6.494238807599266e-002, 2.107567950446159e-001, 2.588294626543069e-001, 5.791760177425428e-001, 5.439721394133357e-001, 1.858915744755440e-001
 8.334000000000000e+000,-5.948977362209460e-001, 1.580586281190792e-001,-4.928074212379042e-001, 8.876704058659923e-003,-6.500154119114936e-002, 2.107956124346591e-001, 2.561332668794111e-001, 5.780000212491832e-001, 5.448964931457039e-001, 1.850469148662683e-001
 8.338166999999999e+000,-5.945894726702347e-001, 1.579170622681310e-001,-4.938560900811964e-001, 1.177333039585671e-002,-6.512558296199066e-002, 2.107889042030559e-001, 2.535789603154748e-001, 5.768174968220192e-001, 5.458087098422193e-001, 1.841884996387924e-001
 8.342333999999999e+000,-5.943026001868634e-001, 1.578181763302529e-001,-4.948405628652808e-001, 1.469796159219672e-002,-6.531745206405254e-002, 2.107348443567147e-001, 2.511699862383084e-001, 5.756181345982879e-001, 5.467127228648585e-001, 1.833412932637891e-001
 8.346501000000000e+000,-5.940364604417193e-001, 1.577613891229632e-001,-4.957544787288671e-001, 1.764635927831737e-002,-6.557987621335965e-002, 2.106321267691656e-001, 2.489092355412103e-001, 5.743927658098951e-001, 5.476126879137024e-001, 1.825290029503468e-001
 8.350667999999999e+000,-5.937903739790554e-001, 1.577459490435840e-001,-4.965917586254044e-001, 2.061334392296321e-002,-6.591516889961416e-002, 2.104800697680079e-001, 2.468008943507818e-001, 5.731345182447052e-001, 5.485121213698463e-001, 1.817740467801759e-001
 8.354835000000000e+000,-5.935635141077917e-001, 1.577709393889961e-001,-4.973471883855613e-001, 2.359435820177791e-002,-6.632529754787295e-002, 2.102786130326335e-001, 2.448493848219700e-001, 5.718383739856801e-001, 5.494141210018615e-001, 1.810966415737799e-001
 8.359001999999999e+000,-5.933549451254547e-001, 1.578353695170571e-001,-4.980163780856116e-001, 2.658548387523507e-002,-6.681193745546413e-002, 2.100282716916178e-001, 2.430596487701294e-001, 5.705011782491848e-001, 5.503211224720741e-001, 1.805145320702241e-001
 8.363168999999999e+000,-5.931637324663813e-001, 1.579382113699197e-001,-4.985954565664995e-001, 2.958219078852453e-002,-6.737630136042769e-002, 2.097302007361994e-001, 2.414380241884793e-001, 5.691220944688623e-001, 5.512343140022029e-001, 1.800430486544544e-001
 8.367335999999998e+000,-5.929888454107126e-001, 1.580784898675893e-001,-4.990814030625541e-001, 3.258101001952274e-002,-6.801945649113515e-002, 2.093860005414304e-001, 2.399913083439178e-001, 5.677016590692141e-001, 5.521539834424623e-001, 1.796946907644816e-001
 8.371502999999999e+000,-5.928293001166934e-001, 1.582552429730730e-001,-4.994716293571237e-001, 3.557749055211534e-002,-6.874196409204073e-002, 2.089978694543100e-001, 2.387278299664356e-001, 5.662424885958841e-001, 5.530787715889005e-001, 1.794793997385376e-001
 8.375670000000000e+000,-5.926840741126730e-001, 1.584675926342685e-001,-4.997642467209539e-001, 3.856774146699293e-002,-6.954419797698663e-002, 2.085683941620631e-001, 2.376565545348185e-001, 5.647483173898873e-001, 5.540060663851811e-001, 1.794043472778771e-001
 8.379836999999998e+000,-5.925521274418218e-001, 1.587147853035795e-001,-4.999579725595161e-001, 4.154850324683812e-002,-7.042645027646130e-002, 2.081004578785567e-001, 2.367871096512758e-001, 5.632236916396983e-001, 5.549320162248614e-001, 1.794741164005377e-001
 8.384003999999999e+000,-5.924324784034406e-001, 1.589960881204067e-001,-5.000520115822141e-001, 4.451582355556161e-002,-7.138857181164231e-002, 2.075974081163447e-001, 2.361300908866451e-001, 5.616744348728516e-001, 5.558511687169681e-001, 1.796907993847239e-001
 8.388171000000000e+000,-5.923241499394432e-001, 1.593109048387169e-001,-5.000461648829314e-001, 4.746661234290439e-002,-7.243043192588287e-002, 2.070627982517520e-001, 2.356964663334975e-001, 5.601067010348271e-001, 5.567570477015926e-001, 1.800541398914149e-001
 8.392337999999999e+000,-5.922262452965914e-001, 1.596586100981163e-001,-4.999408057521906e-001, 5.039716068464051e-002,-7.355142590381422e-002, 2.065006328704487e-001, 2.354977602572148e-001, 5.585276505602750e-001, 5.576418240115402e-001, 1.805615363649035e-001
 8.396504999999999e+000,-5.921379006193304e-001, 1.600386975209851e-001,-4.997368976573033e-001, 5.330485058170842e-002,-7.475106875719884e-002, 2.059150556924841e-001, 2.355457023620156e-001, 5.569444930568505e-001, 5.584969948245462e-001, 1.812083754709067e-001
 8.400671999999998e+000,-5.920583615291939e-001, 1.604504861344198e-001,-4.994361276601561e-001, 5.618616726465975e-002,-7.602818711933093e-002, 2.053107364683405e-001, 2.358521936247894e-001, 5.553655527576272e-001, 5.593129637952354e-001, 1.819877534190943e-001
 8.404838999999999e+000,-5.919869405519141e-001, 1.608932315671690e-001,-4.990409155170428e-001, 5.903820168534435e-002,-7.738143846624843e-002, 2.046925830990631e-001, 2.364290528443254e-001, 5.537994794595451e-001, 5.600796758405409e-001, 1.828908091316404e-001
 8.409006000000000e+000,-5.919230226077491e-001, 1.613661119237657e-001,-4.985543714516627e-001, 6.185884477671233e-002,-7.880941113301898e-002, 2.040656784211710e-001, 2.372881367107752e-001, 5.522551819712226e-001, 5.607868110103693e-001, 1.839069701167014e-001
 8.413172999999999e+000,-5.918660983661160e-001, 1.618679428405059e-001,-4.979805585415886e-001, 6.464546366676172e-002,-8.030990940231964e-002, 2.034355637548336e-001, 2.384408957771008e-001, 5.507426175133064e-001, 5.614236038663139e-001, 1.850235770758317e-001
 8.417339999999999e+000,-5.918157245319804e-001, 1.623974079545199e-001,-4.973242306854707e-001, 6.739666334447536e-002,-8.188078111904627e-002, 2.028078357764699e-001, 2.398988415383668e-001, 5.492719052691915e-001, 5.619794327924490e-001, 1.862265903168183e-001
 8.421506999999998e+000,-5.917715586450942e-001, 1.629526511357473e-001,-4.965912724540390e-001, 7.011038919557922e-002,-8.351880579418745e-002, 2.021885559195991e-001, 2.416726304755657e-001, 5.478544379031316e-001, 5.624435318465020e-001, 1.874998879369383e-001
 8.425673999999999e+000,-5.917333244629670e-001, 1.635314701950459e-001,-4.957884471261305e-001, 7.278532470128241e-002,-8.522034883833272e-002, 2.015839067167471e-001, 2.437725043210513e-001, 5.465022096003682e-001, 5.628054400969815e-001, 1.888258959325515e-001
 8.429841000000000e+000,-5.917008052271937e-001, 1.641313489904299e-001,-4.949232779599844e-001, 7.542112973503534e-002,-8.698148300092905e-002, 2.010001084999450e-001, 2.462086265445446e-001, 5.452278278329162e-001, 5.630550745068130e-001, 1.901858390826747e-001
 8.434007999999999e+000,-5.916738526010333e-001, 1.647491352620132e-001,-4.940044596015972e-001, 7.801712459203714e-002,-8.879703285709951e-002, 2.004436794005908e-001, 2.489898635995932e-001, 5.440452808133807e-001, 5.631826667306479e-001, 1.915591463291270e-001
 8.438174999999999e+000,-5.916523572060576e-001, 1.653813674770106e-001,-4.930413428881815e-001, 8.057381616756532e-002,-9.066148679085941e-002, 1.999210551409051e-001, 2.521250747373905e-001, 5.429693167934256e-001, 5.631789827059262e-001, 1.929243175584361e-001
 8.442342000000000e+000,-5.916362497178801e-001, 1.660239324474897e-001,-4.920443921163177e-001, 8.309148079336470e-002,-9.256790522748287e-002, 1.994388373254828e-001, 2.556214916370023e-001, 5.420162021846656e-001, 5.630353069433491e-001, 1.942582842156274e-001
 8.446508999999999e+000,-5.916254726564325e-001, 1.666724609286117e-001,-4.910245248927804e-001, 8.557173907063387e-002,-9.450897609851487e-002, 1.990034165762994e-001, 2.594866230151907e-001, 5.412031957707453e-001, 5.627434543905534e-001, 1.955373459800714e-001
 8.450676000000000e+000,-5.916199723328581e-001, 1.673218920368820e-001,-4.899937270183490e-001, 8.801579470081977e-002,-9.647558084452142e-002, 1.986212344447989e-001, 2.637257019928287e-001, 5.405493184860941e-001, 5.622959041608975e-001, 1.967363447258595e-001
 8.454842999999999e+000,-5.916196692468638e-001, 1.679667970514358e-001,-4.889644798504379e-001, 9.042561797648219e-002,-9.845759323119085e-002, 1.982984661045791e-001, 2.683431944005353e-001, 5.400749841903859e-001, 5.616857618496214e-001, 1.978294224785092e-001
 8.459009999999999e+000,-5.916244367601101e-001, 1.686014843337835e-001,-4.879495088231711e-001, 9.280421069475753e-002,-1.004440535263563e-001, 1.980409333888095e-001, 2.733435823498757e-001, 5.398021716862546e-001, 5.609065501434873e-001, 1.987902131446111e-001
 8.463176999999998e+000,-5.916340710653701e-001, 1.692196829107349e-001,-4.869622033727226e-001, 9.515430408786352e-002,-1.024220240570201e-001, 1.978541756334075e-001, 2.787287504564670e-001, 5.397547532387514e-001, 5.599525376051329e-001, 1.995913964838733e-001
 8.467343999999999e+000,-5.916482609518717e-001, 1.698149523545789e-001,-4.860158667154222e-001, 9.747975939045461e-002,-1.043777089112996e-001, 1.977431990380724e-001, 2.845008873202654e-001, 5.399584255986777e-001, 5.588182428645929e-001, 2.002053977476247e-001
 8.471511000000000e+000,-5.916665448776088e-001, 1.703803670460760e-001,-4.851241147094961e-001, 9.978418500093444e-002,-1.062952847849653e-001, 1.977124815548763e-001, 2.906593260350054e-001, 5.404408020662880e-001, 5.574989321429689e-001, 2.006040890557501e-001
 8.475677999999999e+000,-5.916882802826474e-001, 1.709089288559924e-001,-4.843001080049638e-001, 1.020723702584769e-001,-1.081581219046670e-001, 1.977658123931733e-001, 2.972041942559622e-001, 5.412316346666118e-001, 5.559898121390976e-001, 2.007593222763694e-001
 8.479844999999999e+000,-5.917125866337616e-001, 1.713932169238115e-001,-4.835569861096248e-001, 1.043486086889629e-001,-1.099474617463214e-001, 1.979062065247667e-001, 3.041319713304563e-001, 5.423624642705535e-001, 5.542869154328765e-001, 2.006428653881537e-001
 8.484012000000000e+000,-5.917383076222054e-001, 1.718257044574427e-001,-4.829072427970590e-001, 1.066176716271894e-001,-1.116433663900979e-001, 1.981357685614873e-001, 3.114380607429077e-001, 5.438667057648524e-001, 5.523865174911222e-001, 2.002268877728588e-001
 8.488178999999999e+000,-5.917639683690971e-001, 1.721988513750445e-001,-4.823624700326556e-001, 1.088850896868194e-001,-1.132250513287503e-001, 1.984556905318279e-001, 3.191180993223259e-001, 5.457800223827982e-001, 5.502846731501276e-001, 1.994839840293137e-001
 8.492346000000000e+000,-5.917877116396356e-001, 1.725049286232332e-001,-4.819334946807863e-001, 1.111557857855512e-001,-1.146701136607522e-001, 1.988660133001011e-001, 3.271636230869741e-001, 5.481392312266833e-001, 5.479783158254170e-001, 1.983877952207291e-001
 8.496512999999998e+000,-5.918072687698355e-001, 1.727363276171152e-001,-4.816298066227322e-001, 1.134355144530783e-001,-1.159558090401315e-001, 1.993657659976334e-001, 3.355671222783785e-001, 5.509833831069191e-001, 5.454638432211745e-001, 1.969128521749070e-001
 8.500679999999999e+000,-5.918199037235792e-001, 1.728854238551403e-001,-4.814596394854327e-001, 1.157291531018103e-001,-1.170583406860229e-001, 1.999526041695161e-001, 3.443161858650830e-001, 5.543517056692379e-001, 5.427388097856727e-001, 1.950358053248571e-001
 8.504846999999998e+000,-5.918223978317504e-001, 1.729448241578002e-001,-4.814295269573395e-001, 1.180415654801370e-001,-1.179539204119421e-001, 2.006229096882882e-001, 3.533967063289507e-001, 5.582839520564420e-001, 5.398010930815755e-001, 1.927356031877367e-001
 8.509013999999999e+000,-5.918110303929741e-001, 1.729074277888800e-001,-4.815441719168480e-001, 1.203779095630151e-001,-1.186192703722298e-001, 2.013719332936221e-001, 3.627945556141122e-001, 5.628207782654349e-001, 5.366483783737026e-001, 1.899934397929186e-001
 8.513180999999999e+000,-5.917815818630766e-001, 1.727665272252270e-001,-4.818062387563856e-001, 1.227421428561368e-001,-1.190316726897491e-001, 2.021933711090631e-001, 3.724899613993955e-001, 5.680004517846774e-001, 5.332801469053354e-001, 1.867948972885035e-001
 8.517347999999998e+000,-5.917293518614658e-001, 1.725159221990043e-001,-4.822162360443779e-001, 1.251383655072313e-001,-1.191700049475608e-001, 2.030798411624803e-001, 3.824631917053382e-001, 5.738606165722344e-001, 5.296959835281720e-001, 1.831290228514527e-001
 8.521514999999999e+000,-5.916492316533886e-001, 1.721501554464395e-001,-4.827722093736969e-001, 1.275692425513988e-001,-1.190151640389467e-001, 2.040224263313083e-001, 3.926884324543822e-001, 5.804338351005112e-001, 5.258979700107878e-001, 1.789911301531202e-001
 8.525682000000000e+000,-5.915357510509360e-001, 1.716644911992271e-001,-4.834699254727045e-001, 1.300374535264686e-001,-1.185508152770160e-001, 2.050113381879722e-001, 4.031401599928948e-001, 5.877500571943762e-001, 5.218886960515126e-001, 1.743812168855420e-001
 8.529848999999999e+000,-5.913832590183799e-001, 1.710553458357429e-001,-4.843024368940594e-001, 1.325438425342833e-001,-1.177642183449213e-001, 2.060353685276396e-001, 4.137856979896790e-001, 5.958302833799436e-001, 5.176743954929535e-001, 1.693077770455606e-001
 8.534015999999999e+000,-5.911881944892969e-001, 1.703209229757183e-001,-4.852583513773697e-001, 1.350878172563410e-001,-1.166459410183654e-001, 2.070826468278220e-001, 4.245856123173573e-001, 6.046823049072871e-001, 5.132685084904578e-001, 1.637942846881015e-001
 8.538182999999998e+000,-5.909406971028929e-001, 1.694589038401364e-001,-4.863304719848108e-001, 1.376696464667926e-001,-1.151941273929681e-001, 2.081403227834339e-001, 4.355107478121618e-001, 6.143212375966373e-001, 5.086721287319418e-001, 1.578484012508498e-001
 8.542349999999999e+000,-5.906378026343161e-001, 1.684705072233141e-001,-4.875022994537389e-001, 1.402860726926338e-001,-1.134097133244917e-001, 2.091951639903746e-001, 4.465125176947470e-001, 6.247309260131037e-001, 5.039067821169665e-001, 1.515128763032355e-001
