Main.Studies.MarkerTracking.t,Main.Studies.MarkerTracking.JointAngleOutputs.OutputFile3.HipFlexion,Main.Studies.MarkerTracking.JointAngleOutputs.OutputFile3.HipAbduction,Main.Studies.MarkerTracking.JointAngleOutputs.OutputFile3.HipExternalRotation,Main.Studies.MarkerTracking.JointAngleOutputs.OutputFile3.KneeFlexion,Main.Studies.MarkerTracking.JointAngleOutputs.OutputFile3.AnklePlantarFlexion,Main.Studies.MarkerTracking.JointAngleOutputs.OutputFile3.SubTalarEversion
 7.500600000000000e+000,-1.106518345329421e-001, 7.252479539697321e-002, 2.708472225136038e-001, 2.580515147629697e-001,-8.207526664451771e-002,-5.114404456630451e-002
 7.504766999999999e+000,-1.097423809771253e-001, 7.278234920825355e-002, 2.582879886197647e-001, 2.681224262499284e-001,-7.950302041632318e-002,-3.840796641461120e-002
 7.508933999999999e+000,-1.085516943913425e-001, 7.308753034036908e-002, 2.453896658711647e-001, 2.787164964268477e-001,-7.662716084122748e-002,-2.550017031058183e-002
 7.513101000000000e+000,-1.070711400314038e-001, 7.343596730547719e-002, 2.322031086504880e-001, 2.898349913280457e-001,-7.343630506861375e-002,-1.248715066332419e-002
 7.517268000000000e+000,-1.052931538744843e-001, 7.382345458085471e-002, 2.187792807890107e-001, 3.014803274325252e-001,-6.991895632619546e-002, 5.664844686456355e-004
 7.521434999999999e+000,-1.032119913186665e-001, 7.424540259706047e-002, 2.051738205053768e-001, 3.136491598257926e-001,-6.606489158659570e-002, 1.359237921206066e-002
 7.525601999999999e+000,-1.008238287733474e-001, 7.469748650129193e-002, 1.914456280272700e-001, 3.263342721680955e-001,-6.186503002016359e-002, 2.652146992507462e-002
 7.529768999999999e+000,-9.812558738954483e-002, 7.517556729231445e-002, 1.776480947975646e-001, 3.395298263688250e-001,-5.730915506101202e-002, 3.929131362991110e-002
 7.533936000000000e+000,-9.511666080438723e-002, 7.567549321537181e-002, 1.638379324809053e-001, 3.532223051103669e-001,-5.238883560406658e-002, 5.183792203237219e-002
 7.538103000000000e+000,-9.179715870193922e-002, 7.619341790537293e-002, 1.500648655004298e-001, 3.673991082338492e-001,-4.709434749166814e-002, 6.410517879308562e-002
 7.542269999999999e+000,-8.816970733092612e-002, 7.672547865147794e-002, 1.363789195572077e-001, 3.820402327449131e-001,-4.141759411068900e-002, 7.603802581729136e-002
 7.546436999999999e+000,-8.423729097441654e-002, 7.726808119889905e-002, 1.228208283107033e-001, 3.971273114471111e-001,-3.534871236558299e-002, 8.759074906996775e-002
 7.550604000000000e+000,-8.000528972979526e-002, 7.781752813641152e-002, 1.094294332975706e-001, 4.126351519620493e-001,-2.887940908044658e-002, 9.872020947221154e-002
 7.554771000000000e+000,-7.548097070629405e-002, 7.837003903300288e-002, 9.623866040061826e-002, 4.285342300153391e-001,-2.200233993505226e-002, 1.093883692517561e-001
 7.558938000000000e+000,-7.067140379851045e-002, 7.892192041341328e-002, 8.327168339211152e-002, 4.447978164710547e-001,-1.470826300818735e-002, 1.195666793965202e-001
 7.563104999999999e+000,-6.558660553192562e-002, 7.946911747737895e-002, 7.055033727948704e-002, 4.613909082813247e-001,-6.991198563318125e-003, 1.292282506471238e-001
 7.567271999999999e+000,-6.023626722663086e-002, 8.000754262593435e-002, 5.808669449604533e-002, 4.782813341737926e-001, 1.156096796714641e-003, 1.383543214327514e-001
 7.571439000000000e+000,-5.463254891522121e-002, 8.053274575302427e-002, 4.589084881943634e-002, 4.954306237012441e-001, 9.737408592976702e-003, 1.469281613309139e-001
 7.575606000000000e+000,-4.878925043734930e-002, 8.103993738105575e-002, 3.396928402403723e-002, 5.127967186870125e-001, 1.875353212580397e-002, 1.549364211418478e-001
 7.579772999999999e+000,-4.271920090227378e-002, 8.152428432240488e-002, 2.232042568402141e-002, 5.303421123861158e-001, 2.820587065581132e-002, 1.623719487813213e-001
 7.583939999999999e+000,-3.643815131277898e-002, 8.198051760240710e-002, 1.094373969544790e-002, 5.480219239016937e-001, 3.808955744946998e-002, 1.692275399787973e-001
 7.588106999999999e+000,-2.996086828528457e-002, 8.240329676562630e-002,-1.669455332051658e-004, 5.657953298944036e-001, 4.839884540454131e-002, 1.755001804597527e-001
 7.592274000000000e+000,-2.330461395240388e-002, 8.278701862728211e-002,-1.101621198072686e-002, 5.836157793100413e-001, 5.912091865792112e-002, 1.811866403649972e-001
 7.596441000000000e+000,-1.648515250006731e-002, 8.312615970130532e-002,-2.161305952808168e-002, 6.014419677304749e-001, 7.024161146570619e-002, 1.862868264279117e-001
 7.600607999999999e+000,-9.520171361721407e-003, 8.341517402256460e-002,-3.196450091907612e-002, 6.192286595667443e-001, 8.173935755509525e-002, 1.908003649222400e-001
 7.604774999999999e+000,-2.428443220008149e-003, 8.364869472260161e-002,-4.207664752890065e-002, 6.369293137575909e-001, 9.358597755909634e-002, 1.947275899661527e-001
 7.608941999999999e+000, 4.773650300590462e-003, 8.382175238459255e-002,-5.195906708268076e-002, 6.545047856507547e-001, 1.057521473149275e-001, 1.980712454891594e-001
 7.613109000000000e+000, 1.206727717206570e-002, 8.392971572633079e-002,-6.161742650130959e-002, 6.719112995996527e-001, 1.181990619985014e-001, 2.008337277695430e-001
 7.617276000000000e+000, 1.943569122307905e-002, 8.396849956694319e-002,-7.105944199096007e-002, 6.891116416858394e-001, 1.308859073554807e-001, 2.030193092027118e-001
 7.621442999999999e+000, 2.686035806577031e-002, 8.393458426504541e-002,-8.028945073920767e-002, 7.060659383442198e-001, 1.437631678944174e-001, 2.046327060009738e-001
 7.625609999999999e+000, 3.432530737040312e-002, 8.382509498974278e-002,-8.931374692677724e-002, 7.227417854473855e-001, 1.567801227572382e-001, 2.056803955099977e-001
 7.629777000000000e+000, 4.181354803580928e-002, 8.363785063573981e-002,-9.813588120438363e-002, 7.391059332918784e-001, 1.698787452541776e-001, 2.061697661110283e-001
 7.633944000000000e+000, 4.930785119974591e-002, 8.337144965700682e-002,-1.067576684071395e-001, 7.551262539474990e-001, 1.829952351190107e-001, 2.061097353000073e-001
 7.638110999999999e+000, 5.679455223757735e-002, 8.302514350268941e-002,-1.151834486667647e-001, 7.707797117492908e-001, 1.960670075178955e-001, 2.055106822383909e-001
 7.642277999999999e+000, 6.425846812464504e-002, 8.259900664426589e-002,-1.234141932195562e-001, 7.860413160364503e-001, 2.090242438900442e-001, 2.043844436110539e-001
 7.646444999999999e+000, 7.168758867179220e-002, 8.209370639870839e-002,-1.314528415081246e-001, 8.008937972290831e-001, 2.217986358918874e-001, 2.027439985593144e-001
 7.650612000000000e+000, 7.906957656307134e-002, 8.151064365450833e-002,-1.393004743945590e-001, 8.153201740854268e-001, 2.343179982526474e-001, 2.006038969082754e-001
 7.654779000000000e+000, 8.639233134159244e-002, 8.085191774022693e-002,-1.469571326817331e-001, 8.293049297158891e-001, 2.465082421961972e-001, 1.979806619213783e-001
 7.658945999999999e+000, 9.364768972030677e-002, 8.011990270219216e-002,-1.544257689495286e-001, 8.428408049957586e-001, 2.583005632176549e-001, 1.948916453970515e-001
 7.663112999999999e+000, 1.008263830040820e-001, 7.931759351125711e-002,-1.617070697426886e-001, 8.559188776998621e-001, 2.696241551148966e-001, 1.913570532096615e-001
 7.667279999999999e+000, 1.079221895380283e-001, 7.844809668044284e-002,-1.688038838630622e-001, 8.685361140479424e-001, 2.804141636246457e-001, 1.873984992613759e-001
 7.671447000000000e+000, 1.149282754401035e-001, 7.751493113986641e-002,-1.757176536161119e-001, 8.806884444962005e-001, 2.906071055517213e-001, 1.830409266590514e-001
 7.675614000000000e+000, 1.218408174046725e-001, 7.652147823948496e-002,-1.824521917866800e-001, 8.923769464712380e-001, 3.001474634464015e-001, 1.783105779988995e-001
 7.679780999999999e+000, 1.286557967949759e-001, 7.547129703935585e-002,-1.890106524156423e-001, 9.036019794061885e-001, 3.089839180124764e-001, 1.732367626086099e-001
 7.683947999999999e+000, 1.353691665957303e-001, 7.436807747470287e-002,-1.953959069502627e-001, 9.143635001478589e-001, 3.170708848425534e-001, 1.678518332368495e-001
 7.688115000000000e+000, 1.419802182118860e-001, 7.321501928800611e-002,-2.016138691044850e-001, 9.246662615701262e-001, 3.243732198388472e-001, 1.621881113711623e-001
 7.692282000000000e+000, 1.484869064777013e-001, 7.201554550234857e-002,-2.076691420473683e-001, 9.345121277216462e-001, 3.308609501566998e-001, 1.562811608143976e-001
 7.696448999999999e+000, 1.548894762128572e-001, 7.077265276854483e-002,-2.135685215590993e-001, 9.439056652651675e-001, 3.365136051375717e-001, 1.501662820041958e-001
 7.700615999999999e+000, 1.611876113971828e-001, 6.948940328628250e-002,-2.193183828525775e-001, 9.528497007747663e-001, 3.413172607028025e-001, 1.438805381499941e-001
 7.704782999999999e+000, 1.673803997391339e-001, 6.816896474626355e-002,-2.249247227537520e-001, 9.613454878304829e-001, 3.452649981673348e-001, 1.374625228946758e-001
 7.708950000000000e+000, 1.734695066300914e-001, 6.681392152026233e-002,-2.303959997008697e-001, 9.693970402876415e-001, 3.483587135534240e-001, 1.309487040680585e-001
 7.713117000000000e+000, 1.794548389954682e-001, 6.542716231872259e-002,-2.357393498575636e-001, 9.770052970073870e-001, 3.506056132010873e-001, 1.243769084940642e-001
 7.717283999999999e+000, 1.853377768721349e-001, 6.401119395674138e-002,-2.409632247231376e-001, 9.841723240928735e-001, 3.520198751184571e-001, 1.177833097716618e-001
 7.721450999999999e+000, 1.911183290166223e-001, 6.256877495948565e-002,-2.460749716783930e-001, 9.908978949121929e-001, 3.526207814980703e-001, 1.112046377383319e-001
 7.725617999999999e+000, 1.967977724409066e-001, 6.110227830297310e-002,-2.510831632938874e-001, 9.971828224135990e-001, 3.524324820694016e-001, 1.046744899648344e-001
 7.729785000000000e+000, 2.023765457031407e-001, 5.961421345041096e-002,-2.559952895426418e-001, 1.003026183717332e+000, 3.514843781840291e-001, 9.822784772134373e-002
 7.733952000000000e+000, 2.078538861843407e-001, 5.810734520641137e-002,-2.608179485529591e-001, 1.008425770361187e+000, 3.498089303737158e-001, 9.189759287366607e-002
 7.738118999999999e+000, 2.132309594634380e-001, 5.658385700018132e-002,-2.655591109399562e-001, 1.013380948133900e+000, 3.474416991049900e-001, 8.571326989513393e-002
 7.742285999999999e+000, 2.185072335947753e-001, 5.504634218636095e-002,-2.702249553759639e-001, 1.017889192077303e+000, 3.444213142674985e-001, 7.970447090916906e-002
 7.746452999999999e+000, 2.236832488411938e-001, 5.349703461113364e-002,-2.748222392725749e-001, 1.021948787763557e+000, 3.407878399178449e-001, 7.389754729854749e-002
 7.750620000000000e+000, 2.287587941699275e-001, 5.193833503642420e-002,-2.793566233638385e-001, 1.025557280044852e+000, 3.365831396012093e-001, 6.831761805629019e-002
 7.754786999999999e+000, 2.337326989396305e-001, 5.037290561071495e-002,-2.838324049386017e-001, 1.028711694275223e+000, 3.318510545005413e-001, 6.298864682261102e-002
 7.758953999999999e+000, 2.386056349060900e-001, 4.880278923388715e-002,-2.882549771560438e-001, 1.031410451703353e+000, 3.266343578835616e-001, 5.793035624771042e-002
 7.763120999999999e+000, 2.433769511250503e-001, 4.723039434074328e-002,-2.926279397522396e-001, 1.033651363485664e+000, 3.209772218050783e-001, 5.316160095907454e-002
 7.767288000000000e+000, 2.480470194057412e-001, 4.565774597100880e-002,-2.969551820207472e-001, 1.035433094713703e+000, 3.149224748689342e-001, 4.869786592309356e-002
 7.771455000000000e+000, 2.526156676483637e-001, 4.408709312072690e-002,-3.012388720866878e-001, 1.036754350989442e+000, 3.085137962233079e-001, 4.455371047261553e-002
 7.775621999999999e+000, 2.570830841651379e-001, 4.252022973837666e-002,-3.054824953419881e-001, 1.037614834640596e+000, 3.017913182161880e-001, 4.073816417992097e-002
 7.779788999999999e+000, 2.614499075312913e-001, 4.095901156512127e-002,-3.096875273470680e-001, 1.038014508532664e+000, 2.947958415882681e-001, 3.726051483566324e-002
 7.783955999999999e+000, 2.657158868762456e-001, 3.940548364930296e-002,-3.138544454660517e-001, 1.037954120693662e+000, 2.875675893936407e-001, 3.412729666399750e-002
 7.788123000000000e+000, 2.698825779074636e-001, 3.786099672340781e-002,-3.179847508962745e-001, 1.037435226308388e+000, 2.801424464919437e-001, 3.134135814350442e-002
 7.792290000000000e+000, 2.739506801053524e-001, 3.632716985526341e-002,-3.220783910272747e-001, 1.036460125758604e+000, 2.725562414474693e-001, 2.890399027801818e-002
 7.796456999999999e+000, 2.779218723573091e-001, 3.480521831545480e-002,-3.261355758177419e-001, 1.035031743245912e+000, 2.648414907685122e-001, 2.681377222051932e-002
 7.800623999999999e+000, 2.817974017644798e-001, 3.329648806696217e-002,-3.301553708984744e-001, 1.033153958673345e+000, 2.570299836975756e-001, 2.506757304283593e-002
 7.804790999999999e+000, 2.855794990714794e-001, 3.180191658687903e-002,-3.341371575492308e-001, 1.030831072118990e+000, 2.491500297893927e-001, 2.365999252314151e-002
 7.808958000000000e+000, 2.892703371968458e-001, 3.032243620630215e-002,-3.380795827845098e-001, 1.028068153143321e+000, 2.412285148182327e-001, 2.258410606085043e-002
 7.813124999999999e+000, 2.928715754102690e-001, 2.885917525611781e-002,-3.419800555608129e-001, 1.024871645794434e+000, 2.332920678389069e-001, 2.183162754416924e-002
 7.817291999999999e+000, 2.963864392434611e-001, 2.741262273947109e-002,-3.458370116617019e-001, 1.021247573683613e+000, 2.253625714894707e-001, 2.139263590947152e-002
 7.821458999999999e+000, 2.998175157060136e-001, 2.598352242292545e-002,-3.496475690807017e-001, 1.017203275408056e+000, 2.174620316214805e-001, 2.125635588950263e-002
 7.825626000000000e+000, 3.031681817470063e-001, 2.457229286797102e-002,-3.534091126904859e-001, 1.012745953414789e+000, 2.096094826622671e-001, 2.141114587540199e-002
 7.829793000000000e+000, 3.064417765460964e-001, 2.317937270068771e-002,-3.571184177894559e-001, 1.007883432320972e+000, 2.018229295377985e-001, 2.184482057301039e-002
 7.833959999999999e+000, 3.096410874637208e-001, 2.180545332269435e-002,-3.607710833967716e-001, 1.002625117392705e+000, 1.941206871624063e-001, 2.254462253865301e-002
 7.838126999999999e+000, 3.127702036625858e-001, 2.045069039019953e-002,-3.643636832814059e-001, 9.969789722708640e-001, 1.865169569255881e-001, 2.349774596570704e-002
 7.842293999999999e+000, 3.158325912838493e-001, 1.911552852878473e-002,-3.678916212475333e-001, 9.909544098087860e-001, 1.790264253347286e-001, 2.469117212720098e-002
 7.846461000000000e+000, 3.188322252577854e-001, 1.780021546068600e-002,-3.713504687766550e-001, 9.845602594496374e-001, 1.716615031155944e-001, 2.611209179040985e-002
 7.850628000000000e+000, 3.217727030777762e-001, 1.650518710025217e-002,-3.747349922271359e-001, 9.778063954717485e-001, 1.644344254068461e-001, 2.774768386077233e-002
 7.854794999999999e+000, 3.246580614320966e-001, 1.523070737721355e-002,-3.780401388675199e-001, 9.707018821253877e-001, 1.573551627445644e-001, 2.958559413434092e-002
 7.858961999999999e+000, 3.274921852149879e-001, 1.397712625475056e-002,-3.812604013126574e-001, 9.632561010553314e-001, 1.504327640098234e-001, 3.161369060990465e-002
 7.863128999999999e+000, 3.302782400188336e-001, 1.274513646087105e-002,-3.843892413019831e-001, 9.554803772647553e-001, 1.436765869051297e-001, 3.381944883409382e-002
 7.867296000000000e+000, 3.330203078926532e-001, 1.153505993858039e-002,-3.874210031201399e-001, 9.473834554723433e-001, 1.370921527645012e-001, 3.619097217794030e-002
 7.871462999999999e+000, 3.357217878392726e-001, 1.034756400033987e-002,-3.903491636003054e-001, 9.389757107606274e-001, 1.306848930467330e-001, 3.871555350055414e-002
 7.875629999999999e+000, 3.383863072601336e-001, 9.183261030519363e-003,-3.931673946090220e-001, 9.302664700267016e-001, 1.244578289999981e-001, 4.138021852826700e-002
 7.879796999999999e+000, 3.410172841198706e-001, 8.042895748058943e-003,-3.958691071435362e-001, 9.212651764602172e-001, 1.184125412609128e-001, 4.417124302448929e-002
 7.883963999999999e+000, 3.436173283375031e-001, 6.927585436533379e-003,-3.984469011005860e-001, 9.119835252034718e-001, 1.125504396620702e-001, 4.707339364048314e-002
 7.888131000000000e+000, 3.461897803385341e-001, 5.838131682156300e-003,-4.008941478967510e-001, 9.024299989003477e-001, 1.068692317734453e-001, 5.007160039729922e-002
 7.892297999999999e+000, 3.487372689050425e-001, 4.775612143750996e-003,-4.032035443504407e-001, 8.926147624696130e-001, 1.013662314604106e-001, 5.314943624659183e-002
 7.896464999999999e+000, 3.512624607364092e-001, 3.741025430856082e-003,-4.053678637245569e-001, 8.825468661372589e-001, 9.603671924741397e-002, 5.629000526985624e-002
 7.900631999999999e+000, 3.537675226334867e-001, 2.735477647878515e-003,-4.073794847836060e-001, 8.722362074678171e-001, 9.087517107854655e-002, 5.947535332561389e-002
 7.904799000000000e+000, 3.562546269980554e-001, 1.759936634317061e-003,-4.092308365159014e-001, 8.616914127738208e-001, 8.587428471304058e-002, 6.268715389145910e-002
 7.908966000000000e+000, 3.587256635598889e-001, 8.153139857194347e-004,-4.109141414067550e-001, 8.509208477580857e-001, 8.102571699058421e-002, 6.590640890440110e-002
 7.913132999999999e+000, 3.611815849467210e-001,-9.733234446995809e-005,-4.124210447374316e-001, 8.399354934982738e-001, 7.632144178548719e-002, 6.911263288698204e-002
 7.917299999999999e+000, 3.636238769533314e-001,-9.773905413976713e-004,-4.137436017930214e-001, 8.287423892407497e-001, 7.175101557622053e-002, 7.228581443822406e-002
 7.921466999999999e+000, 3.660532748198151e-001,-1.824240194538085e-003,-4.148734378658084e-001, 8.173501733551967e-001, 6.730421628788402e-002, 7.540477026829910e-002
 7.925634000000000e+000, 3.684703952315234e-001,-2.637515600747209e-003,-4.158021440118913e-001, 8.057661769195530e-001, 6.296997100944077e-002, 7.844797505931489e-002
 7.929800999999999e+000, 3.708755530235735e-001,-3.417059860775007e-003,-4.165211588643026e-001, 7.939971548946537e-001, 5.873685143461754e-002, 8.139330879747848e-002
 7.933967999999999e+000, 3.732680703922429e-001,-4.162732441524542e-003,-4.170216519747824e-001, 7.820526975214758e-001, 5.459440312229977e-002, 8.421723233531603e-002
 7.938134999999999e+000, 3.756477286800423e-001,-4.874892674344045e-003,-4.172949441824886e-001, 7.699380488919713e-001, 5.053075667342772e-002, 8.689654712478730e-002
 7.942301999999999e+000, 3.780135781013604e-001,-5.554030481221384e-003,-4.173321818311172e-001, 7.576599223033212e-001, 4.653488336744856e-002, 8.940694230417132e-002
 7.946469000000000e+000, 3.803644709523842e-001,-6.200942775818730e-003,-4.171244652770663e-001, 7.452238376841422e-001, 4.259584398934902e-002, 9.172362934515664e-002
 7.950635999999999e+000, 3.826987675639931e-001,-6.816653135463868e-003,-4.166628541477445e-001, 7.326356578329728e-001, 3.870347764121513e-002, 9.382106091198260e-002
 7.954802999999999e+000, 3.850146433488067e-001,-7.402495538093357e-003,-4.159383395171101e-001, 7.198999979049399e-001, 3.484809389636537e-002, 9.567328129016026e-002
 7.958969999999999e+000, 3.873100285623002e-001,-7.960086513255194e-003,-4.149417795073875e-001, 7.070205511203451e-001, 3.102078737417072e-002, 9.725387594911800e-002
 7.963137000000000e+000, 3.895818864935072e-001,-8.491143913188060e-003,-4.136642824068537e-001, 6.940043157996527e-001, 2.721484709795786e-002, 9.853561986138680e-002
 7.967304000000000e+000, 3.918276241276001e-001,-8.997805856994834e-003,-4.120965474021121e-001, 6.808537995444970e-001, 2.342359016589344e-002, 9.949149282259723e-002
 7.971470999999999e+000, 3.940440418670554e-001,-9.482348444007194e-003,-4.102292953203394e-001, 6.675731062718441e-001, 1.964227321771161e-002, 1.000940189970314e-001
 7.975637999999999e+000, 3.962277620162490e-001,-9.947255359013862e-003,-4.080530198334126e-001, 6.541657496801839e-001, 1.586750298645095e-002, 1.003155817609098e-001
 7.979804999999999e+000, 3.983750823678421e-001,-1.039514913089468e-002,-4.055580884129239e-001, 6.406358374979536e-001, 1.209757449887848e-002, 1.001284371042820e-001
 7.983972000000000e+000, 4.004821884051372e-001,-1.082879742470366e-002,-4.027345097477498e-001, 6.269871231056239e-001, 8.332146231782333e-003, 9.950477003368342e-002
 7.988138999999999e+000, 4.025452241810771e-001,-1.125108907298156e-002,-3.995717429082089e-001, 6.132228649506462e-001, 4.572101076186702e-003, 9.841659908117725e-002
 7.992305999999999e+000, 4.045596126326316e-001,-1.166486142753809e-002,-3.960598418325763e-001, 5.993509055696623e-001, 8.207776318213440e-004, 9.683628362285712e-002
 7.996472999999999e+000, 4.065213633140674e-001,-1.207313706798008e-002,-3.921874443704526e-001, 5.853753968848802e-001,-2.918461233100460e-003, 9.473585278089261e-002
 8.000639999999999e+000, 4.084262210705359e-001,-1.247892498233383e-002,-3.879430646537062e-001, 5.713029220370559e-001,-6.640735759317466e-003, 9.208747413658498e-002
 8.004807000000000e+000, 4.102699971872699e-001,-1.288527100068926e-002,-3.833145871265307e-001, 5.571407336355925e-001,-1.034030831898077e-002, 8.886332899221380e-002
 8.008973999999999e+000, 4.120487106067517e-001,-1.329528163613825e-002,-3.782888772047708e-001, 5.428960506080429e-001,-1.401092302970385e-002, 8.503538023936683e-002
 8.013140999999999e+000, 4.137579693120320e-001,-1.371197482141850e-002,-3.728537275206894e-001, 5.285815875370465e-001,-1.764453497680038e-002, 8.057702744628136e-002
 8.017308000000000e+000, 4.153941000928306e-001,-1.413854514674728e-002,-3.669947724365036e-001, 5.142069155511815e-001,-2.123364970844622e-002, 7.546089539590309e-002
 8.021474999999999e+000, 4.169534436965744e-001,-1.457821970570317e-002,-3.606975639897163e-001, 4.997843947323485e-001,-2.476985798307465e-002, 6.966055597955363e-002
 8.025642000000000e+000, 4.184325675919652e-001,-1.503433038212654e-002,-3.539472216970211e-001, 4.853278107709995e-001,-2.824421646381039e-002, 6.315047526394993e-002
 8.029808999999998e+000, 4.198282973979573e-001,-1.551034802694096e-002,-3.467286424319896e-001, 4.708523835146241e-001,-3.164723840765418e-002, 5.590635688860792e-002
 8.033975999999999e+000, 4.211377467962851e-001,-1.600991247201700e-002,-3.390268051820612e-001, 4.563747556355952e-001,-3.496886403530274e-002, 4.790551941273928e-002
 8.038143000000000e+000, 4.223584626604427e-001,-1.653690841988031e-002,-3.308263489222505e-001, 4.419115445003942e-001,-3.819872459953379e-002, 3.912641405589817e-002
 8.042309999999999e+000, 4.234879617336710e-001,-1.709525718127614e-002,-3.221155451957415e-001, 4.274852687860424e-001,-4.132475486086579e-002, 2.955283289296753e-002
 8.046476999999999e+000, 4.245245117468067e-001,-1.768923885757712e-002,-3.128819587004809e-001, 4.131154308305633e-001,-4.433509734505309e-002, 1.916914777565218e-002
 8.050643999999998e+000, 4.254666839178452e-001,-1.832328559317409e-002,-3.031162669128017e-001, 3.988239392072073e-001,-4.721676979042840e-002, 7.964207266563637e-003
 8.054810999999999e+000, 4.263134710282884e-001,-1.900198223332850e-002,-2.928128018905489e-001, 3.846341824781755e-001,-4.995577406287699e-002,-4.068221136576595e-003
 8.058978000000000e+000, 4.270644345370318e-001,-1.973012403178598e-002,-2.819691557837296e-001, 3.705689789304318e-001,-5.253737958855274e-002,-1.693022288961614e-002
 8.063144999999999e+000, 4.277190771561275e-001,-2.051117136584035e-002,-2.705802636445951e-001, 3.566565952793527e-001,-5.494606074436265e-002,-3.061748441093491e-002
 8.067311999999999e+000, 4.282786985598699e-001,-2.135206871597295e-002,-2.586779764729679e-001, 3.429218028473866e-001,-5.716305125174033e-002,-4.510923717357281e-002
 8.071479000000000e+000, 4.287442177013231e-001,-2.225645976631929e-002,-2.462722415991991e-001, 3.293909892813153e-001,-5.917114388328309e-002,-6.038604359324227e-002
 8.075645999999999e+000, 4.291174997102887e-001,-2.322866003790747e-002,-2.333927759165978e-001, 3.160914862268504e-001,-6.095143234337568e-002,-7.641395128854193e-002
 8.079813000000000e+000, 4.294011247151413e-001,-2.427257250995996e-002,-2.200795284699034e-001, 3.030502811261751e-001,-6.248462362187862e-002,-9.314803800419914e-002
 8.083979999999999e+000, 4.295983705862981e-001,-2.539141629005060e-002,-2.063845746857229e-001, 2.902948258335146e-001,-6.375136555299661e-002,-1.105301786313866e-001
 8.088146999999999e+000, 4.297132274943766e-001,-2.658772084865646e-002,-1.923701837422265e-001, 2.778505359190809e-001,-6.473307632851286e-002,-1.284914991634151e-001
 8.092313999999998e+000, 4.297502937187065e-001,-2.786255125249459e-002,-1.781153634540544e-001, 2.657463047451953e-001,-6.541227460589705e-002,-1.469437809900756e-001
 8.096480999999999e+000, 4.297147602818247e-001,-2.921601679256147e-002,-1.637067799042065e-001, 2.540065946508189e-001,-6.577413409215600e-002,-1.657906717701895e-001
 8.100648000000000e+000, 4.296122135549726e-001,-3.064671657128093e-002,-1.492419781290788e-001, 2.426552534997690e-001,-6.580709468329564e-002,-1.849229980169037e-001
 8.104814999999999e+000, 4.294484762477961e-001,-3.215152799917864e-002,-1.348279516261353e-001, 2.317154662974204e-001,-6.550397306303869e-002,-2.042197705532034e-001
 8.108981999999999e+000, 4.292293825811931e-001,-3.372568811281407e-002,-1.205768207596395e-001, 2.212080442164373e-001,-6.486295052749484e-002,-2.235529295333731e-001
 8.113149000000000e+000, 4.289605666786358e-001,-3.536256772275159e-002,-1.066046804117365e-001, 2.111525798395210e-001,-6.388844290887742e-002,-2.427878186210025e-001
 8.117315999999999e+000, 4.286471724035775e-001,-3.705406957544422e-002,-9.302529183385003e-002, 2.015650574644776e-001,-6.259146916106592e-002,-2.617907358958274e-001
 8.121483000000000e+000, 4.282937981950023e-001,-3.878990290809004e-002,-7.995350264626816e-002, 1.924625127266865e-001,-6.099054849566549e-002,-2.804230559210763e-001
 8.125649999999999e+000, 4.279041509970839e-001,-4.055878115061362e-002,-6.749379872356102e-002, 1.838570968184715e-001,-5.911086685600950e-002,-2.985563122181780e-001
 8.129816999999999e+000, 4.274810198486193e-001,-4.234818724113709e-002,-5.574161281901830e-002, 1.757590097721286e-001,-5.698407691337698e-002,-3.160698550048101e-001
 8.133984000000000e+000, 4.270262805377981e-001,-4.414451533661379e-002,-4.478188070033615e-002, 1.681770616146808e-001,-5.464769170697708e-002,-3.328524211557330e-001
 8.138150999999999e+000, 4.265408152388271e-001,-4.593383585713751e-002,-3.468467011373951e-002, 1.611168019241478e-001,-5.214339772094950e-002,-3.488086136640448e-001
 8.142318000000000e+000, 4.260248570250373e-001,-4.770127891929299e-002,-2.550968393234097e-002, 1.545843792284486e-001,-4.951703454672241e-002,-3.638519682199634e-001
 8.146484999999998e+000, 4.254778482907091e-001,-4.943241589402758e-002,-1.729993592930540e-002, 1.485823751943722e-001,-4.681571299030033e-002,-3.779153531022862e-001
 8.150651999999999e+000, 4.248987277921804e-001,-5.111306201966137e-002,-1.008527725427899e-002, 1.431120456538096e-001,-4.408702993995169e-002,-3.909463748663722e-001
 8.154819000000000e+000, 4.242861805007714e-001,-5.272935567124581e-002,-3.884029880510271e-003, 1.381739910880353e-001,-4.137806472226309e-002,-4.029054931617392e-001
 8.158985999999999e+000, 4.236386962000086e-001,-5.426833205688686e-002, 1.297190559515402e-003, 1.337671584902884e-001,-3.873364950723509e-002,-4.137676697806763e-001
 8.163152999999999e+000, 4.229548550471654e-001,-5.571779030090540e-002, 5.460725646144212e-003, 1.298899553067642e-001,-3.619593667685461e-002,-4.235186167556470e-001
 8.167319999999998e+000, 4.222332613399534e-001,-5.706688644497659e-002, 8.617639690573584e-003, 1.265391430318430e-001,-3.380288898000564e-002,-4.321562996356980e-001
 8.171486999999999e+000, 4.214730298960766e-001,-5.830551457953415e-002, 1.078440076646568e-002, 1.237117814997470e-001,-3.158905621051771e-002,-4.396846297695519e-001
 8.175654000000000e+000, 4.206734299555984e-001,-5.942523622323725e-002, 1.198370597454230e-002, 1.214031089083285e-001,-2.958376540216457e-002,-4.461175265477322e-001
 8.179820999999999e+000, 4.198340549998286e-001,-6.041899346779456e-002, 1.224226464093949e-002, 1.196075031277659e-001,-2.781158657376283e-002,-4.514752871090417e-001
 8.183987999999999e+000, 4.189549402435317e-001,-6.128101254873730e-002, 1.159006085638094e-002, 1.183186254889415e-001,-2.629256615846577e-002,-4.557829191884075e-001
 8.188154999999998e+000, 4.180362235850946e-001,-6.200712845409773e-002, 1.005971733981406e-002, 1.175288132870156e-001,-2.504177085327076e-002,-4.590709618060347e-001
 8.192321999999999e+000, 4.170785708585464e-001,-6.259434744821801e-002, 7.686884137861283e-003, 1.172294898667865e-001,-2.407019018520583e-002,-4.613728538626720e-001
 8.196489000000000e+000, 4.160825348359971e-001,-6.304128866967207e-002, 4.509484878185289e-003, 1.174104054992866e-001,-2.338410995727369e-002,-4.627267255372351e-001
 8.200655999999999e+000, 4.150485868364251e-001,-6.334791801325235e-002, 5.677078867395073e-004, 1.180598737482366e-001,-2.298572187812075e-002,-4.631739746781783e-001
 8.204822999999999e+000, 4.139771626861113e-001,-6.351542244317554e-002,-4.094977383885773e-003, 1.191644483396708e-001,-2.287341444515940e-002,-4.627590860031245e-001
 8.208990000000000e+000, 4.128682121803812e-001,-6.354618943269785e-002,-9.432652845645748e-003, 1.207089509978913e-001,-2.304190530763232e-002,-4.615296488791317e-001
 8.213156999999999e+000, 4.117213384058867e-001,-6.344361804548493e-002,-1.539540915769862e-002, 1.226760547452781e-001,-2.348253997711582e-002,-4.595363353546041e-001
 8.217324000000000e+000, 4.105352341276226e-001,-6.321193045603457e-002,-2.193126630934629e-002, 1.250468766748951e-001,-2.418370848266312e-002,-4.568321230356482e-001
 8.221490999999999e+000, 4.093082373900678e-001,-6.285607929574266e-002,-2.898247923585691e-002, 1.277996951528382e-001,-2.513085667163162e-002,-4.534734629605863e-001
 8.225657999999999e+000, 4.080375568482375e-001,-6.238144760970554e-002,-3.648933303354557e-002, 1.309112532516585e-001,-2.630723954715003e-002,-4.495186274705615e-001
 8.229824999999998e+000, 4.067193790606575e-001,-6.179361288655882e-002,-4.438968698871998e-002, 1.343566672724509e-001,-2.769443991881294e-002,-4.450274354782723e-001
 8.233991999999999e+000, 4.053491441078537e-001,-6.109829506051012e-002,-5.261764078223102e-002, 1.381087244391939e-001,-2.927258129023849e-002,-4.400618577318367e-001
 8.238159000000000e+000, 4.039210027368314e-001,-6.030093035099737e-002,-6.110744454892955e-002, 1.421394441726202e-001,-3.102146396300439e-002,-4.346835438506514e-001
 8.242325999999999e+000, 4.024286850578252e-001,-5.940697455855348e-002,-6.978925861431461e-002, 1.464178683747789e-001,-3.292007317019345e-002,-4.289562175964091e-001
 8.246492999999999e+000, 4.008647498178366e-001,-5.842135824275951e-002,-7.859483429766023e-002, 1.509124351870440e-001,-3.494796708079305e-002,-4.229418941811843e-001
 8.250660000000000e+000, 3.992208107607848e-001,-5.734843879362250e-002,-8.745735263185346e-002, 1.555907471248228e-001,-3.708547481248176e-002,-4.167005547150956e-001
 8.254826999999999e+000, 3.974880698257572e-001,-5.619221192303958e-002,-9.630999306271156e-002, 1.604185549820396e-001,-3.931339384476141e-002,-4.102909418376356e-001
 8.258994000000000e+000, 3.956568830672578e-001,-5.495591247601128e-002,-1.050899993450225e-001, 1.653616864088150e-001,-4.161394654638286e-002,-4.037675576480247e-001
 8.263160999999998e+000, 3.937175689855218e-001,-5.364247234246000e-002,-1.137365297162855e-001, 1.703847048666105e-001,-4.397019185947919e-002,-3.971822199042443e-001
 8.267327999999999e+000, 3.916598313727818e-001,-5.225409927557356e-002,-1.221952928258267e-001, 1.754534374916132e-001,-4.636720771243461e-002,-3.905807563998836e-001
 8.271495000000000e+000, 3.894742498042476e-001,-5.079327680394030e-002,-1.304139833618204e-001, 1.805322563501420e-001,-4.879076334296707e-002,-3.840068169906919e-001
 8.275661999999999e+000, 3.871514057998319e-001,-4.926216786836091e-002,-1.383477232982920e-001, 1.855873463642328e-001,-5.122873630982511e-002,-3.774980433258797e-001
 8.279828999999999e+000, 3.846822006504738e-001,-4.766283590535636e-002,-1.459583684456236e-001, 1.905865817169324e-001,-5.367088770991482e-002,-3.710868421285244e-001
 8.283995999999998e+000, 3.820587502637509e-001,-4.599782605367375e-002,-1.532122114574401e-001, 1.954983128448664e-001,-5.610804865402037e-002,-3.648026049861828e-001
 8.288162999999999e+000, 3.792735124117361e-001,-4.426959455353918e-002,-1.600828201298340e-001, 2.002936000439894e-001,-5.853297551473006e-002,-3.586695352179490e-001
 8.292330000000000e+000, 3.763203688041148e-001,-4.248118191193706e-002,-1.665478601717203e-001, 2.049445069518893e-001,-6.093927132828537e-002,-3.527095172463566e-001
 8.296496999999999e+000, 3.731933137973832e-001,-4.063539204822719e-002,-1.725917268751253e-001, 2.094264344204957e-001,-6.332237369289143e-002,-3.469397575024867e-001
 8.300663999999999e+000, 3.698883864736995e-001,-3.873592392453795e-002,-1.782009178786474e-001, 2.137152558482614e-001,-6.567788865048559e-002,-3.413770428325140e-001
 8.304831000000000e+000, 3.664019977733712e-001,-3.678632661276637e-002,-1.833669569910177e-001, 2.177899074223751e-001,-6.800280938217046e-002,-3.360349377888013e-001
 8.308997999999999e+000, 3.627309529630296e-001,-3.479000831761625e-002,-1.880850873505099e-001, 2.216319576846253e-001,-7.029526223874585e-002,-3.309247605051741e-001
 8.313165000000000e+000, 3.588736430411019e-001,-3.275084341509360e-002,-1.923520021676520e-001, 2.252242078276243e-001,-7.255364571319337e-002,-3.260578103233785e-001
 8.317331999999999e+000, 3.548280786350784e-001,-3.067206996101679e-002,-1.961676390806161e-001, 2.285525348257265e-001,-7.477773985631937e-002,-3.214431845175940e-001
 8.321498999999999e+000, 3.505943744651796e-001,-2.855755381720537e-002,-1.995320157896152e-001, 2.316035250866423e-001,-7.696719156739497e-002,-3.170911999679135e-001
 8.325665999999998e+000, 3.461725747053763e-001,-2.641062021021257e-002,-2.024471302665756e-001, 2.343663283134770e-001,-7.912268232965908e-002,-3.130109675976758e-001
 8.329832999999999e+000, 3.415625978528247e-001,-2.423406867711608e-002,-2.049161633470795e-001, 2.368322386356276e-001,-8.124575268127592e-002,-3.092108828916819e-001
 8.334000000000000e+000, 3.367658961491115e-001,-2.203098026085759e-002,-2.069422403915258e-001, 2.389936374246041e-001,-8.333791753072213e-002,-3.057001479949206e-001
 8.338166999999999e+000, 3.317832928948635e-001,-1.980372718324830e-002,-2.085294001034095e-001, 2.408450545803251e-001,-8.540155836309241e-002,-3.024870118702918e-001
 8.342333999999999e+000, 3.266171038865773e-001,-1.755498653453480e-002,-2.096815414970407e-001, 2.423821205332405e-001,-8.743889252809241e-002,-2.995803203000210e-001
 8.346501000000000e+000, 3.212684643299919e-001,-1.528659816342870e-002,-2.104030818597154e-001, 2.436024033761001e-001,-8.945296387963916e-002,-2.969878519579192e-001
 8.350667999999999e+000, 3.157407953746152e-001,-1.300109866059351e-002,-2.106981923365026e-001, 2.445043686796478e-001,-9.144620318828579e-002,-2.947181689903730e-001
 8.354835000000000e+000, 3.100370648885334e-001,-1.070055841135154e-002,-2.105713754475500e-001, 2.450881273080043e-001,-9.342142510735844e-002,-2.927790351956123e-001
 8.359001999999999e+000, 3.041596444960569e-001,-8.386593281107801e-003,-2.100271221011721e-001, 2.453551239449111e-001,-9.538173530269245e-002,-2.911776263000417e-001
 8.363168999999999e+000, 2.981127306136752e-001,-6.061353622746957e-003,-2.090700869925779e-001, 2.453079168526564e-001,-9.732963287041535e-002,-2.899211998522095e-001
 8.367335999999998e+000, 2.918990190551147e-001,-3.726251017662330e-003,-2.077047760848227e-001, 2.449502377563324e-001,-9.926803254230525e-002,-2.890161723094286e-001
 8.371502999999999e+000, 2.855238413467473e-001,-1.383570299825054e-003,-2.059363106940001e-001, 2.442870217460987e-001,-1.011988649416272e-001,-2.884688440885601e-001
 8.375670000000000e+000, 2.789920563825766e-001, 9.646930202804604e-004,-2.037700168174087e-001, 2.433243419600405e-001,-1.031240097421214e-001,-2.882846530729110e-001
 8.379836999999998e+000, 2.723077679556745e-001, 3.316851227707973e-003,-2.012111207127859e-001, 2.420690956188094e-001,-1.050452816387144e-001,-2.884683754244318e-001
 8.384003999999999e+000, 2.654772705895973e-001, 5.670425597128492e-003,-1.982658657438384e-001, 2.405294461119427e-001,-1.069635359975426e-001,-2.890240583089054e-001
 8.388171000000000e+000, 2.585055944264278e-001, 8.023311931900645e-003,-1.949402693779156e-001, 2.387141270028625e-001,-1.088796424569425e-001,-2.899550451857847e-001
 8.392337999999999e+000, 2.513999560921306e-001, 1.037254962549361e-002,-1.912416741846193e-001, 2.366331550541005e-001,-1.107935092238123e-001,-2.912636462594424e-001
 8.396504999999999e+000, 2.441657407007395e-001, 1.271564396049674e-002,-1.871768645221903e-001, 2.342966828452799e-001,-1.127051893928977e-001,-2.929516833220575e-001
 8.400671999999998e+000, 2.368114080389436e-001, 1.504894531037437e-002,-1.827547429825931e-001, 2.317163957684169e-001,-1.146135837865683e-001,-2.950194852103479e-001
 8.404838999999999e+000, 2.293449387483174e-001, 1.736884199747202e-002,-1.779846131203807e-001, 2.289044224743280e-001,-1.165174263292208e-001,-2.974664314915612e-001
 8.409006000000000e+000, 2.217732684388707e-001, 1.967192785946570e-002,-1.728757151807695e-001, 2.258729122071209e-001,-1.184154328713918e-001,-3.002913052843745e-001
 8.413172999999999e+000, 2.141058821381549e-001, 2.195393347971120e-002,-1.674396938963165e-001, 2.226353713102598e-001,-1.203054267518067e-001,-3.034909401838458e-001
 8.417339999999999e+000, 2.063501530095368e-001, 2.421118180328952e-002,-1.616875424638164e-001, 2.192047255889245e-001,-1.221855411104274e-001,-3.070618889931401e-001
 8.421506999999998e+000, 1.985166652218506e-001, 2.643905883345932e-002,-1.556334984629590e-001, 2.155955253175946e-001,-1.240529485769896e-001,-3.109980661788042e-001
 8.425673999999999e+000, 1.906154644345320e-001, 2.863318819582417e-002,-1.492925157190370e-001, 2.118223202746047e-001,-1.259048264980009e-001,-3.152921625544256e-001
 8.429841000000000e+000, 1.826552843197699e-001, 3.078965942157330e-002,-1.426795523944477e-001, 2.078991320866799e-001,-1.277385536802773e-001,-3.199362027923488e-001
 8.434007999999999e+000, 1.746475232972214e-001, 3.290398408517015e-002,-1.358128787312237e-001, 2.038413252537753e-001,-1.295508244332908e-001,-3.249192229049117e-001
 8.438174999999999e+000, 1.666016809580138e-001, 3.497238098223643e-002,-1.287103541060249e-001, 1.996633107590833e-001,-1.313387397638574e-001,-3.302298260684429e-001
 8.442342000000000e+000, 1.585297404279079e-001, 3.699066438764720e-002,-1.213931988790264e-001, 1.953807076014182e-001,-1.330988550668912e-001,-3.358533877549278e-001
 8.446508999999999e+000, 1.504411874526553e-001, 3.895555611113433e-002,-1.138815705219218e-001, 1.910076897008754e-001,-1.348283179371102e-001,-3.417753314326220e-001
 8.450676000000000e+000, 1.423486357485427e-001, 4.086332004602999e-002,-1.061996253185697e-001, 1.865599195732164e-001,-1.365236813805317e-001,-3.479771730546777e-001
 8.454842999999999e+000, 1.342640001729494e-001, 4.271076126804596e-002,-9.837200584160039e-002, 1.820524730579473e-001,-1.381817819097983e-001,-3.544391486996292e-001
 8.459009999999999e+000, 1.261974526068800e-001, 4.449545035988711e-002,-9.042260734821478e-002, 1.774991551707095e-001,-1.397999686395719e-001,-3.611412869339424e-001
 8.463176999999998e+000, 1.181617192086754e-001, 4.621477271624963e-002,-8.237863235771756e-002, 1.729148607845646e-001,-1.413752683771453e-001,-3.680599970426575e-001
 8.467343999999999e+000, 1.101672254846722e-001, 4.786701723245357e-002,-7.426566743717024e-002, 1.683127967625853e-001,-1.429053967464189e-001,-3.751721828154205e-001
 8.471511000000000e+000, 1.022266679582880e-001, 4.945040165838455e-002,-6.611206594516569e-002, 1.637070504750079e-001,-1.443878946221483e-001,-3.824514473482562e-001
 8.475677999999999e+000, 9.434991166801193e-002, 5.096411333981199e-002,-5.794356577049588e-002, 1.591096183141716e-001,-1.458211247402490e-001,-3.898728156421004e-001
 8.479844999999999e+000, 8.654955074651692e-002, 5.240718756783180e-002,-4.978877578632232e-002, 1.545336065712678e-001,-1.472032557382094e-001,-3.974078259693187e-001
 8.484012000000000e+000, 7.883729211204273e-002, 5.377921757924220e-002,-4.167525430496628e-002, 1.499911188696680e-001,-1.485329582258985e-001,-4.050280164997835e-001
 8.488178999999999e+000, 7.122275312864852e-002, 5.508050230261952e-002,-3.362797377532326e-002, 1.454925217111021e-001,-1.498095937906337e-001,-4.127064694825306e-001
 8.492346000000000e+000, 6.371779200871620e-002, 5.631125580228291e-002,-2.567366295802787e-002, 1.410489953875926e-001,-1.510324765613043e-001,-4.204137440377981e-001
 8.496512999999998e+000, 5.633136965114915e-002, 5.747245045942817e-002,-1.783518312361141e-002, 1.366695040133340e-001,-1.522017270697399e-001,-4.281232984892352e-001
 8.500679999999999e+000, 4.907483528148028e-002, 5.856491697130317e-002,-1.013693535111494e-002, 1.323639365349750e-001,-1.533174007521222e-001,-4.358063074999543e-001
 8.504846999999998e+000, 4.195863115296918e-002, 5.958986190944726e-002,-2.601204508590128e-003, 1.281411730554712e-001,-1.543800141372687e-001,-4.434352482481402e-001
 8.509013999999999e+000, 3.499107158813841e-002, 6.054897759375999e-002, 4.753271097798582e-003, 1.240083818481822e-001,-1.553906809642765e-001,-4.509854960303701e-001
 8.513180999999999e+000, 2.818249427195414e-002, 6.144382180762453e-002, 1.190701791483782e-002, 1.199735108603472e-001,-1.563504693716254e-001,-4.584310519029052e-001
 8.517347999999998e+000, 2.154083364979564e-002, 6.227640402949319e-002, 1.884457187313778e-002, 1.160426932028358e-001,-1.572610136061401e-001,-4.657494912431687e-001
 8.521514999999999e+000, 1.507575013555614e-002, 6.304861751768320e-002, 2.555019769638571e-002, 1.122227265801576e-001,-1.581238949070129e-001,-4.729175923065740e-001
 8.525682000000000e+000, 8.794267937436946e-003, 6.376276046407381e-002, 3.201245551148552e-002, 1.085185257298488e-001,-1.589411971725260e-001,-4.799162451999777e-001
 8.529848999999999e+000, 2.705339747081151e-003, 6.442097026934079e-002, 3.821946365798993e-002, 1.049358530557054e-001,-1.597148553520539e-001,-4.867254698416507e-001
 8.534015999999999e+000,-3.182162972639335e-003, 6.502515039515644e-002, 4.414834049152569e-002, 1.014788031654948e-001,-1.604448432703806e-001,-4.933178271950259e-001
 8.538182999999998e+000,-8.863483924987816e-003, 6.557864615988396e-002, 4.982064829062308e-002, 9.815296303170876e-002,-1.611379146232737e-001,-4.996989411793440e-001
 8.542349999999999e+000,-1.433001353706534e-002, 6.608341969037457e-002, 5.521571938860549e-002, 9.496177055371471e-002,-1.617939612401713e-001,-5.058437045263773e-001
