---- AnyBody Output File ---------------------------------
Study: Main.MarkerModelStudy
Operation: Main.MarkerModelStudy.KinematicAnalysis
----------------------------------------------------------
Constants (Name = Value): 
Main.MarkerModelStudy.MarkerModel.Markers.LHEE.MarkerPositionFile.FileName = "LHEE.txt"
Main.MarkerModelStudy.MarkerModel.Markers.LHEE.MarkerPositionFile.Search = 
Main.MarkerModelStudy.MarkerModel.Markers.LHEE.MarkerPositionFile.SepSign = "  "
Main.MarkerModelStudy.MarkerModel.Markers.LHEE.MarkerPositionFile.LineSepSign = ""
Main.MarkerModelStudy.MarkerModel.Markers.LHEE.MarkerPositionFile.Header.TitleSectionOnOff = On
Main.MarkerModelStudy.MarkerModel.Markers.LHEE.MarkerPositionFile.Header.ConstSectionOnOff = On
Main.MarkerModelStudy.MarkerModel.Markers.LHEE.MarkerPositionFile.Header.VarSectionOnOff = On
Main.MarkerModelStudy.MarkerModel.Markers.LHEE.MarkerPositionFile.Header.ColumnNamesOnOff = On
Main.MarkerModelStudy.MarkerModel.Markers.LHEE.MarkerPositionFile.Header.LinePrefix = ""
Main.MarkerModelStudy.MarkerModel.Markers.LHEE.MarkerPositionFile.NumberFormat.Digits = 15
----------------------------------------------------------
Variables (Column# Name): 
col0  Main.MarkerModelStudy.t
col1  Main.MarkerModelStudy.MarkerModel.Markers.LHEE.MarkerPositionFile.px
col2  Main.MarkerModelStudy.MarkerModel.Markers.LHEE.MarkerPositionFile.py
col3  Main.MarkerModelStudy.MarkerModel.Markers.LHEE.MarkerPositionFile.pz
----------------------------------------------------------
Main.MarkerModelStudy.t  Main.MarkerModelStudy.MarkerModel.Markers.LHEE.MarkerPositionFile.px  Main.MarkerModelStudy.MarkerModel.Markers.LHEE.MarkerPositionFile.py  Main.MarkerModelStudy.MarkerModel.Markers.LHEE.MarkerPositionFile.pz
 2.841700000000000e+000  -1.907196785707260e+000  -2.603039707115414e-001   7.129074766746306e-002
 2.854385350318471e+000  -1.905742499388272e+000  -2.594056918079361e-001   7.664799558086430e-002
 2.867070700636943e+000  -1.903718142019624e+000  -2.582465742557118e-001   8.281644400507029e-002
 2.879756050955414e+000  -1.900945697069449e+000  -2.568519757628852e-001   8.986510774111139e-002
 2.892441401273886e+000  -1.897211167664004e+000  -2.552508897359346e-001   9.786150536050488e-002
 2.905126751592357e+000  -1.892271615300098e+000  -2.534811755190423e-001   1.068676347473288e-001
 2.917812101910828e+000  -1.885877213866076e+000  -2.515909430043786e-001   1.169419690398731e-001
 2.930497452229300e+000  -1.877794599473515e+000  -2.496413827094488e-001   1.281301638154282e-001
 2.943182802547771e+000  -1.867822183477566e+000  -2.477164573714014e-001   1.404380429606945e-001
 2.955868152866243e+000  -1.855799510920373e+000  -2.459348630686695e-001   1.537969834309779e-001
 2.968553503184714e+000  -1.841612864106253e+000  -2.444526654835309e-001   1.680288607797652e-001
 2.981238853503185e+000  -1.825199613141741e+000  -2.434480395141145e-001   1.828220547399777e-001
 2.993924203821657e+000  -1.806557506489560e+000  -2.430911741799058e-001   1.977366547036862e-001
 3.006609554140128e+000  -1.785759406107277e+000  -2.435108081649822e-001   2.122459239277241e-001
 3.019294904458600e+000  -1.762954381571159e+000  -2.447727441263335e-001   2.257887581831803e-001
 3.031980254777071e+000  -1.738338969811962e+000  -2.468728407949115e-001   2.378182328510850e-001
 3.044665605095542e+000  -1.712110414430138e+000  -2.497375770024283e-001   2.478479906575028e-001
 3.057350955414014e+000  -1.684426995632434e+000  -2.532316923964542e-001   2.554937120414547e-001
 3.070036305732485e+000  -1.655398570168828e+000  -2.571768073539082e-001   2.605002738302899e-001
 3.082721656050957e+000  -1.625099574897421e+000  -2.613764296247759e-001   2.627474392828004e-001
 3.095407006369428e+000  -1.593577201602286e+000  -2.656451281686560e-001   2.622281440571925e-001
 3.108092356687899e+000  -1.560849710579527e+000  -2.698352430033467e-001   2.590194074012625e-001
 3.120777707006371e+000  -1.526901185068166e+000  -2.738560943344073e-001   2.532508796269460e-001
 3.133463057324842e+000  -1.491680561839309e+000  -2.776799644479543e-001   2.450781170557359e-001
 3.146148407643314e+000  -1.455115213071064e+000  -2.813141353190060e-001   2.346880050021163e-001
 3.158833757961785e+000  -1.417129041033222e+000  -2.847611656802243e-001   2.223257939304010e-001
 3.171519108280256e+000  -1.377655141636567e+000  -2.880009345303716e-001   2.083055042289747e-001
 3.184204458598728e+000  -1.336641751900556e+000  -2.909960426917028e-001   1.929905457257613e-001
 3.196889808917199e+000  -1.294057089644923e+000  -2.936997865950043e-001   1.767649327722488e-001
 3.209575159235671e+000  -1.249901565840155e+000  -2.960566487877841e-001   1.600192736635494e-001
 3.222260509554142e+000  -1.204225383215618e+000  -2.980005801392910e-001   1.431479221872324e-001
 3.234945859872613e+000  -1.157144051970080e+000  -2.994545953144238e-001   1.265487225961164e-001
 3.247631210191085e+000  -1.108844651657026e+000  -3.003360271450496e-001   1.106145418056618e-001
 3.260316560509556e+000  -1.059592794795867e+000  -3.005662833728299e-001   9.571518908232464e-002
 3.273001910828028e+000  -1.009743305944356e+000  -3.000814832682544e-001   8.217522302627575e-002
 3.285687261146499e+000  -9.597440991235204e-001  -2.988451027818668e-001   7.025068467976055e-002
 3.298372611464970e+000  -9.101311967333616e-001  -2.968612212592963e-001   6.010995613390367e-002
 3.311057961783442e+000  -8.615189168026867e-001  -2.941837336598741e-001   5.182237890033493e-002
 3.323743312101913e+000  -8.145781360843127e-001  -2.909212598762980e-001   4.535036377624597e-002
 3.336428662420385e+000  -7.700013431415306e-001  -2.872357691596387e-001   4.054905474743698e-002
 3.349114012738856e+000  -7.284619322385164e-001  -2.833334402417291e-001   3.718143210432599e-002
 3.361799363057327e+000  -6.905715125464713e-001  -2.794442506966177e-001   3.494877728109500e-002
 3.374484713375799e+000  -6.568333765819725e-001  -2.757924423888761e-001   3.353069942029799e-002
 3.387170063694270e+000  -6.275974706507278e-001  -2.725672068955549e-001   3.263186909073779e-002
 3.399855414012742e+000  -6.030202961495527e-001  -2.698970679725312e-001   3.202758943737387e-002
 3.412540764331213e+000  -5.830415298547527e-001  -2.678301064047010e-001   3.159694439694616e-002
 3.425226114649684e+000  -5.673787392670332e-001  -2.663232470708011e-001   3.133275568089337e-002
 3.437911464968156e+000  -5.555536670848029e-001  -2.652529942486653e-001   3.131304186009067e-002
 3.450596815286627e+000  -5.469483273959668e-001  -2.644496424304328e-001   3.163838711331684e-002
 3.463282165605099e+000  -5.408941613015386e-001  -2.637476787324325e-001   3.235740057886205e-002
 3.475967515923570e+000  -5.367682237300041e-001  -2.630346121661104e-001   3.342696142509799e-002
 3.488652866242041e+000  -5.340505522838307e-001  -2.622772001829176e-001   3.473414013532343e-002
 3.501338216560513e+000  -5.323297348695452e-001  -2.615094447697288e-001   3.614393883645108e-002
 3.514023566878984e+000  -5.312891427799661e-001  -2.607944765243933e-001   3.753338960952242e-002
 3.526708917197456e+000  -5.306967694732205e-001  -2.601913497682356e-001   3.880716182263148e-002
 3.539394267515927e+000  -5.303901057454198e-001  -2.597367698848239e-001   3.990390468049363e-002
 3.552079617834398e+000  -5.302578811678870e-001  -2.594401481648417e-001   4.079697117654759e-002
 3.564764968152870e+000  -5.302260948749669e-001  -2.592862489236460e-001   4.148859118258905e-002
 3.577450318471341e+000  -5.302487027165272e-001  -2.592421636868474e-001   4.200000312128077e-002
 3.590135668789813e+000  -5.302987571170252e-001  -2.592687830761483e-001   4.236166638672347e-002
 3.602821019108284e+000  -5.303602521779943e-001  -2.593314775496171e-001   4.260632632848348e-002
 3.615506369426755e+000  -5.304228115162116e-001  -2.594058744788044e-001   4.276554413882857e-002
 3.628191719745227e+000  -5.304789460344659e-001  -2.594797149409575e-001   4.286841632726422e-002
 3.640877070063698e+000  -5.305228211590461e-001  -2.595516565047506e-001   4.294058237475493e-002
 3.653562420382170e+000  -5.305503823273770e-001  -2.596271829151997e-001   4.300276876900616e-002
 3.666247770700641e+000  -5.305598762022669e-001  -2.597136950389858e-001   4.306975783819652e-002
 3.678933121019112e+000  -5.305523069523523e-001  -2.598168371769931e-001   4.315083654335003e-002
 3.691618471337584e+000  -5.305312205165073e-001  -2.599383657459108e-001   4.325165768580114e-002
 3.704303821656055e+000  -5.305007022788442e-001  -2.600749125307221e-001   4.337718767451868e-002
 3.716989171974527e+000  -5.304631103035902e-001  -2.602189921577741e-001   4.353399778556662e-002
 3.729674522292998e+000  -5.304186935119778e-001  -2.603621505202059e-001   4.373082740704299e-002
 3.742359872611469e+000  -5.303662130655593e-001  -2.604952178573965e-001   4.397953332881677e-002
 3.755045222929941e+000  -5.303025925286928e-001  -2.606077459347261e-001   4.429488068766300e-002
 3.767730573248412e+000  -5.302248206472101e-001  -2.606941874869610e-001   4.468777896318205e-002
 3.780415923566884e+000  -5.301343143824105e-001  -2.607603176072460e-001   4.515846387240041e-002
 3.793101273885355e+000  -5.300368910700561e-001  -2.608160301792781e-001   4.570328810706731e-002
 3.805786624203826e+000  -5.299398075123093e-001  -2.608678150331031e-001   4.632421059114085e-002
 3.818471974522298e+000  -5.298495953495852e-001  -2.609225239898039e-001   4.702993300684924e-002
 3.831157324840769e+000  -5.297702365198240e-001  -2.609904051330964e-001   4.783600613937079e-002
 3.843842675159241e+000  -5.297016000736473e-001  -2.610815666882242e-001   4.876605502365223e-002
 3.856528025477712e+000  -5.296385467850278e-001  -2.611997153508551e-001   4.985164878216256e-002
 3.869213375796183e+000  -5.295709352966920e-001  -2.613376068427499e-001   5.113009406959715e-002
 3.881898726114655e+000  -5.294834981795781e-001  -2.614750269710927e-001   5.264162630531482e-002
 3.894584076433126e+000  -5.293554894451590e-001  -2.615775146850935e-001   5.442872497127414e-002
 3.907269426751598e+000  -5.291607823029091e-001  -2.615964326698035e-001   5.653721097565959e-002
 3.919954777070069e+000  -5.288679976401693e-001  -2.614746461961399e-001   5.901610831127065e-002
 3.932640127388540e+000  -5.284386578489113e-001  -2.611567358223619e-001   6.191558912193028e-002
 3.945325477707012e+000  -5.278234102839711e-001  -2.605957983600231e-001   6.528467816649079e-002
 3.958010828025483e+000  -5.269579196940768e-001  -2.597542856924298e-001   6.916936807548910e-002
 3.970696178343955e+000  -5.257614735238918e-001  -2.586052571585911e-001   7.361596681114403e-002
 3.983381528662426e+000  -5.241373338442942e-001  -2.571371736106587e-001   7.868105109429084e-002
 3.996066878980897e+000  -5.219701371337019e-001  -2.553561080346610e-001   8.443656041565859e-002
 4.008752229299368e+000  -5.191202719934478e-001  -2.532823963318403e-001   9.096641901038027e-002
 4.021437579617840e+000  -5.154204394305832e-001  -2.509459698570459e-001   9.836017669662175e-002
 4.034122929936311e+000  -5.106750931296561e-001  -2.483847385390830e-001   1.067046338171313e-001
 4.046808280254783e+000  -5.046641290101428e-001  -2.456435282264506e-001   1.160702863977687e-001
 4.059493630573254e+000  -4.971519856172675e-001  -2.427710416543416e-001   1.264911001334886e-001
 4.072178980891725e+000  -4.879084649203883e-001  -2.398138797313962e-001   1.379457961317610e-001
 4.084864331210197e+000  -4.767402779534147e-001  -2.368135174470654e-001   1.503497139971368e-001
 4.097549681528668e+000  -4.635171431260722e-001  -2.338196513321638e-001   1.635505995432271e-001
 4.110235031847140e+000  -4.481837388954950e-001  -2.309176403254738e-001   1.773204380103258e-001
 4.122920382165611e+000  -4.307553549542918e-001  -2.282497184036774e-001   1.913522248782577e-001
 4.135605732484082e+000  -4.113001902021906e-001  -2.260122362481166e-001   2.052706454156782e-001
 4.148291082802554e+000  -3.899253239155702e-001  -2.244264501353331e-001   2.186549553661168e-001
 4.160976433121025e+000  -3.667735648442621e-001  -2.236993344678754e-001   2.310618011271702e-001
 4.173661783439497e+000  -3.420104885516585e-001  -2.239824557158079e-001   2.420520525848914e-001
 4.186347133757968e+000  -3.157937833540825e-001  -2.253332613324040e-001   2.512254780929116e-001
 4.199032484076439e+000  -2.882443628117642e-001  -2.277001215545771e-001   2.582524864175746e-001
 4.211717834394911e+000  -2.594394114365881e-001  -2.309440796822651e-001   2.628903107573810e-001
 4.224403184713382e+000  -2.294245846843096e-001  -2.348753089139296e-001   2.649841596955693e-001
 4.237088535031854e+000  -1.982270031553775e-001  -2.392887602149878e-001   2.644588062975694e-001
 4.249773885350325e+000  -1.658564994170585e-001  -2.439930849831192e-001   2.613107185950825e-001
 4.262459235668796e+000  -1.323012254376665e-001  -2.488273436773288e-001   2.556026866239066e-001
 4.275144585987268e+000  -9.752640903901465e-002  -2.536667520769289e-001   2.474624557819321e-001
 4.287829936305739e+000  -6.147806300444335e-002  -2.584192793176334e-001   2.370822096338999e-001
 4.300515286624211e+000  -2.408840824070241e-002  -2.630141111373942e-001   2.247219946499813e-001
 4.313200636942682e+000   1.471630691970097e-002  -2.673832280756512e-001   2.107137287298546e-001
 4.325885987261153e+000   5.500183606325319e-002  -2.714497444296118e-001   1.954535354105177e-001
 4.338571337579625e+000   9.680470310209813e-002  -2.751369504860357e-001   1.793677438217356e-001
 4.351256687898096e+000   1.401130277345249e-001  -2.783792966974156e-001   1.628799346641973e-001
 4.363942038216568e+000   1.848567092042560e-001  -2.811129999754744e-001   1.464011423529626e-001
 4.376627388535039e+000   2.309066391497986e-001  -2.832653731375191e-001   1.303219874996543e-001
 4.389312738853510e+000   2.780765439621148e-001  -2.847582317750535e-001   1.149983948212467e-001
 4.401998089171982e+000   3.261130796586784e-001  -2.855181337738051e-001   1.007438417220061e-001
 4.414683439490453e+000   3.746799180598249e-001  -2.854911182724976e-001   8.783113343018517e-002
 4.427368789808925e+000   4.233502038640525e-001  -2.846600819501169e-001   7.648686515437164e-002
 4.440054140127396e+000   4.716132042799726e-001  -2.830579085532773e-001   6.686565582350000e-002
 4.452739490445867e+000   5.188872063957419e-001  -2.807745222593568e-001   5.902464242823926e-002
 4.465424840764339e+000   5.645327441058213e-001  -2.779586864519568e-001   5.291630948805264e-002
 4.478110191082810e+000   6.078705573577500e-001  -2.748111598977537e-001   4.839428901599130e-002
 4.490795541401282e+000   6.482125644051816e-001  -2.715674762714718e-001   4.522545645762301e-002
 4.503480891719753e+000   6.849093544624024e-001  -2.684677580871830e-001   4.311103559448561e-002
 4.516166242038224e+000   7.174088295228829e-001  -2.657211607700979e-001   4.172028821263146e-002
 4.528851592356696e+000   7.453165617850112e-001  -2.634780050829536e-001   4.074040254975443e-002
 4.541536942675167e+000   7.684552617520853e-001  -2.618109375326772e-001   3.993403849232370e-002
 4.554222292993639e+000   7.869048356025941e-001  -2.607068491913948e-001   3.918126080207735e-002
 4.566907643312110e+000   8.010119931742713e-001  -2.600730019161373e-001   3.849110295270438e-002
 4.579592993630581e+000   8.113498501956284e-001  -2.597639267607367e-001   3.797414630791392e-002
 4.592278343949053e+000   8.186330367608518e-001  -2.596186257000161e-001   3.778084368654677e-002
 4.604963694267524e+000   8.235972759576170e-001  -2.594940060169713e-001   3.801674470888959e-002
 4.617649044585996e+000   8.268859393320879e-001  -2.592918072879386e-001   3.868080097632830e-002
 4.630334394904467e+000   8.289995416076986e-001  -2.589790924826395e-001   3.967431067889006e-002
 4.643019745222938e+000   8.303178069481606e-001  -2.585850252054261e-001   4.085674727244303e-002
 4.655705095541410e+000   8.311434918431857e-001  -2.581712437875784e-001   4.209364848938949e-002
 4.668390445859881e+000   8.317264179419296e-001  -2.578040268156971e-001   4.327714976135415e-002
 4.681075796178353e+000   8.322830109897845e-001  -2.575405797685499e-001   4.433423885100961e-002
 4.693761146496824e+000   8.330204674413634e-001  -2.574277562279307e-001   4.523196084731723e-002
 4.706446496815295e+000   8.341498486082003e-001  -2.575071762328968e-001   4.597323323961194e-002
 4.719131847133767e+000   8.358804396853348e-001  -2.578201293195813e-001   4.658419344065246e-002
 4.731817197452238e+000   8.383969031545459e-001  -2.584075313693780e-001   4.710210232345638e-002
 4.744502547770710e+000   8.418163999225951e-001  -2.592996025646510e-001   4.756553199012265e-002
 4.757187898089181e+000   8.461219763490873e-001  -2.604928782606636e-001   4.800468782364888e-002
 4.769873248407652e+000   8.510739868394438e-001  -2.619181548253030e-001   4.843398530260958e-002
 4.782558598726124e+000   8.560975811313262e-001  -2.634020806437553e-001   4.884598766378554e-002
 4.795243949044595e+000   8.601615056612890e-001  -2.646281751975834e-001   4.920389163257433e-002
 4.807929299363067e+000   8.616538333261318e-001  -2.650982633376022e-001   4.943252815145004e-002
 4.820614649681538e+000   8.582947538880050e-001  -2.641056885673954e-001   4.941149687270083e-002
 4.833300000000009e+000   8.471125154613555e-001  -2.607276713042700e-001   4.897162926308817e-002
