t             x y z
0.000000000000000  0          0.0000016216				-0.0000012852       
0.002000000000000  0          0.0000016216       -0.0000012852
0.004000000000000  0          0.0000016216       -0.0000012852
0.006000000000000  0          0.0000016216       -0.0000012852
0.008000000000000  0          0.0000016216       -0.0000012852
0.010000000000000  0          0.0000016216       -0.0000012852
0.012000000000000  0          0.0000016216       -0.0000012852
0.014000000000000  0          0.0000016216       -0.0000012852
0.016000000000000  0          0.0000016216       -0.0000012852
0.018000000000000  0          0.0000016216       -0.0000012852
0.020000000000000  0          0.0000016216       -0.0000012852
0.022000000000000  0          0.0000016216       -0.0000012852
0.024000000000000  0          0.0000016216       -0.0000012852
0.026000000000000  0          0.0000016216       -0.0000012852
0.028000000000000  0          0.0000016216       -0.0000012852
0.030000000000000  0          0.0000016216       -0.0000012852
0.032000000000000  0          0.0000016216       -0.0000012852
0.034000000000000  0          0.0000016216       -0.0000012852
0.036000000000000  0          0.0000016216       -0.0000012852
0.038000000000000  0          0.0000016216       -0.0000012852
0.040000000000000  0          0.0000016216       -0.0000012852
0.042000000000000  0          0.0000016216       -0.0000012852
0.044000000000000  0          0.0000016216       -0.0000012852
0.046000000000000  0          0.0000016216       -0.0000012852
0.048000000000000  0          0.0000016216       -0.0000012852
0.050000000000000  0          0.0000016216       -0.0000012852
0.052000000000000  0          0.0000016216       -0.0000012852
0.054000000000000  0          0.0000016216       -0.0000012852
0.056000000000000  0          0.0000016216       -0.0000012852
0.058000000000000  0          0.0000016216       -0.0000012852
0.060000000000000  0          0.0000016216       -0.0000012852
0.062000000000000  0          0.0000016216       -0.0000012852
0.064000000000000  0          0.0000016216       -0.0000012852
0.066000000000000  0          0.0000016216       -0.0000012852
0.068000000000000  0          0.0000016216       -0.0000012852
0.070000000000000  0          0.0000016216       -0.0000012852
0.072000000000000  0          0.0000016216       -0.0000012852
0.074000000000000  0          0.0000016216       -0.0000012852
0.076000000000000  0          0.0000016216       -0.0000012852
0.078000000000000  0          0.0000016216       -0.0000012852
0.080000000000000  0          0.0000016216       -0.0000012852
0.082000000000000  0          0.0000016216       -0.0000012852
0.084000000000000  0          0.0000016216       -0.0000012852
0.086000000000000  0          0.0000016216       -0.0000012852
0.088000000000000  0          0.0000016216       -0.0000012852
0.090000000000000  0          0.0000016216       -0.0000012852
0.092000000000000  0          0.0000016216       -0.0000012852
0.094000000000000  0          0.0000016216       -0.0000012852
0.096000000000000  0          0.0000016216       -0.0000012852
0.098000000000000  0          0.0000016216       -0.0000012852
0.100000000000000  0          0.0000016216       -0.0000012852
0.102000000000000  0          0.0000016216       -0.0000012852
0.104000000000000  0          0.0000016216       -0.0000012852
0.106000000000000  0          0.0000016216       -0.0000012852
0.108000000000000  0          0.0000016216       -0.0000012852
0.110000000000000  0          0.0000016216       -0.0000012852
0.112000000000000  0          0.0000016216       -0.0000012852
0.114000000000000  0          0.0000016216       -0.0000012852
0.116000000000000  0          0.0000016216       -0.0000012852
0.118000000000000  0          0.0000016216       -0.0000012852
0.120000000000000  0          0.0000016216       -0.0000012852
0.122000000000000  0          0.0000016216       -0.0000012852
0.124000000000000  0          0.0000016216       -0.0000012852
0.126000000000000  0          0.0000016216       -0.0000012852
0.128000000000000  0          0.0000016216       -0.0000012852
0.130000000000000  0          0.0000016216       -0.0000012852
0.132000000000000  0          0.0000016216       -0.0000012852
0.134000000000000  0          0.0000016216       -0.0000012852
0.136000000000000  0          0.0000016216       -0.0000012852
0.138000000000000  0          0.0000016216       -0.0000012852
0.140000000000000  0          0.0000016216       -0.0000012852
0.142000000000000  0          0.0000016216       -0.0000012852
0.144000000000000  0          0.0000016216       -0.0000012852
0.146000000000000  0          0.0000016216       -0.0000012852
0.148000000000000  0          0.0000016216       -0.0000012852
0.150000000000000  0          0.0000016216       -0.0000012852
0.152000000000000  0          0.0000016216       -0.0000012852
0.154000000000000  0          0.0000016216       -0.0000012852
0.156000000000000  0.0006262	0.0000016216       -0.0000012852
0.158000000000000  0.0012525	0.0000016216       -0.0000012852
0.160000000000000  0.0018787	0.0000016216       -0.0000012852
0.162000000000000  0.0025050	0.0000016216       -0.0000012852
0.164000000000000  0.0031312	0.0000016216       -0.0000012852
0.166000000000000  0.0037575	0.0000016216       -0.0000012852
0.168000000000000  0.0043837	0.0000016216       -0.0000012852
0.170000000000000  0.0050100	0.0000016216       -0.0000012852
0.172000000000000  0.0056362	0.0000016216       -0.0000012852
0.174000000000000  0.0062625	0.0000016216       -0.0000012852
0.176000000000000  0.0068887	0.0000016216       -0.0000012852
0.178000000000000  0.0075150	0.0000016216       -0.0000012852
0.180000000000000  0.0081412	0.0000016216       -0.0000012852
0.182000000000000  0.0087675	0.0000016216       -0.0000012852
0.184000000000000  0.0093937	0.0000016216       -0.0000012852
0.186000000000000  0.0100200	0.0000016216       -0.0000012852
0.188000000000000  0.0106460	0.0000016216       -0.0000012852
0.190000000000000  0.0112720	0.0000016216       -0.0000012852
0.192000000000000  0.0118990	0.0000016216       -0.0000012852
0.194000000000000  0.0125250	0.0000016216       -0.0000012852
0.196000000000000  0          0               0                   
0.198000000000000  0          0               0                   
0.200000000000000  0          0               0                   
0.202000000000000  0          0               0                   
0.204000000000000  0          0               0                   
0.206000000000000  0          0               0                   
0.208000000000000  0          0               0                   
0.210000000000000  0          0               0                   
0.212000000000000  0          0               0                   
0.214000000000000  0          0               0                   
0.216000000000000  0          0               0                   
0.218000000000000  0          0               0                   
0.220000000000000  0          0               0                   
0.222000000000000  0          0               0                   
0.224000000000000  0          0               0                   
0.226000000000000  0          0               0                   
0.228000000000000  0          0               0                   
0.230000000000000  0          0               0                   
0.232000000000000  0          0               0                   
0.234000000000000  0          0               0                   
0.236000000000000  0          0               0                   
0.238000000000000  0          0               0                   
0.240000000000000  0          0               0                   
0.242000000000000  0          0               0                   
0.244000000000000  0          0               0                   
0.246000000000000  0          0               0                   
0.248000000000000  0          0               0                   
0.250000000000000  0          0               0                   
0.252000000000000  0          0               0                   
0.254000000000000  0          0               0                   
0.256000000000000  0          0               0                   
0.258000000000000  0          0               0                   
0.260000000000000  0          0               0                   
0.262000000000000  0          0               0                   
0.264000000000000  0          0               0                   
0.266000000000000  0          0               0                   
0.268000000000000  0          0               0                   
0.270000000000000  0          0               0                   
0.272000000000000  0          0               0                   
0.274000000000000  0          0               0                   
0.276000000000000  0          0               0                   
0.278000000000000  0          0               0                   
0.280000000000000  0          0               0                   
0.282000000000000  0          0               0                   
0.284000000000000  0          0               0                   
0.286000000000000  0          0               0                   
0.288000000000000  0          0               0                   
0.290000000000000  0          0               0                   
0.292000000000000  0          0               0                   
0.294000000000000  0          0               0                   
0.296000000000000  0          0               0                   
0.298000000000000  0          0               0                   
0.300000000000000  0          0               0                   
0.302000000000000  0          0               0                   
0.304000000000000  0          0               0                   
0.306000000000000  0          0               0                   
0.308000000000000  0          0               0                   
0.310000000000000  0          0               0                   
0.312000000000000  0          0               0                   
0.314000000000000  0          0               0                   
0.316000000000000  0          0               0                   
0.318000000000000  0          0               0                   
0.320000000000000  0          0               0                   
0.322000000000000  0          0               0                   
0.324000000000000  0          0               0                   
0.326000000000000  0          0               0                   
0.328000000000000  0          0               0                   
0.330000000000000  0          0               0                   
0.332000000000000  0          0               0                   
0.334000000000000  0          0               0                   
0.336000000000000  0          0               0                   
0.338000000000000  0          0               0                   
0.340000000000000  0          0               0                   
0.342000000000000  0          0               0                   
0.344000000000000  0          0               0                   
0.346000000000000  0          0               0                   
0.348000000000000  0          0               0                   
0.350000000000000  0          0               0                   
0.352000000000000  0          0               0                   
0.354000000000000  0          0               0                   
0.356000000000000  0          0               0                   
0.358000000000000  0          0               0                   
0.360000000000000  0          0               0                   
0.362000000000000  0          0               0                   
0.364000000000000  0          0               0                   
0.366000000000000  0          0               0                   
0.368000000000000  0          0               0                   
0.370000000000000  0          0               0                   
0.372000000000000  0          0               0                   
0.374000000000000  0          0               0                   
0.376000000000000  0          0               0                   
0.378000000000000  0          0               0                   
0.380000000000000  0          0               0                   
0.382000000000000  0          0               0                   
0.384000000000000  0          0               0                   
0.386000000000000  0          0               0                   
0.388000000000000  0          0               0                   
0.390000000000000  0          0               0                   
0.392000000000000  0          0               0                   
0.394000000000000  0          0               0                   
0.396000000000000  0          0               0                   
0.398000000000000  0          0               0                   
0.400000000000000  0          0               0                   