Main.Studies.MarkerTracking.t,Main.Studies.MarkerTracking.JointAngleOutputs.OutputFile_RightLeg.HipFlexion,Main.Studies.MarkerTracking.JointAngleOutputs.OutputFile_RightLeg.HipAbduction,Main.Studies.MarkerTracking.JointAngleOutputs.OutputFile_RightLeg.HipExternalRotation,Main.Studies.MarkerTracking.JointAngleOutputs.OutputFile_RightLeg.KneeFlexion,Main.Studies.MarkerTracking.JointAngleOutputs.OutputFile_RightLeg.AnklePlantarFlexion,Main.Studies.MarkerTracking.JointAngleOutputs.OutputFile_RightLeg.SubTalarEversion
 5.620000000000000e+000, 5.018009980984590e-001, 6.985328215109243e-002,-3.131498376620354e-002, 5.913210796422376e-001,-2.748007303505688e-001,-3.889482557219032e-002
 5.630000000000000e+000, 5.006204086764875e-001, 6.976268360097637e-002,-3.068932548955354e-002, 5.906524384128371e-001,-2.745284666576300e-001,-3.847602920425575e-002
 5.640000000000000e+000, 4.997770066774143e-001, 6.964256547874936e-002,-3.001574040633053e-002, 5.904081813038964e-001,-2.743974841056940e-001,-3.831312928017951e-002
 5.650000000000000e+000, 4.995129969162003e-001, 6.947761074493952e-002,-2.926850009812866e-002, 5.908766790451074e-001,-2.745130784891983e-001,-3.856612832414528e-002
 5.660000000000000e+000, 5.000607651046147e-001, 6.925723798029337e-002,-2.843832216944950e-002, 5.923327637939372e-001,-2.749777164459022e-001,-3.937577453426194e-002
 5.670000000000000e+000, 5.015596956027408e-001, 6.897976874792522e-002,-2.753821988471391e-002, 5.949469721770253e-001,-2.758556295813615e-001,-4.081397217012056e-002
 5.680000000000000e+000, 5.041235943928401e-001, 6.864948698532669e-002,-2.658617907227836e-002, 5.988724260182581e-001,-2.772092373553901e-001,-4.292897001584361e-002
 5.690000000000000e+000, 5.078350598570955e-001, 6.827309913999735e-002,-2.559760219140997e-002, 6.042092970587690e-001,-2.790879351252379e-001,-4.570926086144666e-002
 5.700000000000000e+000, 5.127103463581713e-001, 6.786350440943112e-002,-2.459233566903801e-002, 6.109904036453935e-001,-2.815232438914621e-001,-4.910082076362752e-002
 5.710000000000000e+000, 5.187188143299116e-001, 6.742965647109633e-002,-2.359538968913169e-002, 6.191830517269383e-001,-2.845223382175980e-001,-5.301016127517209e-002
 5.720000000000000e+000, 5.257774505243775e-001, 6.697523339700839e-002,-2.263936711865290e-002, 6.286927229538498e-001,-2.880685441525754e-001,-5.731995922996926e-002
 5.730000000000000e+000, 5.337519560630312e-001, 6.650086566847113e-002,-2.176039563455212e-002, 6.393729219212763e-001,-2.921293030628785e-001,-6.189920714694018e-002
 5.740000000000000e+000, 5.424636449196562e-001, 6.600713501363753e-002,-2.099152328709062e-002, 6.510383295309943e-001,-2.966658979294292e-001,-6.661091113003231e-002
 5.750000000000000e+000, 5.517047501231754e-001, 6.549403298912915e-002,-2.035903122159183e-002, 6.634805896977291e-001,-3.016376713820282e-001,-7.132325181629905e-002
 5.760000000000000e+000, 5.612605402706588e-001, 6.495949429266013e-002,-1.988283729814465e-002, 6.764872626506533e-001,-3.069997561569606e-001,-7.592579141149970e-002
 5.770000000000001e+000, 5.709337178748049e-001, 6.440278051163095e-002,-1.957747825112973e-002, 6.898625617397494e-001,-3.126997881799002e-001,-8.034396294499410e-002
 5.780000000000000e+000, 5.805658661417005e-001, 6.383117500955415e-002,-1.945182450363736e-002, 7.034449952410075e-001,-3.186771188408478e-001,-8.454646490146456e-002
 5.790000000000000e+000, 5.900505392734692e-001, 6.326430868035149e-002,-1.950749976388135e-002, 7.171164717526970e-001,-3.248640826477149e-001,-8.854655590521800e-002
 5.800000000000000e+000, 5.993342973062187e-001, 6.273432016157221e-002,-1.973486123316886e-002, 7.307999400594143e-001,-3.311885924503905e-001,-9.239815105552916e-002
 5.810000000000001e+000, 6.084062667184271e-001, 6.228209448462763e-002,-2.010651031892592e-002, 7.444463980845552e-001,-3.375774691209555e-001,-9.618598943483760e-002
 5.820000000000000e+000, 6.172810770020492e-001, 6.195026245829549e-002,-2.057205805707854e-002, 7.580171910443684e-001,-3.439607607757577e-001,-1.000106344287388e-001
 5.830000000000000e+000, 6.259812259448487e-001, 6.177547078913315e-002,-2.105932206007007e-002, 7.714702552039994e-001,-3.502778014499391e-001,-1.039695530370086e-001
 5.840000000000000e+000, 6.345240917122038e-001, 6.178258493383759e-002,-2.148450796015608e-002, 7.847557264080398e-001,-3.564832432572155e-001,-1.081377559486233e-001
 5.850000000000000e+000, 6.429172219938310e-001, 6.198180088787608e-002,-2.176912051793500e-002, 7.978201798716383e-001,-3.625498136951418e-001,-1.125547940844693e-001
 5.860000000000000e+000, 6.511611887174409e-001, 6.236805591447014e-002,-2.185679181865008e-002, 8.106144569164352e-001,-3.684666686262757e-001,-1.172209369179654e-001
 5.870000000000000e+000, 6.592564735015025e-001, 6.292193116524913e-002,-2.172354561835617e-002, 8.231004563472034e-001,-3.742346264387540e-001,-1.221002750416142e-001
 5.880000000000000e+000, 6.672117121725255e-001, 6.361273863755579e-002,-2.137957678951325e-002, 8.352556057072637e-001,-3.798605883029523e-001,-1.271295745830146e-001
 5.890000000000000e+000, 6.750504823420336e-001, 6.440484810683755e-002,-2.086343172166922e-002, 8.470752025990865e-001,-3.853530940724739e-001,-1.322320434025862e-001
 5.900000000000000e+000, 6.828144505491436e-001, 6.526539778623541e-002,-2.023102454174398e-002, 8.585723271393896e-001,-3.907194169705400e-001,-1.373323092806844e-001
 5.910000000000000e+000, 6.905624568697231e-001, 6.616952124928521e-002,-1.954345522899520e-002, 8.697749878081748e-001,-3.959637266172122e-001,-1.423683837241624e-001
 5.920000000000000e+000, 6.983649023743849e-001, 6.710179224755430e-002,-1.885664511673901e-002, 8.807206955935273e-001,-4.010862687255143e-001,-1.472990053029801e-001
 5.930000000000000e+000, 7.062932488109134e-001, 6.805491555149290e-002,-1.821359042081442e-002, 8.914492807723478e-001,-4.060837157031610e-001,-1.521060589167302e-001
 5.940000000000000e+000, 7.144073045622084e-001, 6.902672750303562e-002,-1.763937481043885e-002, 9.019959594475818e-001,-4.109504927786982e-001,-1.567923990173019e-001
 5.950000000000000e+000, 7.227450774644320e-001, 7.001746868459091e-002,-1.713993334037740e-002, 9.123873733999757e-001,-4.156803717873480e-001,-1.613773528614866e-001
 5.960000000000000e+000, 7.313189126325463e-001, 7.102879681562446e-002,-1.670573709397905e-002, 9.226417721973331e-001,-4.202674906675176e-001,-1.658921354532644e-001
 5.970000000000000e+000, 7.401157314489528e-001, 7.206509751459711e-002,-1.632183638132619e-002, 9.327719926506607e-001,-4.247071779205119e-001,-1.703705805612055e-001
 5.980000000000000e+000, 7.501003053403342e-001, 7.347987011129376e-002,-1.647079191630828e-002, 9.437031542977939e-001,-4.293667059579963e-001,-1.751506318036059e-001
 5.990000000000000e+000, 7.600728768861504e-001, 7.488313373501221e-002,-1.659378760961025e-002, 9.543437736930767e-001,-4.337939221267914e-001,-1.798894520103623e-001
 6.000000000000000e+000, 7.694205234696644e-001, 7.603553015123432e-002,-1.634660086517906e-002, 9.641898844149361e-001,-4.377984330567458e-001,-1.844227754679663e-001
 6.010000000000000e+000, 7.788736470551835e-001, 7.722959061230195e-002,-1.615635385395172e-002, 9.739384382693279e-001,-4.416732186267305e-001,-1.889921511220724e-001
 6.020000000000000e+000, 7.884271127380809e-001, 7.845840944905813e-002,-1.603932330472297e-002, 9.835901194882918e-001,-4.454285904637092e-001,-1.935741595872408e-001
 6.030000000000000e+000, 7.980771920778526e-001, 7.971338863734956e-002,-1.601477498387135e-002, 9.931427213946189e-001,-4.490730993253846e-001,-1.981399150404260e-001
 6.040000000000000e+000, 8.078220539827720e-001, 8.098181273275307e-002,-1.609912079324682e-002, 1.002590941735918e+000,-4.526112025332345e-001,-2.026522356805198e-001
 6.050000000000000e+000, 8.176565813026840e-001, 8.224544463353967e-002,-1.630298438245150e-002, 1.011926627648481e+000,-4.560437906053277e-001,-2.070679883390195e-001
 6.060000000000000e+000, 8.275692321561253e-001, 8.347928628437118e-002,-1.662976766066222e-002, 1.021139184709996e+000,-4.593697649430967e-001,-2.113394912149576e-001
 6.070000000000000e+000, 8.375413614640361e-001, 8.465155498569810e-002,-1.707700485997381e-002, 1.030215386485111e+000,-4.625867589953588e-001,-2.154166663142799e-001
 6.080000000000000e+000, 8.475487364287776e-001, 8.572708406121743e-002,-1.764037229478499e-002, 1.039139547145126e+000,-4.656908954009871e-001,-2.192523495011645e-001
 6.090000000000000e+000, 8.575637036517086e-001, 8.667350255443118e-002,-1.831822860874244e-002, 1.047895006751892e+000,-4.686772125354317e-001,-2.228087803596904e-001
 6.100000000000000e+000, 8.675565128844858e-001, 8.746567092133883e-002,-1.911306557800790e-002, 1.056465681624601e+000,-4.715412557155211e-001,-2.260609138732036e-001
 6.110000000000000e+000, 8.774967730363973e-001, 8.808691286003878e-002,-2.002883165356431e-002, 1.064837053072891e+000,-4.742808403480370e-001,-2.289965870098289e-001
 6.120000000000000e+000, 8.873549280329711e-001, 8.852882900002479e-002,-2.106572574361388e-002, 1.072997616887507e+000,-4.768976605290008e-001,-2.316144704901167e-001
 6.130000000000000e+000, 8.971023887316880e-001, 8.879115999373077e-002,-2.221463411329451e-002, 1.080941345691789e+000,-4.793992471164822e-001,-2.339200739712891e-001
 6.140000000000000e+000, 9.067127361759211e-001, 8.888266271979406e-002,-2.345520697312647e-002, 1.088670220781690e+000,-4.818001346677699e-001,-2.359240500785112e-001
 6.150000000000000e+000, 9.161663863923253e-001, 8.882190674001156e-002,-2.475934794440375e-002, 1.096194578451355e+000,-4.841194742876510e-001,-2.376460513775520e-001
 6.160000000000000e+000, 9.254559084173499e-001, 8.863652666688959e-002,-2.609622611223072e-002, 1.103530894257387e+000,-4.863755338954133e-001,-2.391196924848329e-001
 6.170000000000000e+000, 9.345882318024126e-001, 8.836144453385986e-002,-2.743533590372339e-002, 1.110699476645164e+000,-4.885816411110751e-001,-2.403923041411075e-001
 6.180000000000000e+000, 9.435825853793589e-001, 8.803551610954763e-002,-2.874752022331275e-002, 1.117722838883348e+000,-4.907461449800175e-001,-2.415190087172956e-001
 6.190000000000000e+000, 9.524656919712642e-001, 8.769584400260277e-002,-3.000509242624105e-002, 1.124623804114344e+000,-4.928745171047490e-001,-2.425546255944105e-001
 6.200000000000000e+000, 9.612672514792736e-001, 8.737160961410684e-002,-3.118302122981650e-002, 1.131423928173785e+000,-4.949712131044992e-001,-2.435464899961448e-001
 6.210000000000000e+000, 9.700168272698554e-001, 8.707936068747602e-002,-3.226165291866631e-002, 1.138142863688296e+000,-4.970408258374522e-001,-2.445294391796266e-001
 6.220000000000000e+000, 9.787411318879905e-001, 8.682086145028189e-002,-3.322872234388107e-002, 1.144798221014213e+000,-4.990885826725071e-001,-2.455229131411709e-001
 6.230000000000000e+000, 9.874614072825285e-001, 8.658455673532650e-002,-3.407855921292267e-002, 1.151405661467093e+000,-5.011197565259052e-001,-2.465306034941517e-001
 6.240000000000000e+000, 9.961922141352627e-001, 8.635001882136861e-002,-3.480900294151176e-002, 1.157978921707604e+000,-5.031379765865042e-001,-2.475432504908607e-001
 6.250000000000000e+000, 1.004941810896999e+000, 8.609332567997807e-002,-3.541871220855156e-002, 1.164529454596065e+000,-5.051436125615879e-001,-2.485434917781979e-001
 6.260000000000000e+000, 1.013711844549839e+000, 8.579181080289011e-002,-3.590630492164194e-002, 1.171065973110747e+000,-5.071333444426963e-001,-2.495111223649522e-001
 6.270000000000000e+000, 1.022495819433828e+000, 8.542739190662707e-002,-3.627042339411142e-002, 1.177594224900326e+000,-5.091008273865881e-001,-2.504277780575679e-001
 6.280000000000000e+000, 1.031277523510079e+000, 8.498791708256825e-002,-3.650999854028246e-002, 1.184116761477501e+000,-5.110382638265785e-001,-2.512794260971026e-001
 6.290000000000000e+000, 1.040029305349125e+000, 8.446651025834306e-002,-3.662509676396579e-002, 1.190632394390091e+000,-5.129385451127027e-001,-2.520565053180581e-001
 6.300000000000000e+000, 1.048711242346565e+000, 8.386062335673916e-002,-3.661881985702433e-002, 1.197135870471408e+000,-5.147970389077670e-001,-2.527547027438907e-001
 6.310000000000000e+000, 1.057273768061923e+000, 8.317277768076981e-002,-3.649956184539406e-002, 1.203618724551285e+000,-5.166126590058884e-001,-2.533775460784892e-001
 6.320000000000000e+000, 1.065665083170025e+000, 8.241186090646080e-002,-3.628240459196609e-002, 1.210071477145171e+000,-5.183879799279135e-001,-2.539378680408070e-001
 6.330000000000000e+000, 1.073841717059807e+000, 8.159212653646519e-002,-3.598882210218896e-002, 1.216486451473983e+000,-5.201283958452122e-001,-2.544557898788444e-001
 6.340000000000000e+000, 1.081777529615682e+000, 8.073138476433606e-002,-3.564407369425058e-002, 1.222860432497520e+000,-5.218413864344508e-001,-2.549558220787546e-001
 6.350000000000000e+000, 1.089467789005829e+000, 7.985304472906885e-002,-3.527363246126447e-002, 1.229196775676191e+000,-5.235361234581951e-001,-2.554671649530010e-001
 6.359999999999999e+000, 1.096928041582916e+000, 7.898938965027069e-002,-3.490101149027201e-002, 1.235505598178075e+000,-5.252222971272827e-001,-2.560247641519505e-001
 6.370000000000000e+000, 1.104188240315940e+000, 7.817813567527820e-002,-3.454729603290863e-002, 1.241800134288212e+000,-5.269078880282447e-001,-2.566653984375708e-001
 6.380000000000000e+000, 1.111284742961554e+000, 7.745309960146796e-002,-3.423139413101253e-002, 1.248090639593726e+000,-5.285972719282228e-001,-2.574199510668105e-001
 6.390000000000000e+000, 1.118253280144284e+000, 7.683623225806358e-002,-3.396957415650753e-002, 1.254379624445170e+000,-5.302911184944686e-001,-2.583072696522563e-001
 6.400000000000000e+000, 1.125123297265369e+000, 7.633341204230759e-002,-3.377391265765597e-002, 1.260659847538947e+000,-5.319876386448589e-001,-2.593315701463516e-001
 6.410000000000000e+000, 1.131914392564623e+000, 7.593348047858095e-002,-3.365161969056114e-002, 1.266914563169410e+000,-5.336839040954102e-001,-2.604822118363075e-001
 6.420000000000000e+000, 1.138636884806512e+000, 7.561080343798277e-002,-3.360608494700109e-002, 1.273119555643801e+000,-5.353770492238532e-001,-2.617338764406809e-001
 6.430000000000000e+000, 1.145296478994016e+000, 7.533044520093513e-002,-3.363780315405800e-002, 1.279245847175764e+000,-5.370647882342060e-001,-2.630465734418137e-001
 6.440000000000000e+000, 1.151899823645627e+000, 7.505404939376748e-002,-3.374436831386384e-002, 1.285262101243749e+000,-5.387440773624285e-001,-2.643681265555657e-001
 6.450000000000000e+000, 1.158456216241986e+000, 7.474595497161896e-002,-3.392181231382374e-002, 1.291137191440481e+000,-5.404090998298391e-001,-2.656428336846706e-001
 6.460000000000000e+000, 1.164984263443686e+000, 7.437214309256746e-002,-3.416190556290134e-002, 1.296842573867953e+000,-5.420483995392614e-001,-2.668176949682070e-001
 6.470000000000000e+000, 1.171499487739300e+000, 7.391138408903597e-002,-3.445754174115913e-002, 1.302357247853909e+000,-5.436495115873117e-001,-2.678556872788781e-001
 6.480000000000000e+000, 1.178015584110533e+000, 7.335562785744898e-002,-3.479825374720095e-002, 1.307670434951448e+000,-5.452008471877555e-001,-2.687340274437421e-001
 6.490000000000000e+000, 1.184538382395594e+000, 7.271373757036570e-002,-3.517073796330488e-002, 1.312782897307399e+000,-5.466949552336592e-001,-2.694445013879758e-001
 6.500000000000000e+000, 1.191064349187101e+000, 7.200896488323405e-002,-3.555975995993104e-002, 1.317706170684641e+000,-5.481295613731575e-001,-2.699901165084465e-001
 6.510000000000000e+000, 1.197580696264809e+000, 7.127308159021917e-002,-3.594960329231359e-002, 1.322460878225968e+000,-5.495074632078404e-001,-2.703807720479693e-001
 6.520000000000000e+000, 1.204066917253877e+000, 7.054047604454983e-002,-3.632421264599706e-002, 1.327074908938695e+000,-5.508359995132942e-001,-2.706306786154011e-001
 6.529999999999999e+000, 1.210499274646243e+000, 6.984431858354423e-002,-3.666649517885644e-002, 1.331582622199607e+000,-5.521264992558410e-001,-2.707573030069526e-001
 6.540000000000000e+000, 1.216857945005862e+000, 6.921474048961351e-002,-3.695983529966650e-002, 1.336025051876697e+000,-5.533936875082370e-001,-2.707808697070383e-001
 6.550000000000000e+000, 1.223133278882534e+000, 6.867777668297559e-002,-3.719077626774490e-002, 1.340449525070841e+000,-5.546552967699118e-001,-2.707248079335223e-001
 6.560000000000000e+000, 1.229326511399065e+000, 6.825462692942641e-002,-3.734954016670367e-002, 1.344907952092612e+000,-5.559322166518049e-001,-2.706166222088400e-001
 6.570000000000000e+000, 1.235444788658592e+000, 6.796191733248524e-002,-3.743056141710999e-002, 1.349454381019020e+000,-5.572484792128347e-001,-2.704878721156978e-001
 6.580000000000000e+000, 1.241495783846525e+000, 6.781225185614059e-002,-3.743548007923880e-002, 1.354141901248856e+000,-5.586298361204779e-001,-2.703728461369876e-001
 6.590000000000000e+000, 1.247485113571744e+000, 6.781314003236671e-002,-3.737559034134812e-002, 1.359018884712446e+000,-5.601009440818341e-001,-2.703058367825927e-001
 6.600000000000000e+000, 1.253414098047716e+000, 6.796512832571389e-002,-3.727080446428616e-002, 1.364125461634077e+000,-5.616827494819651e-001,-2.703169628168629e-001
 6.609999999999999e+000, 1.259276394108549e+000, 6.826152388101359e-002,-3.714601294631711e-002, 1.369490443484567e+000,-5.633912116769347e-001,-2.704279602787212e-001
 6.620000000000000e+000, 1.265056919428532e+000, 6.868939190662604e-002,-3.702719943419246e-002, 1.375128176830298e+000,-5.652368898791452e-001,-2.706496170706477e-001
 6.630000000000000e+000, 1.270734486200416e+000, 6.922978718875927e-002,-3.693818704668007e-002, 1.381035728498310e+000,-5.672242116027993e-001,-2.709806552322989e-001
 6.640000000000000e+000, 1.276285779458687e+000, 6.985692834984003e-002,-3.689802175693042e-002, 1.387191236434262e+000,-5.693497947839583e-001,-2.714081768108628e-001
 6.650000000000000e+000, 1.281690076056925e+000, 7.053807574789284e-002,-3.691949047726273e-002, 1.393553995231090e+000,-5.716005441330212e-001,-2.719103424973401e-001
 6.660000000000000e+000, 1.286934121130136e+000, 7.123543860278159e-002,-3.700899485533417e-002, 1.400066639471703e+000,-5.739528024859147e-001,-2.724591970656601e-001
 6.670000000000000e+000, 1.292015022282641e+000, 7.190934096674972e-002,-3.716749164354526e-002, 1.406659013015019e+000,-5.763730424579852e-001,-2.730208542869170e-001
 6.680000000000000e+000, 1.296940644888842e+000, 7.252142102839199e-002,-3.739197190716137e-002, 1.413252868833018e+000,-5.788199935605133e-001,-2.735546012622611e-001
 6.690000000000000e+000, 1.301728595727115e+000, 7.303841440724046e-002,-3.767794900100981e-002, 1.419767174056144e+000,-5.812481294034975e-001,-2.740144755608392e-001
 6.699999999999999e+000, 1.306404731776299e+000, 7.343665279889189e-002,-3.802291744763389e-002, 1.426123884441585e+000,-5.836124204028708e-001,-2.743527359424954e-001
 6.710000000000000e+000, 1.311000554013655e+000, 7.370478279051707e-002,-3.842786645477228e-002, 1.432253402463533e+000,-5.858735981264026e-001,-2.745223857539291e-001
 6.720000000000000e+000, 1.315548691507796e+000, 7.384271875401649e-002,-3.889497575386477e-002, 1.438099008652787e+000,-5.880020559526966e-001,-2.744788724545453e-001
 6.730000000000000e+000, 1.320078669295674e+000, 7.385833782931806e-002,-3.942382332474496e-002, 1.443620151664183e+000,-5.899787324394110e-001,-2.741833037030304e-001
 6.740000000000000e+000, 1.324615520585000e+000, 7.376514023320602e-002,-4.000976179939274e-002, 1.448794586316748e+000,-5.917933800406146e-001,-2.736082510521843e-001
 6.750000000000000e+000, 1.329180291699607e+000, 7.358175998214533e-002,-4.064531775984888e-002, 1.453619218194580e+000,-5.934424306895837e-001,-2.727437160009869e-001
 6.760000000000000e+000, 1.333790583616296e+000, 7.333145095642357e-002,-4.132233244010276e-002, 1.458109609473651e+000,-5.949280665456138e-001,-2.715998729479712e-001
 6.770000000000000e+000, 1.338460723118083e+000, 7.304054711001706e-002,-4.203306832216625e-002, 1.462297960974124e+000,-5.962579768502077e-001,-2.702069801859121e-001
 6.779999999999999e+000, 1.343201159492010e+000, 7.273707698482212e-002,-4.277107808536427e-002, 1.466229609051754e+000,-5.974449349121153e-001,-2.686146798496016e-001
 6.790000000000000e+000, 1.348016932653373e+000, 7.245054489738489e-002,-4.353272565915206e-002, 1.469958885710366e+000,-5.985064515742753e-001,-2.668902965920925e-001
 6.800000000000000e+000, 1.352905951491191e+000, 7.221227081981718e-002,-4.431777987407016e-002, 1.473544889940498e+000,-5.994645602154153e-001,-2.651144805214589e-001
 6.810000000000000e+000, 1.357857982177127e+000, 7.205539566943564e-002,-4.512793279918548e-002, 1.477046899303069e+000,-6.003451017979576e-001,-2.633744747454720e-001
 6.820000000000000e+000, 1.362855164268209e+000, 7.201454875086388e-002,-4.596590843380130e-002, 1.480519804154628e+000,-6.011763315892311e-001,-2.617567583574704e-001
 6.830000000000000e+000, 1.367873627670697e+000, 7.212480377182584e-002,-4.683721549535869e-002, 1.484010634271044e+000,-6.019869738665030e-001,-2.603402300181305e-001
 6.840000000000000e+000, 1.372884238937846e+000, 7.241783441869010e-002,-4.775097665043438e-002, 1.487556204013513e+000,-6.028037376193880e-001,-2.591897160097010e-001
 6.850000000000000e+000, 1.377852903824494e+000, 7.291359494581062e-002,-4.871548785382660e-002, 1.491181078755784e+000,-6.036487831391063e-001,-2.583492750354497e-001
 6.859999999999999e+000, 1.382745908717344e+000, 7.361103495391186e-002,-4.973374914332616e-002, 1.494896960390085e+000,-6.045376899722409e-001,-2.578364056402201e-001
 6.870000000000000e+000, 1.387530438431808e+000, 7.447352168395716e-002,-5.077907121225526e-002, 1.498698805072487e+000,-6.054775745022093e-001,-2.576363423475901e-001
 6.880000000000000e+000, 1.392188463406626e+000, 7.543843345763701e-002,-5.181641848776618e-002, 1.502571829321124e+000,-6.064673618392636e-001,-2.577049333819001e-001
 6.890000000000000e+000, 1.396707839216963e+000, 7.642757272827616e-002,-5.280054994312223e-002, 1.506490842312326e+000,-6.074994456573539e-001,-2.579796767069981e-001
 6.900000000000000e+000, 1.401075960751046e+000, 7.737040280234608e-002,-5.369653870975251e-002, 1.510422996618895e+000,-6.085628001202486e-001,-2.583970984526958e-001
 6.910000000000000e+000, 1.405277298107847e+000, 7.821736080426978e-002,-5.448901597857488e-002, 1.514329700819353e+000,-6.096449351164217e-001,-2.589045881434676e-001
 6.920000000000000e+000, 1.409298464824799e+000, 7.894036598090137e-002,-5.517985750944693e-002, 1.518168883499464e+000,-6.107318757679831e-001,-2.594623937669827e-001
 6.930000000000000e+000, 1.413137458747392e+000, 7.952901837507831e-002,-5.578606459015929e-002, 1.521898150030951e+000,-6.118071336005140e-001,-2.600421053075429e-001
 6.940000000000000e+000, 1.416798489799832e+000, 7.997615371554367e-002,-5.630861348417402e-002, 1.525471867027843e+000,-6.128517760757175e-001,-2.606178696375575e-001
 6.950000000000000e+000, 1.420305493951527e+000, 8.028519757467145e-002,-5.675770482473302e-002, 1.528850756807216e+000,-6.138457521129807e-001,-2.611726897674009e-001
 6.960000000000000e+000, 1.423690303020508e+000, 8.046183683542485e-002,-5.713090192861493e-002, 1.532000901799319e+000,-6.147699477628934e-001,-2.616931069928738e-001
 6.970000000000000e+000, 1.426990818084272e+000, 8.051548345421966e-002,-5.742243809483249e-002, 1.534897240131566e+000,-6.156077565814699e-001,-2.621712536755204e-001
 6.980000000000000e+000, 1.430248739642130e+000, 8.045869345574652e-002,-5.763047362312433e-002, 1.537525445499312e+000,-6.163462534842163e-001,-2.626047898156361e-001
 6.990000000000000e+000, 1.433506584372297e+000, 8.030718243858681e-002,-5.776184663607750e-002, 1.539883375894986e+000,-6.169770811252001e-001,-2.629955309281818e-001
 7.000000000000000e+000, 1.436800157829480e+000, 8.007937073150684e-002,-5.783052590826245e-002, 1.541980627405875e+000,-6.174969186245963e-001,-2.633473045987562e-001
 7.010000000000000e+000, 1.440146328049262e+000, 7.979282777844055e-002,-5.784614517474365e-002, 1.543835480090870e+000,-6.179076215214510e-001,-2.636626175096559e-001
 7.020000000000000e+000, 1.443546307766974e+000, 7.946992783707652e-002,-5.782988636918556e-002, 1.545477086837930e+000,-6.182161091821828e-001,-2.639472509265929e-001
 7.029999999999999e+000, 1.446975432058964e+000, 7.912894340855825e-002,-5.778582922862942e-002, 1.546939328360021e+000,-6.184353273452872e-001,-2.642034651848888e-001
 7.040000000000000e+000, 1.450398424424948e+000, 7.879208474312383e-002,-5.772580653847625e-002, 1.548263489178857e+000,-6.185843439693349e-001,-2.644350755239110e-001
 7.050000000000000e+000, 1.453774991369485e+000, 7.848542115948876e-002,-5.766958766665702e-002, 1.549495780708550e+000,-6.186880887691603e-001,-2.646459389974192e-001
 7.060000000000000e+000, 1.457064923976288e+000, 7.823879208178308e-002,-5.764573949724459e-002, 1.550684828088126e+000,-6.187762297741608e-001,-2.648391117116112e-001
 7.070000000000000e+000, 1.460230462095729e+000, 7.808255611657633e-002,-5.768793734046843e-002, 1.551878149838093e+000,-6.188809678823429e-001,-2.650149515949336e-001
 7.080000000000000e+000, 1.463237151165509e+000, 7.804177633429643e-002,-5.782820992616318e-002, 1.553118193393280e+000,-6.190336450706550e-001,-2.651684628864952e-001
 7.090000000000000e+000, 1.466054337867008e+000, 7.813105759210459e-002,-5.809137696901513e-002, 1.554439143706410e+000,-6.192611602074573e-001,-2.652879374075591e-001
 7.100000000000000e+000, 1.468655787037813e+000, 7.835229317333003e-002,-5.849195634578267e-002, 1.555865072052727e+000,-6.195837972069019e-001,-2.653557892185946e-001
 7.109999999999999e+000, 1.471022875524014e+000, 7.869759414512845e-002,-5.903902861364092e-002, 1.557410454818369e+000,-6.200150240304775e-001,-2.653522390251101e-001
 7.119999999999999e+000, 1.473135493096750e+000, 7.914587861212774e-002,-5.971532436906380e-002, 1.559077163389907e+000,-6.205629384250703e-001,-2.652530875912100e-001
 7.130000000000000e+000, 1.474984261030429e+000, 7.967424426167713e-002,-6.050988474600597e-002, 1.560861317200385e+000,-6.212303573537240e-001,-2.650387127798438e-001
 7.140000000000000e+000, 1.476562879195061e+000, 8.025237345861624e-002,-6.139688665153603e-002, 1.562750793069668e+000,-6.220151464592056e-001,-2.646891786264275e-001
 7.150000000000000e+000, 1.477872287914946e+000, 8.084584125410754e-002,-6.234053537636912e-002, 1.564725973488096e+000,-6.229095995975231e-001,-2.641862340894878e-001
 7.160000000000000e+000, 1.478923803505027e+000, 8.142145563586078e-002,-6.330155096207683e-002, 1.566759675666537e+000,-6.238996630454129e-001,-2.635180590149677e-001
 7.170000000000000e+000, 1.479740332758701e+000, 8.195254778845329e-002,-6.424412409800691e-002, 1.568817706846642e+000,-6.249643163349516e-001,-2.626842763419324e-001
 7.180000000000000e+000, 1.480354586532861e+000, 8.242163643918454e-002,-6.513940097407020e-002, 1.570860348109762e+000,-6.260759189894191e-001,-2.616977126292287e-001
 7.190000000000000e+000, 1.480805185887620e+000, 8.282022942442580e-002,-6.596634189374279e-002, 1.572844447019656e+000,-6.272024875063078e-001,-2.605826228827546e-001
 7.199999999999999e+000, 1.481130654104977e+000, 8.314537849742520e-002,-6.670695095597438e-002, 1.574725048422697e+000,-6.283115482380821e-001,-2.593700709942287e-001
 7.210000000000000e+000, 1.481374353553019e+000, 8.340329717434214e-002,-6.736615318627277e-002, 1.576461239828643e+000,-6.293728582560788e-001,-2.580982754047003e-001
 7.220000000000000e+000, 1.481569152973687e+000, 8.359977130292928e-002,-6.794218191306932e-002, 1.578014294168498e+000,-6.303603957381353e-001,-2.568047448634465e-001
 7.230000000000000e+000, 1.481741771733865e+000, 8.374396163903541e-002,-6.844492052372378e-002, 1.579353160268790e+000,-6.312527314482250e-001,-2.555276741553146e-001
 7.239999999999999e+000, 1.481910426714609e+000, 8.384522999117450e-002,-6.888969835919299e-002, 1.580455126626594e+000,-6.320335569221101e-001,-2.543014540923362e-001
 7.250000000000000e+000, 1.482085620473359e+000, 8.391135804606398e-002,-6.929010925053575e-002, 1.581305681683518e+000,-6.326914582349389e-001,-2.531522982283707e-001
 7.260000000000000e+000, 1.482271040289840e+000, 8.394909898276914e-002,-6.965276496536071e-002, 1.581898781183639e+000,-6.332195449636511e-001,-2.520973867339356e-001
 7.270000000000000e+000, 1.482463978288723e+000, 8.396628674481099e-002,-6.997766968562785e-002, 1.582237657751410e+000,-6.336156827800191e-001,-2.511475607131282e-001
 7.279999999999999e+000, 1.482655777035166e+000, 8.397363032812666e-002,-7.026221520926756e-002, 1.582334777980555e+000,-6.338830071415120e-001,-2.503112542996493e-001
 7.290000000000000e+000, 1.482832526104132e+000, 8.398519626390355e-002,-7.050445851503290e-002, 1.582210380951165e+000,-6.340303191217397e-001,-2.495980282457317e-001
 7.300000000000000e+000, 1.482976412338351e+000, 8.401726250139308e-002,-7.070325335270550e-002, 1.581890084271209e+000,-6.340718023339468e-001,-2.490199867473661e-001
 7.310000000000000e+000, 1.483068054663238e+000, 8.408572275308202e-002,-7.085662333730174e-002, 1.581402126020681e+000,-6.340251578948981e-001,-2.485901589522250e-001
 7.319999999999999e+000, 1.483088962762354e+000, 8.420319711551905e-002,-7.096123441566969e-002, 1.580774703628947e+000,-6.339085400464071e-001,-2.483194241869930e-001
 7.330000000000000e+000, 1.483022597065286e+000, 8.437718903488722e-002,-7.101338651361337e-002, 1.580033690818507e+000,-6.337379005894864e-001,-2.482138769240045e-001
 7.340000000000000e+000, 1.482854056862829e+000, 8.460968267531444e-002,-7.100996224538064e-002, 1.579200858085016e+000,-6.335257576895149e-001,-2.482728054601166e-001
 7.350000000000000e+000, 1.482569769578536e+000, 8.489796636782998e-002,-7.094945967502567e-002, 1.578292790427093e+000,-6.332814329468303e-001,-2.484875698839070e-001
 7.359999999999999e+000, 1.482157816917433e+000, 8.523585029955139e-002,-7.083341053914430e-002, 1.577320375318989e+000,-6.330119605940902e-001,-2.488422188139204e-001
 7.369999999999999e+000, 1.481608707498640e+000, 8.561425243713017e-002,-7.066621743872499e-002, 1.576288534289073e+000,-6.327224294638364e-001,-2.493155258756760e-001
 7.380000000000000e+000, 1.480914130951581e+000, 8.602061869135080e-002,-7.044911963181133e-002, 1.575195845254724e+000,-6.324159401399608e-001,-2.498820296669914e-001
 7.390000000000000e+000, 1.480073680467396e+000, 8.644699071603612e-002,-7.020005260490825e-002, 1.574038651091451e+000,-6.320934554836550e-001,-2.505217034946024e-001
 7.400000000000000e+000, 1.479082973490100e+000, 8.688517723037204e-002,-6.992768058378318e-002, 1.572808828449552e+000,-6.317554394650375e-001,-2.512141249880141e-001
 7.410000000000000e+000, 1.477937656498359e+000, 8.733145252386843e-002,-6.964418381723998e-002, 1.571497361561577e+000,-6.314016904724183e-001,-2.519447951134015e-001
 7.420000000000000e+000, 1.476632031186626e+000, 8.778353336066469e-002,-6.935862992326618e-002, 1.570095024232308e+000,-6.310314167048791e-001,-2.527022199035217e-001
 7.430000000000000e+000, 1.475160023001095e+000, 8.823707597052954e-002,-6.907293112745749e-002, 1.568593132036672e+000,-6.306434290478241e-001,-2.534744519461705e-001
 7.440000000000000e+000, 1.473516740012068e+000, 8.868153293743042e-002,-6.877540768446001e-002, 1.566983792062150e+000,-6.302364243259870e-001,-2.542426169742724e-001
 7.449999999999999e+000, 1.471704279401832e+000, 8.910496804163826e-002,-6.845767512379038e-002, 1.565262483132484e+000,-6.298070712526481e-001,-2.550001706886481e-001
 7.460000000000000e+000, 1.469728531094910e+000, 8.949022260113804e-002,-6.809516493952604e-002, 1.563426258298831e+000,-6.293525151165038e-001,-2.557321877965763e-001
 7.470000000000000e+000, 1.467599482337128e+000, 8.982319393300364e-002,-6.766209422533315e-002, 1.561474733627527e+000,-6.288696817343108e-001,-2.564344694037137e-001
 7.480000000000000e+000, 1.465327923386960e+000, 9.009461932009977e-002,-6.713086402228446e-002, 1.559409319785477e+000,-6.283564246793678e-001,-2.571081794656895e-001
 7.490000000000000e+000, 1.462917295015976e+000, 9.029696532094156e-002,-6.646460868637931e-002, 1.557231296880793e+000,-6.278119550824287e-001,-2.577574808258387e-001
 7.500000000000000e+000, 1.460371503871808e+000, 9.042725572022015e-002,-6.563678359218550e-002, 1.554944596644458e+000,-6.272380398424795e-001,-2.583764334494735e-001
 7.510000000000000e+000, 1.457687786503917e+000, 9.048631950379260e-002,-6.462984059812059e-002, 1.552553183405945e+000,-6.266365366110349e-001,-2.589671438195508e-001
 7.520000000000000e+000, 1.454863588380005e+000, 9.048156371575478e-002,-6.344582771644049e-002, 1.550061904724560e+000,-6.260096964177535e-001,-2.595314432678327e-001
 7.529999999999999e+000, 1.451888354219690e+000, 9.042043100839914e-002,-6.208848296553204e-002, 1.547472697116037e+000,-6.253598858866157e-001,-2.600669561051826e-001
 7.540000000000000e+000, 1.448758034779144e+000, 9.031987857868495e-002,-6.060196892120743e-002, 1.544789776708767e+000,-6.246887180030777e-001,-2.605749201903591e-001
 7.550000000000000e+000, 1.445462535216247e+000, 9.019491237285515e-002,-5.903978721520281e-002, 1.542014136334748e+000,-6.239973098774799e-001,-2.610544329683975e-001
 7.560000000000000e+000, 1.441995217551715e+000, 9.006404000102597e-002,-5.748140258907013e-002, 1.539146260237391e+000,-6.232852291541552e-001,-2.615099155468306e-001
 7.569999999999999e+000, 1.438352964952966e+000, 8.994324278321519e-002,-5.600838544427736e-002, 1.536184614976490e+000,-6.225497446024603e-001,-2.619461509679197e-001
 7.580000000000000e+000, 1.434540044530587e+000, 8.983988367066398e-002,-5.468079127325438e-002, 1.533125542890960e+000,-6.217851447552113e-001,-2.623596086006020e-001
 7.590000000000000e+000, 1.430561586178698e+000, 8.974468207320374e-002,-5.350588983117559e-002, 1.529960769775619e+000,-6.209834111337041e-001,-2.627294852788373e-001
 7.600000000000000e+000, 1.426435181995053e+000, 8.964786098137267e-002,-5.247951171025704e-002, 1.526685264526964e+000,-6.201357900092422e-001,-2.630308387539423e-001
 7.609999999999999e+000, 1.422179164365901e+000, 8.953872716587519e-002,-5.158088954130469e-002, 1.523296044827598e+000,-6.192355310966446e-001,-2.632381564431321e-001
 7.619999999999999e+000, 1.417810413734978e+000, 8.940924592615085e-002,-5.078622051022719e-002, 1.519793699309183e+000,-6.182788048736282e-001,-2.633311390731956e-001
 7.629999999999999e+000, 1.413341604864447e+000, 8.925456980065283e-002,-5.007352702805690e-002, 1.516181680021868e+000,-6.172643440596389e-001,-2.632957355943344e-001
 7.640000000000000e+000, 1.408779558876302e+000, 8.907325384745768e-002,-4.942450359317659e-002, 1.512464320239402e+000,-6.161929687724042e-001,-2.631232321793859e-001
 7.650000000000000e+000, 1.404124559830410e+000, 8.886692966290100e-002,-4.882492820397315e-002, 1.508644873462998e+000,-6.150675805804754e-001,-2.628092309887926e-001
 7.660000000000000e+000, 1.399368236921228e+000, 8.863692451612093e-002,-4.825841802171600e-002, 1.504723122668373e+000,-6.138929645662169e-001,-2.623519158689331e-001
 7.670000000000000e+000, 1.394504669530510e+000, 8.839013536894935e-002,-4.772781177608363e-002, 1.500699020600488e+000,-6.126744023059472e-001,-2.617574284125185e-001
 7.680000000000000e+000, 1.389520352250706e+000, 8.812686775409362e-002,-4.722436970533350e-002, 1.496567087464676e+000,-6.114168281051461e-001,-2.610315429874720e-001
 7.690000000000000e+000, 1.384403807128454e+000, 8.784883574164226e-002,-4.674945992938867e-002, 1.492321592973743e+000,-6.101241968194957e-001,-2.601851055944615e-001
 7.699999999999999e+000, 1.379143380980120e+000, 8.755883423333777e-002,-4.630884991457311e-002, 1.487956619660595e+000,-6.087992386481090e-001,-2.592335729599700e-001
 7.709999999999999e+000, 1.373727885341943e+000, 8.726131939983062e-002,-4.590910570955031e-002, 1.483466334714779e+000,-6.074430162498468e-001,-2.581966376819571e-001
 7.720000000000000e+000, 1.368149316444844e+000, 8.696236829439275e-002,-4.555524193624498e-002, 1.478845536270940e+000,-6.060546971957451e-001,-2.570975749932681e-001
 7.730000000000000e+000, 1.362406280902973e+000, 8.666869875032845e-002,-4.525014744009234e-002, 1.474090872583417e+000,-6.046316329455538e-001,-2.559627312214171e-001
 7.740000000000000e+000, 1.356507534338630e+000, 8.638818005067384e-002,-4.499991468474920e-002, 1.469203599408655e+000,-6.031697849078543e-001,-2.548209193855636e-001
 7.750000000000000e+000, 1.350461698116923e+000, 8.612044376199712e-002,-4.479410768397170e-002, 1.464186075019042e+000,-6.016648952933184e-001,-2.536941886103874e-001
 7.760000000000000e+000, 1.344286312291907e+000, 8.586696188457554e-002,-4.463548731695952e-002, 1.459048213917775e+000,-6.001138808180816e-001,-2.526025474848366e-001
 7.770000000000000e+000, 1.337998853968948e+000, 8.562388208009542e-002,-4.452363136422973e-002, 1.453802385422324e+000,-5.985154179947355e-001,-2.515584038814084e-001
 7.779999999999999e+000, 1.331607045107900e+000, 8.537403223578077e-002,-4.443590601231989e-002, 1.448456804988856e+000,-5.968692205945877e-001,-2.505612704810302e-001
 7.789999999999999e+000, 1.325121601343457e+000, 8.509932067770820e-002,-4.435734121579933e-002, 1.443020706342914e+000,-5.951747529333491e-001,-2.496074063152031e-001
 7.800000000000000e+000, 1.318549976039446e+000, 8.477515914179601e-002,-4.426333486725208e-002, 1.437499076468600e+000,-5.934306272597172e-001,-2.486880266098074e-001
 7.810000000000000e+000, 1.311900747981147e+000, 8.437497639911684e-002,-4.412747515730907e-002, 1.431894221666655e+000,-5.916350420954623e-001,-2.477930889016075e-001
 7.820000000000000e+000, 1.305183453587439e+000, 8.387232817321300e-002,-4.392544431677995e-002, 1.426206454668278e+000,-5.897869221448627e-001,-2.469109447595923e-001
 7.830000000000000e+000, 1.298405359497387e+000, 8.324487983341955e-002,-4.363851869322766e-002, 1.420434510920898e+000,-5.878871051323663e-001,-2.460289836429341e-001
 7.840000000000000e+000, 1.291565565817288e+000, 8.247995148397891e-002,-4.325243200644849e-002, 1.414575091909589e+000,-5.859390820187873e-001,-2.451377586914135e-001
 7.850000000000000e+000, 1.284661471629008e+000, 8.159324565984938e-002,-4.278344048911172e-002, 1.408630177751248e+000,-5.839498811302349e-001,-2.442448557416396e-001
 7.859999999999999e+000, 1.277673152839110e+000, 8.062112294805490e-002,-4.224960052512206e-002, 1.402601396691534e+000,-5.819305475781958e-001,-2.433709790975202e-001
 7.869999999999999e+000, 1.270572993453581e+000, 7.962695812824117e-002,-4.168631247322939e-002, 1.396496267526602e+000,-5.798953932972107e-001,-2.425542069510926e-001
 7.880000000000000e+000, 1.263333077622067e+000, 7.868636203776225e-002,-4.113481038295037e-002, 1.390327925331083e+000,-5.778584474448381e-001,-2.418411333357895e-001
 7.890000000000000e+000, 1.255927904000928e+000, 7.785675475154297e-002,-4.060842211581831e-002, 1.384108293755558e+000,-5.758288489501295e-001,-2.412686251315380e-001
 7.900000000000000e+000, 1.248353488065731e+000, 7.717852598338060e-002,-4.011445504703614e-002, 1.377854331345351e+000,-5.738095642742437e-001,-2.408644760362839e-001
 7.910000000000000e+000, 1.240617663517401e+000, 7.666877530325822e-002,-3.964284605982953e-002, 1.371583472270441e+000,-5.717989660539343e-001,-2.406428946264594e-001
 7.920000000000000e+000, 1.232735126172829e+000, 7.633093201764352e-002,-3.918127835007793e-002, 1.365314727497644e+000,-5.697939158877129e-001,-2.406089918132718e-001
 7.930000000000000e+000, 1.224721853705026e+000, 7.616064075237494e-002,-3.872260634445289e-002, 1.359067342591139e+000,-5.677910844615548e-001,-2.407610678344851e-001
 7.940000000000000e+000, 1.216592466366623e+000, 7.614770859339082e-002,-3.826521306606199e-002, 1.352857933023229e+000,-5.657861747865782e-001,-2.410907860795848e-001
 7.949999999999999e+000, 1.208362558474284e+000, 7.627851805746100e-002,-3.781404104435868e-002, 1.346698701253891e+000,-5.637732552264613e-001,-2.415830440285014e-001
 7.959999999999999e+000, 1.200039130074546e+000, 7.652860160925035e-002,-3.735956191637420e-002, 1.340589392744078e+000,-5.617446633952441e-001,-2.422145912568297e-001
 7.969999999999999e+000, 1.191645953364838e+000, 7.688585441205520e-002,-3.692103348677100e-002, 1.334529254673201e+000,-5.596940615625113e-001,-2.429603990976931e-001
 7.980000000000000e+000, 1.183193658930019e+000, 7.732876019099289e-002,-3.649673399790904e-002, 1.328500859922263e+000,-5.576151709204937e-001,-2.437910461175321e-001
 7.989999999999999e+000, 1.174701298490761e+000, 7.784570903186783e-002,-3.610258913306728e-002, 1.322482398349047e+000,-5.555036808190104e-001,-2.446764248801686e-001
 8.000000000000000e+000, 1.166185126188157e+000, 7.842700532261504e-002,-3.575440133276064e-002, 1.316443679744738e+000,-5.533566673153386e-001,-2.455851098499846e-001
 8.010000000000000e+000, 1.157658178638881e+000, 7.906495291423887e-002,-3.546813675019406e-002, 1.310348676485343e+000,-5.511717226440032e-001,-2.464854162628468e-001
 8.020000000000000e+000, 1.149128258051520e+000, 7.975256938977160e-002,-3.525793000102362e-002, 1.304157406249796e+000,-5.489448445842108e-001,-2.473475861716768e-001
 8.029999999999999e+000, 1.140595675378604e+000, 8.048098937349435e-002,-3.513256896001139e-002, 1.297826725388960e+000,-5.466687673329342e-001,-2.481437215826333e-001
 8.039999999999999e+000, 1.132051468272980e+000, 8.123696657473656e-002,-3.509237118294295e-002, 1.291310665199560e+000,-5.443326124661779e-001,-2.488452251461240e-001
 8.049999999999999e+000, 1.123476074428665e+000, 8.200244702101189e-002,-3.512845531764434e-002, 1.284561974288108e+000,-5.419226015146197e-001,-2.494210944638979e-001
 8.059999999999999e+000, 1.114839622901773e+000, 8.275764825016241e-002,-3.522507093135363e-002, 1.277535702568942e+000,-5.394237484418871e-001,-2.498399472757759e-001
 8.070000000000000e+000, 1.106108192129480e+000, 8.348804012945599e-002,-3.536499801811206e-002, 1.270195105223272e+000,-5.368224157367010e-001,-2.500761780232790e-001
 8.080000000000000e+000, 1.097256566884908e+000, 8.419093948555001e-002,-3.553594965882962e-002, 1.262518547772021e+000,-5.341085459806766e-001,-2.501172176522663e-001
 8.090000000000000e+000, 1.088278525117966e+000, 8.487452856083677e-002,-3.573325093107937e-002, 1.254503489005923e+000,-5.312760352205581e-001,-2.499661333856511e-001
 8.100000000000000e+000, 1.079187107040945e+000, 8.554881714813867e-002,-3.595626615736274e-002, 1.246165346753042e+000,-5.283215369679922e-001,-2.496364466615327e-001
 8.109999999999999e+000, 1.070008154631932e+000, 8.621563655719333e-002,-3.620228563497664e-002, 1.237532977457811e+000,-5.252436047586159e-001,-2.491425461010116e-001
 8.119999999999999e+000, 1.060773155842641e+000, 8.686476385533837e-002,-3.646358927841196e-002, 1.228643689028574e+000,-5.220431089273223e-001,-2.484929139932677e-001
 8.129999999999999e+000, 1.051512567746923e+000, 8.747766518669620e-002,-3.672845782605871e-002, 1.219539381283053e+000,-5.187241194301439e-001,-2.476900760620556e-001
 8.140000000000001e+000, 1.042248475413317e+000, 8.803405719841817e-002,-3.698282610059897e-002, 1.210262896667435e+000,-5.152943381551152e-001,-2.467335741466528e-001
 8.149999999999999e+000, 1.032988562402266e+000, 8.851655369426603e-002,-3.721187220172671e-002, 1.200853763570411e+000,-5.117648583162507e-001,-2.456211274615221e-001
 8.160000000000000e+000, 1.023725675892589e+000, 8.891246775991957e-002,-3.740233998459291e-002, 1.191345062900675e+000,-5.081493063709780e-001,-2.443482402584292e-001
 8.170000000000000e+000, 1.014442603447720e+000, 8.921346305104350e-002,-3.754370480310004e-002, 1.181762742436671e+000,-5.044626275484816e-001,-2.429083049833822e-001
 8.180000000000000e+000, 1.005117356386970e+000, 8.941471519424082e-002,-3.762763473466617e-002, 1.172126320668394e+000,-5.007198881153596e-001,-2.412936994506072e-001
 8.190000000000000e+000, 9.957266018109152e-001, 8.951497166620359e-002,-3.764765526617617e-002, 1.162449599833629e+000,-4.969354061261744e-001,-2.394975712084810e-001
 8.199999999999999e+000, 9.862491269044242e-001, 8.951678564971788e-002,-3.759889194050008e-002, 1.152741157273174e+000,-4.931223258014130e-001,-2.375165334526465e-001
 8.209999999999999e+000, 9.766710484664780e-001, 8.942595757475291e-002,-3.747737317900181e-002, 1.143005044010164e+000,-4.892921771073401e-001,-2.353544396006244e-001
 8.219999999999999e+000, 9.669903990072296e-001, 8.925067500990336e-002,-3.728042381124733e-002, 1.133241602813431e+000,-4.854537185940962e-001,-2.330256931003667e-001
 8.230000000000000e+000, 9.572190799758631e-001, 8.900058189559501e-002,-3.700901957553132e-002, 1.123447813328967e+000,-4.816109043852327e-001,-2.305560584902968e-001
 8.239999999999998e+000, 9.473838081047843e-001, 8.868533095193154e-002,-3.667089466470826e-002, 1.113617313493797e+000,-4.777603896649616e-001,-2.279810598244275e-001
 8.250000000000000e+000, 9.375247981995871e-001, 8.831317287093476e-002,-3.628142189867485e-002, 1.103741044924680e+000,-4.738903976397897e-001,-2.253423743536060e-001
 8.260000000000000e+000, 9.276881289347596e-001, 8.789092476138349e-002,-3.586018968498808e-002, 1.093808932133372e+000,-4.699835675228387e-001,-2.226808612965991e-001
 8.270000000000000e+000, 9.179144523544728e-001, 8.742541437048268e-002,-3.542606124706470e-002, 1.083811207542196e+000,-4.660226071236351e-001,-2.200278134326403e-001
 8.279999999999999e+000, 9.082311569986893e-001, 8.692469237732992e-002,-3.499440390339915e-002, 1.073737593278044e+000,-4.619941294539254e-001,-2.174000051662247e-001
 8.289999999999999e+000, 8.986495418522994e-001, 8.639773872499568e-002,-3.457619188796197e-002, 1.063575123478008e+000,-4.578891105571808e-001,-2.148001741260983e-001
 8.299999999999999e+000, 8.891647900499649e-001, 8.585351673378638e-002,-3.417824258568924e-002, 1.053306988733646e+000,-4.537020717836097e-001,-2.122197344355519e-001
 8.309999999999999e+000, 8.797589521278882e-001, 8.530121925099832e-002,-3.380514471950950e-002, 1.042913468401850e+000,-4.494304368406373e-001,-2.096422593169711e-001
 8.320000000000000e+000, 8.704075334955754e-001, 8.475163173165012e-002,-3.346188946020424e-002, 1.032374562657201e+000,-4.450740207472167e-001,-2.070477312784765e-001
 8.330000000000000e+000, 8.610870682621495e-001, 8.421668735549082e-002,-3.315456417126322e-002, 1.021673130441722e+000,-4.406345618281680e-001,-2.044156088789664e-001
 8.340000000000000e+000, 8.517802555716815e-001, 8.370642564535813e-002,-3.288809331498884e-002, 1.010797218843083e+000,-4.361156481499348e-001,-2.017258146127353e-001
 8.350000000000000e+000, 8.424779045991312e-001, 8.322688538910938e-002,-3.266319831083360e-002, 9.997411961941796e-001,-4.315230272842900e-001,-1.989599283141871e-001
 8.359999999999999e+000, 8.331779996714006e-001, 8.278024569696640e-002,-3.247440267455887e-002, 9.885053173387599e-001,-4.268641639007233e-001,-1.961032552714258e-001
 8.369999999999999e+000, 8.225977728545565e-001, 8.157191298861344e-002,-3.124871882468997e-002, 9.758574139822684e-001,-4.216928230259598e-001,-1.925967928923200e-001
 8.379999999999999e+000, 8.116697643350059e-001, 8.028846659187372e-002,-2.990003052777987e-002, 9.626421642952030e-001,-4.163033729505578e-001,-1.888428058958663e-001
 8.390000000000001e+000, 8.023938950264086e-001, 7.992484710788728e-002,-2.975352116328482e-002, 9.509047200027387e-001,-4.114642411898889e-001,-1.856733819334584e-001
 8.399999999999999e+000, 7.931543431556003e-001, 7.960050742707447e-002,-2.959040947866443e-002, 9.390473066407561e-001,-4.065906937704388e-001,-1.824214018895615e-001
 8.410000000000000e+000, 7.839645875184634e-001, 7.930291128337941e-002,-2.939335115129655e-002, 9.270910696984067e-001,-4.016878005875374e-001,-1.790778441991004e-001
 8.420000000000000e+000, 7.748310461543451e-001, 7.902853640100571e-002,-2.916695408300382e-002, 9.150626746179400e-001,-3.967640012604205e-001,-1.756378014350737e-001
 8.430000000000000e+000, 7.657480915014736e-001, 7.877925078246229e-002,-2.893356784120494e-002, 9.029888072719651e-001,-3.918285984107007e-001,-1.721023606405455e-001
 8.440000000000000e+000, 7.567110981475035e-001, 7.853926210122308e-002,-2.870976664078287e-002, 8.908869644506444e-001,-3.868838664623966e-001,-1.684543366279836e-001
 8.449999999999999e+000, 7.477062070484676e-001, 7.829414793997302e-002,-2.851806124211255e-002, 8.787704982920352e-001,-3.819300676044501e-001,-1.646811856283800e-001
 8.459999999999999e+000, 7.387138939596640e-001, 7.803415263807279e-002,-2.838317032239895e-002, 8.666500403448925e-001,-3.769672127316551e-001,-1.607812982378400e-001
 8.469999999999999e+000, 7.297260969671365e-001, 7.774040170044105e-002,-2.831485654632715e-002, 8.545302390664412e-001,-3.719923581368795e-001,-1.567415097676191e-001
 8.480000000000000e+000, 7.207304510850393e-001, 7.741412211215959e-002,-2.832804330834368e-002, 8.424193436864720e-001,-3.670090154710709e-001,-1.525780652871355e-001
 8.489999999999998e+000, 7.117241419329036e-001, 7.705870466662357e-002,-2.842578358752648e-002, 8.303253279331820e-001,-3.620212072352095e-001,-1.483097048727821e-001
 8.500000000000000e+000, 7.027112185720337e-001, 7.668270557008117e-002,-2.860201843088587e-002, 8.182581178185872e-001,-3.570339292329394e-001,-1.439606747231557e-001
 8.510000000000000e+000, 6.937030386095799e-001, 7.629804881832536e-002,-2.884383278717348e-002, 8.062303883516551e-001,-3.520529854291181e-001,-1.395568268910476e-001
 8.520000000000000e+000, 6.847187043714222e-001, 7.591744562057645e-002,-2.913571006838832e-002, 7.942584334679250e-001,-3.470851650078163e-001,-1.351219111656274e-001
 8.529999999999999e+000, 6.757846760997153e-001, 7.555206510981849e-002,-2.946349910001420e-002, 7.823626133421654e-001,-3.421382464290631e-001,-1.306747176899209e-001
 8.539999999999999e+000, 6.669326845520218e-001, 7.521013158803425e-002,-2.981685658879040e-002, 7.705666995976550e-001,-3.372203369132377e-001,-1.262275891678370e-001
 8.549999999999999e+000, 6.581964183682659e-001, 7.489558499851623e-002,-3.019058082315380e-002, 7.588963276959017e-001,-3.323386805933455e-001,-1.217864301268243e-001
 8.559999999999999e+000, 6.496079862716231e-001, 7.460723234749600e-002,-3.058478212211024e-002, 7.473768543440426e-001,-3.274992070904422e-001,-1.173517106023407e-001
 8.570000000000000e+000, 6.411947368900842e-001, 7.434014737735439e-002,-3.100316677905462e-002, 7.360311793126553e-001,-3.227072629315040e-001,-1.129203847148539e-001
 8.579999999999998e+000, 6.329781796788562e-001, 7.408910963936943e-002,-3.145027504255520e-002, 7.248789253054219e-001,-3.179680228894044e-001,-1.084895698603309e-001
 8.590000000000000e+000, 6.249763189185794e-001, 7.385146821593724e-002,-3.192904977220092e-002, 7.139374245102075e-001,-3.132857083454724e-001,-1.040614875952715e-001
 8.600000000000000e+000, 6.172077488924919e-001, 7.362817552100842e-002,-3.243904424588124e-002, 7.032238170573979e-001,-3.086625984930224e-001,-9.964748288020847e-002
 8.609999999999999e+000, 6.096949350506578e-001, 7.342440080693935e-002,-3.297558583509471e-002, 6.927577354263190e-001,-3.040987185322181e-001,-9.526982113916933e-002
 8.619999999999999e+000, 6.024655032375362e-001, 7.324979843319435e-002,-3.353007481444034e-002, 6.825636417113932e-001,-2.995924076142162e-001,-9.096091742407217e-002
 8.629999999999999e+000, 5.955522756049131e-001, 7.311698069004957e-002,-3.409018154359732e-002, 6.726720844669271e-001,-2.951420989554609e-001,-8.676082478922635e-002
 8.639999999999999e+000, 5.889940503681790e-001, 7.303909202155623e-002,-3.463885233811597e-002, 6.631204846110933e-001,-2.907489521542523e-001,-8.271538886456377e-002
 8.649999999999999e+000, 5.828368055903709e-001, 7.302827523306377e-002,-3.515315996919061e-002, 6.539534585890535e-001,-2.864191356828751e-001,-7.887565943803923e-002
 8.660000000000000e+000, 5.771322811913082e-001, 7.309435623838412e-002,-3.560463392046976e-002, 6.452212894785289e-001,-2.821651711219584e-001,-7.529614011237371e-002
 8.670000000000000e+000, 5.719338998982482e-001, 7.324269902347091e-002,-3.596173766712602e-002, 6.369763021449799e-001,-2.780061711205242e-001,-7.203016346103640e-002
 8.680000000000000e+000, 5.672917128571329e-001, 7.347205683268676e-002,-3.619404827069737e-002, 6.292682561844959e-001,-2.739668420184903e-001,-6.912272282416442e-002
 8.690000000000000e+000, 5.632453688689458e-001, 7.377372406667915e-002,-3.627639039912325e-002, 6.221396717195846e-001,-2.700761823969147e-001,-6.660223104415435e-002
 8.699999999999999e+000, 5.598172043379950e-001, 7.413320590726746e-002,-3.619179969951294e-002, 6.156224349777161e-001,-2.663667086955366e-001,-6.447495915627022e-002
 8.709999999999999e+000, 5.570099478796321e-001, 7.453420443688885e-002,-3.593407129634186e-002, 6.097366692395128e-001,-2.628728284696267e-001,-6.272590508935154e-002
 8.719999999999999e+000, 5.548062797898619e-001, 7.496209480794347e-002,-3.550999589959332e-002, 6.044909025212010e-001,-2.596272151284663e-001,-6.132525277731703e-002
 8.730000000000000e+000, 5.531661344419582e-001, 7.540497700464077e-002,-3.494000895978072e-002, 5.998824379683604e-001,-2.566571906217980e-001,-6.023640432667535e-002
 8.739999999999998e+000, 5.520260575700376e-001, 7.585310796592193e-002,-3.425661216720473e-002, 5.958978106241960e-001,-2.539832860983913e-001,-5.942153046011164e-002
 8.750000000000000e+000, 5.513052151276424e-001, 7.629769672394504e-002,-3.350078178857448e-002, 5.925129605739757e-001,-2.516191599618793e-001,-5.884239530755054e-002
 8.760000000000000e+000, 5.509246256668937e-001, 7.672850060859826e-002,-3.271793917306747e-002, 5.897125632466781e-001,-2.495828915411402e-001,-5.846435009558102e-002
 8.770000000000000e+000, 5.507762179147461e-001, 7.713504672615978e-002,-3.195315368362448e-002, 5.874185629296022e-001,-2.478538509348883e-001,-5.823320367845248e-002
 8.779999999999999e+000, 5.507551642986175e-001, 7.751572146230124e-002,-3.122520521293551e-002, 5.854849623029869e-001,-2.463569599068359e-001,-5.809031046754835e-002
