Main.Studies.MarkerTracking.t,Main.Studies.MarkerTracking.JointAngleOutputs.OutputFile_RightLeg.HipFlexion,Main.Studies.MarkerTracking.JointAngleOutputs.OutputFile_RightLeg.HipAbduction,Main.Studies.MarkerTracking.JointAngleOutputs.OutputFile_RightLeg.HipExternalRotation,Main.Studies.MarkerTracking.JointAngleOutputs.OutputFile_RightLeg.KneeFlexion,Main.Studies.MarkerTracking.JointAngleOutputs.OutputFile_RightLeg.AnklePlantarFlexion,Main.Studies.MarkerTracking.JointAngleOutputs.OutputFile_RightLeg.SubTalarEversion
 1.907000000000000e+001, 1.395849356991699e+000, 7.680970854888791e-002,-4.090793518361228e-002, 1.515305156073939e+000,-6.224696813392767e-001,-2.838206524676155e-001
 1.908000000000000e+001, 1.393069325968553e+000, 7.679604556339070e-002,-4.135376273516084e-002, 1.514199541688956e+000,-6.224337285951848e-001,-2.823824100834125e-001
 1.909000000000000e+001, 1.390230341014000e+000, 7.677106135358169e-002,-4.179100339868417e-002, 1.513015246339054e+000,-6.223662677456258e-001,-2.809155652333483e-001
 1.910000000000000e+001, 1.387335673686104e+000, 7.673486827878229e-002,-4.223434404345135e-002, 1.511721223775383e+000,-6.222468498166995e-001,-2.794283292547569e-001
 1.911000000000000e+001, 1.384398149088669e+000, 7.668429379480757e-002,-4.267925334141385e-002, 1.510292122798495e+000,-6.220584655543845e-001,-2.779342573438937e-001
 1.912000000000000e+001, 1.381430148485425e+000, 7.661845732777461e-002,-4.311266078341541e-002, 1.508713319194927e+000,-6.217938975292547e-001,-2.764432468357354e-001
 1.913000000000000e+001, 1.378437932193341e+000, 7.653715877539824e-002,-4.352029270762479e-002, 1.506968913185105e+000,-6.214469630575676e-001,-2.749615065526146e-001
 1.914000000000000e+001, 1.375413838665350e+000, 7.643288196683606e-002,-4.387034747421788e-002, 1.505043204441083e+000,-6.210128863020155e-001,-2.734887897717445e-001
 1.915000000000000e+001, 1.372348291949160e+000, 7.630204815169961e-002,-4.414367312108870e-002, 1.502927828711937e+000,-6.204874025689382e-001,-2.720281298454761e-001
 1.916000000000000e+001, 1.369229108007524e+000, 7.614294834344215e-002,-4.432430944314188e-002, 1.500620163260595e+000,-6.198667034641778e-001,-2.705837005567335e-001
 1.917000000000000e+001, 1.366040659794412e+000, 7.595285051751022e-002,-4.439031832416512e-002, 1.498121094429122e+000,-6.191481759658488e-001,-2.691567819399670e-001
 1.918000000000000e+001, 1.362774295400117e+000, 7.573617608743311e-002,-4.433845907712593e-002, 1.495439382182060e+000,-6.183313846881332e-001,-2.677515834921675e-001
 1.919000000000000e+001, 1.359420225110565e+000, 7.549567261111534e-002,-4.416600884261252e-002, 1.492586158336686e+000,-6.174184993964700e-001,-2.663696319198072e-001
 1.920000000000000e+001, 1.355969518143309e+000, 7.523382192178363e-002,-4.387316850668210e-002, 1.489574344020406e+000,-6.164138258120474e-001,-2.650116946456186e-001
 1.921000000000000e+001, 1.352416754374604e+000, 7.495594859520649e-002,-4.346426106754191e-002, 1.486418202310064e+000,-6.153234378481028e-001,-2.636793906541085e-001
 1.922000000000000e+001, 1.348760919656449e+000, 7.467339067661616e-002,-4.294842633093422e-002, 1.483132724154357e+000,-6.141551348793171e-001,-2.623761748329306e-001
 1.923000000000000e+001, 1.345002181168080e+000, 7.440193880629487e-002,-4.233347974019316e-002, 1.479731624902962e+000,-6.129178928656577e-001,-2.611057953204770e-001
 1.924000000000000e+001, 1.341149766347363e+000, 7.416713454595225e-002,-4.164288457199138e-002, 1.476231077081341e+000,-6.116205030334062e-001,-2.598770880279385e-001
 1.925000000000000e+001, 1.337212357751203e+000, 7.398921740670916e-002,-4.088727672597828e-002, 1.472642768769541e+000,-6.102700805902244e-001,-2.586951757683361e-001
 1.926000000000000e+001, 1.333205082086961e+000, 7.388688455189940e-002,-4.008137545993710e-002, 1.468976787130596e+000,-6.088716518642814e-001,-2.575643289244473e-001
 1.927000000000000e+001, 1.329145103638183e+000, 7.387313922613537e-002,-3.924057501785806e-002, 1.465239941604204e+000,-6.074285689497461e-001,-2.564838035231117e-001
 1.928000000000000e+001, 1.325048037332711e+000, 7.395158690089776e-002,-3.837984716685824e-002, 1.461434714216732e+000,-6.059428464431992e-001,-2.554455450921994e-001
 1.929000000000000e+001, 1.320924763213984e+000, 7.411066637400543e-002,-3.751002302604128e-002, 1.457557242286499e+000,-6.044150766834455e-001,-2.544326909628107e-001
 1.930000000000000e+001, 1.316778695319958e+000, 7.431943586787693e-002,-3.663324722312422e-002, 1.453595535589611e+000,-6.028446205515332e-001,-2.534180538796608e-001
 1.931000000000000e+001, 1.312603703053680e+000, 7.452859873594475e-002,-3.573731708269978e-002, 1.449529290216789e+000,-6.012302921892575e-001,-2.523631438431873e-001
 1.932000000000000e+001, 1.308394294871446e+000, 7.468701631898811e-002,-3.481653707130404e-002, 1.445337652232284e+000,-5.995709977224538e-001,-2.512276360234188e-001
 1.933000000000000e+001, 1.304136501061410e+000, 7.473596719924891e-002,-3.384481952665160e-002, 1.440995052573961e+000,-5.978652236397611e-001,-2.499673831046979e-001
 1.934000000000000e+001, 1.299817244522961e+000, 7.462282972783862e-002,-3.279478329680440e-002, 1.436478446871320e+000,-5.961110526389531e-001,-2.485459044247099e-001
 1.935000000000000e+001, 1.295425131244351e+000, 7.430733007472568e-002,-3.163879429299547e-002, 1.431770343156743e+000,-5.943062163053411e-001,-2.469393671673137e-001
 1.936000000000000e+001, 1.290951428579174e+000, 7.376968856242305e-002,-3.035567970009533e-002, 1.426861755303444e+000,-5.924478419234985e-001,-2.451423952957283e-001
 1.937000000000000e+001, 1.286387917978743e+000, 7.301779428559274e-002,-2.893763589369096e-002, 1.421752964879813e+000,-5.905322569864483e-001,-2.431733751982031e-001
 1.938000000000000e+001, 1.281721120347119e+000, 7.209348931501003e-002,-2.739663804503447e-002, 1.416453048623811e+000,-5.885559522016635e-001,-2.410780835569684e-001
 1.939000000000000e+001, 1.276927443421269e+000, 7.107270187107484e-002,-2.576668216889726e-002, 1.410978411883736e+000,-5.865171234944767e-001,-2.389277987793131e-001
 1.940000000000000e+001, 1.271976252682889e+000, 7.005024430474838e-002,-2.409579378025051e-002, 1.405349109717102e+000,-5.844157899357193e-001,-2.368064410034029e-001
 1.941000000000000e+001, 1.266839504869487e+000, 6.911280647259543e-002,-2.243047054310702e-002, 1.399583547817565e+000,-5.822520751958589e-001,-2.347897859709642e-001
 1.942000000000000e+001, 1.261500821398243e+000, 6.832045045042556e-002,-2.080954802703485e-002, 1.393696016409230e+000,-5.800247012137538e-001,-2.329311763624919e-001
 1.943000000000000e+001, 1.255948488688221e+000, 6.769302130679322e-002,-1.924563946989499e-002, 1.387690931228641e+000,-5.777311116466809e-001,-2.312514554429927e-001
 1.944000000000000e+001, 1.250184212872124e+000, 6.723062021785964e-002,-1.775770744407736e-002, 1.381573496111307e+000,-5.753708709795613e-001,-2.297501223300352e-001
 1.945000000000000e+001, 1.244213995102545e+000, 6.691613664042961e-002,-1.636102959966638e-002, 1.375348412595532e+000,-5.729470883476885e-001,-2.284064714861918e-001
 1.946000000000000e+001, 1.238040432182746e+000, 6.671622172290337e-002,-1.505559695754476e-002, 1.369017313139179e+000,-5.704649336648268e-001,-2.271836350260207e-001
 1.947000000000000e+001, 1.231674649530589e+000, 6.660158521317672e-002,-1.385372391171276e-002, 1.362588345019071e+000,-5.679305652474569e-001,-2.260458920002888e-001
 1.948000000000000e+001, 1.225128182586326e+000, 6.654149924641395e-002,-1.276048889642053e-002, 1.356071506308015e+000,-5.653502873873000e-001,-2.249584786676512e-001
 1.949000000000000e+001, 1.218412966811765e+000, 6.650866287715185e-002,-1.177810949613595e-002, 1.349480833818850e+000,-5.627317896165922e-001,-2.238909132212100e-001
 1.950000000000000e+001, 1.211538992581054e+000, 6.648046929109719e-002,-1.090754497598849e-002, 1.342834542660318e+000,-5.600850531865967e-001,-2.228168292061973e-001
 1.951000000000000e+001, 1.204513370744134e+000, 6.643925800206230e-002,-1.014968353412983e-002, 1.336153911373823e+000,-5.574220955447589e-001,-2.217140606763867e-001
 1.952000000000000e+001, 1.197341996791704e+000, 6.637325264321525e-002,-9.506273384921792e-003, 1.329461601733369e+000,-5.547560043831906e-001,-2.205662728354718e-001
 1.953000000000000e+001, 1.190032201391943e+000, 6.627809666856521e-002,-8.980455862897406e-003, 1.322779789146530e+000,-5.520997439066683e-001,-2.193644449236780e-001
 1.954000000000000e+001, 1.182593819385772e+000, 6.615737502294183e-002,-8.576471273406338e-003, 1.316127986984159e+000,-5.494648052226463e-001,-2.181062221852043e-001
 1.955000000000000e+001, 1.175037883984508e+000, 6.602170125325091e-002,-8.298544914991499e-003, 1.309520681255426e+000,-5.468603342160133e-001,-2.167942422731020e-001
 1.956000000000000e+001, 1.167374754077091e+000, 6.588773117697566e-002,-8.149664539166344e-003, 1.302965286351869e+000,-5.442930017017413e-001,-2.154359106161006e-001
 1.957000000000000e+001, 1.159612957943944e+000, 6.577767873958429e-002,-8.131078796881656e-003, 1.296460807113894e+000,-5.417667573021455e-001,-2.140444297954845e-001
 1.958000000000000e+001, 1.151758123052216e+000, 6.571795194977992e-002,-8.242278008372170e-003, 1.289997023554813e+000,-5.392819984581239e-001,-2.126389681432058e-001
 1.959000000000000e+001, 1.143811555464639e+000, 6.573529211897822e-002,-8.480061527674231e-003, 1.283553962660597e+000,-5.368344892974120e-001,-2.112427111057145e-001
 1.960000000000000e+001, 1.135768339523223e+000, 6.585138584351147e-002,-8.835894327924214e-003, 1.277101995601373e+000,-5.344143849408886e-001,-2.098794051172720e-001
 1.961000000000000e+001, 1.127615221620935e+000, 6.607845670585699e-002,-9.292975659328151e-003, 1.270602848642193e+000,-5.320060640529044e-001,-2.085695608054104e-001
 1.962000000000000e+001, 1.119329157788503e+000, 6.641686910737210e-002,-9.825649749041931e-003, 1.264011432635043e+000,-5.295897383910186e-001,-2.073267051927950e-001
 1.963000000000000e+001, 1.110879201823113e+000, 6.685732272373834e-002,-1.040205121940245e-002, 1.257279190975054e+000,-5.271444605403584e-001,-2.061559727989982e-001
 1.964000000000000e+001, 1.102237148481347e+000, 6.739168499742076e-002,-1.099105061544391e-002, 1.250360876171295e+000,-5.246510527003245e-001,-2.050592671724258e-001
 1.965000000000000e+001, 1.093382787394104e+000, 6.801789647764100e-002,-1.155709858823642e-002, 1.243217350987277e+000,-5.220926009488944e-001,-2.040390719979310e-001
 1.966000000000000e+001, 1.084321135851529e+000, 6.874447741108258e-002,-1.207731669578885e-002, 1.235824437228112e+000,-5.194554681609174e-001,-2.031047558864574e-001
 1.967000000000000e+001, 1.075076229181141e+000, 6.957310259981031e-002,-1.253326775643239e-002, 1.228168958682152e+000,-5.167269633796959e-001,-2.022646712155097e-001
 1.968000000000000e+001, 1.065689236258658e+000, 7.048561816483612e-002,-1.290932909809096e-002, 1.220246983177035e+000,-5.138937704407011e-001,-2.015181177619483e-001
 1.969000000000000e+001, 1.056222346784531e+000, 7.144609574125904e-002,-1.320039063631864e-002, 1.212068227066613e+000,-5.109436779498550e-001,-2.008501571986130e-001
 1.970000000000000e+001, 1.046741304297362e+000, 7.240259784897507e-002,-1.339860811750654e-002, 1.203653250745278e+000,-5.078668379823342e-001,-2.002271794269608e-001
 1.971000000000000e+001, 1.037311722859640e+000, 7.330524127617988e-002,-1.350458583826021e-002, 1.195036772169856e+000,-5.046588503785225e-001,-1.996068303334190e-001
 1.972000000000000e+001, 1.027987727229589e+000, 7.411613037699305e-002,-1.352770681254867e-002, 1.186262368528504e+000,-5.013210274913994e-001,-1.989494469692588e-001
 1.973000000000000e+001, 1.018805601048255e+000, 7.481426892544896e-002,-1.348539986563146e-002, 1.177375849725395e+000,-4.978599164761980e-001,-1.982269414327450e-001
 1.974000000000000e+001, 1.009780587966609e+000, 7.539464497784465e-002,-1.339927423304588e-002, 1.168418416526251e+000,-4.942861571302968e-001,-1.974255522484281e-001
 1.975000000000000e+001, 1.000905225084402e+000, 7.586306994370951e-002,-1.328969425124682e-002, 1.159420224921279e+000,-4.906127776198799e-001,-1.965433645307370e-001
 1.976000000000000e+001, 9.921514761944957e-001, 7.623156384865970e-002,-1.317235986874880e-002, 1.150396778679774e+000,-4.868535263326245e-001,-1.955864624102525e-001
 1.977000000000000e+001, 9.834787503973788e-001, 7.651560843843352e-002,-1.305783105872991e-002, 1.141349370322506e+000,-4.830213581371847e-001,-1.945649458787029e-001
 1.978000000000000e+001, 9.748438809237471e-001, 7.673125010894677e-002,-1.295216800036016e-002, 1.132267683640347e+000,-4.791273025930986e-001,-1.934883837799864e-001
 1.979000000000000e+001, 9.662081351113611e-001, 7.689288017504437e-002,-1.285710493850882e-002, 1.123132965381768e+000,-4.751803796549384e-001,-1.923628879623463e-001
 1.980000000000000e+001, 9.575404356618563e-001, 7.701263065681663e-002,-1.276908271047946e-002, 1.113921565714232e+000,-4.711878855609975e-001,-1.911907699916081e-001
 1.981000000000000e+001, 9.488183024272294e-001, 7.710025749908844e-002,-1.267839527863753e-002, 1.104608623944867e+000,-4.671548033271328e-001,-1.899709102604866e-001
 1.982000000000000e+001, 9.400284103838200e-001, 7.716318762758645e-002,-1.256983154990979e-002, 1.095171432144314e+000,-4.630830414263460e-001,-1.886990278221698e-001
 1.983000000000000e+001, 9.311672825207149e-001, 7.720698699710571e-002,-1.242467840397712e-002, 1.085592184428872e+000,-4.589721519334582e-001,-1.873683578369289e-001
 1.984000000000000e+001, 9.222399833506471e-001, 7.723651111697749e-002,-1.222379280844129e-002, 1.075859945515004e+000,-4.548216594330392e-001,-1.859707313098998e-001
 1.985000000000000e+001, 9.132560237076487e-001, 7.725845258624942e-002,-1.195139241740268e-002, 1.065971889750891e+000,-4.506335072665909e-001,-1.844979788535439e-001
 1.986000000000000e+001, 9.042257955213991e-001, 7.728451921468205e-002,-1.159961742178678e-002, 1.055934087931383e+000,-4.464130784449110e-001,-1.829441373291419e-001
 1.987000000000000e+001, 8.951615125972117e-001, 7.733365574002482e-002,-1.117486647153271e-002, 1.045762257450589e+000,-4.421689245944369e-001,-1.813080129959403e-001
 1.988000000000000e+001, 8.860714636197072e-001, 7.741972590703572e-002,-1.069056962487762e-002, 1.035475256319337e+000,-4.379091197445238e-001,-1.795869970827023e-001
 1.989000000000000e+001, 8.769697176895035e-001, 7.755596931095532e-002,-1.017715339890043e-002, 1.025097966202699e+000,-4.336423485162783e-001,-1.777769026028945e-001
 1.990000000000000e+001, 8.678668083079298e-001, 7.774322730448668e-002,-9.669472902492241e-003, 1.014653159807120e+000,-4.293744549841756e-001,-1.758651474431517e-001
 1.991000000000000e+001, 8.587681020407425e-001, 7.797162444717554e-002,-9.203787529585774e-003, 1.004158927525629e+000,-4.251076711899052e-001,-1.738338251089162e-001
 1.992000000000000e+001, 8.496741079918095e-001, 7.822409808186892e-002,-8.813052672485571e-003, 9.936268098118475e-001,-4.208403177260798e-001,-1.716654171002243e-001
 1.993000000000000e+001, 8.405833514814927e-001, 7.848096367706869e-002,-8.523632758618685e-003, 9.830619206052053e-001,-4.165679665528129e-001,-1.693474933691931e-001
 1.994000000000000e+001, 8.314941008332509e-001, 7.872245121104982e-002,-8.353565778662062e-003, 9.724636307889218e-001,-4.122851699530240e-001,-1.668735026882231e-001
 1.995000000000000e+001, 8.224039457542310e-001, 7.892996298154476e-002,-8.311926512611324e-003, 9.618261433354786e-001,-4.079859493505287e-001,-1.642423532501644e-001
 1.996000000000000e+001, 8.133085542067085e-001, 7.908791758916034e-002,-8.397944502298568e-003, 9.511395570974530e-001,-4.036629497814631e-001,-1.614602571372323e-001
 1.997000000000000e+001, 8.042010853801394e-001, 7.918542029713449e-002,-8.599715010489803e-003, 9.403920161993919e-001,-3.993070179877714e-001,-1.585432110106274e-001
 1.998000000000000e+001, 7.950731221094233e-001, 7.921695156942832e-002,-8.894732066505411e-003, 9.295726066170565e-001,-3.949080499986041e-001,-1.555167600464756e-001
 1.999000000000000e+001, 7.847465178410717e-001, 7.855694114046052e-002,-8.443129420840275e-003, 9.174798200108283e-001,-3.900030805184779e-001,-1.519142872009881e-001
 2.000000000000000e+001, 7.741031257783196e-001, 7.778237374772190e-002,-7.964931134747231e-003, 9.049696019387623e-001,-3.848938401509863e-001,-1.481459123793698e-001
 2.001000000000000e+001, 7.649150810212566e-001, 7.765065957724104e-002,-8.415663269515624e-003, 8.939383693879550e-001,-3.803058750865798e-001,-1.449733592217206e-001
 2.002000000000000e+001, 7.557151585025795e-001, 7.747785314581046e-002,-8.856974487113162e-003, 8.828459416646778e-001,-3.756520686784671e-001,-1.418046403086677e-001
 2.003000000000000e+001, 7.465124289721363e-001, 7.727531736617443e-002,-9.275538457220449e-003, 8.717049905065382e-001,-3.709361370324907e-001,-1.386577096355136e-001
 2.004000000000000e+001, 7.373133731838402e-001, 7.705900123948828e-002,-9.666422834481474e-003, 8.605299791116977e-001,-3.661670731374523e-001,-1.355468783418465e-001
 2.005000000000000e+001, 7.281189341845289e-001, 7.684477015607505e-002,-1.002973045796657e-002, 8.493325445557113e-001,-3.613561284256837e-001,-1.324784992728851e-001
 2.006000000000000e+001, 7.189253270481899e-001, 7.664555989307464e-002,-1.036921054680664e-002, 8.381203387366355e-001,-3.565144282835692e-001,-1.294484868224871e-001
 2.007000000000000e+001, 7.097267108454272e-001, 7.646911397609957e-002,-1.069130051203924e-002, 8.268968724104366e-001,-3.516510523233842e-001,-1.264410340077660e-001
 2.008000000000000e+001, 7.005180644445277e-001, 7.631769702061675e-002,-1.100463853349148e-002, 8.156616726055184e-001,-3.467722227330404e-001,-1.234290152583420e-001
 2.009000000000000e+001, 6.912968857220043e-001, 7.618953199097778e-002,-1.131901630591806e-002, 8.044109260036687e-001,-3.418816358000040e-001,-1.203777544393354e-001
 2.010000000000000e+001, 6.820623468057999e-001, 7.608038919097004e-002,-1.164263263808743e-002, 7.931379195805842e-001,-3.369807087290728e-001,-1.172518208226286e-001
 2.011000000000000e+001, 6.728130904063469e-001, 7.598443114000442e-002,-1.197837869542546e-002, 7.818328167040954e-001,-3.320683442974675e-001,-1.140209401582786e-001
 2.012000000000000e+001, 6.635468698670061e-001, 7.589454977316112e-002,-1.232128801517345e-002, 7.704831566481433e-001,-3.271412721079082e-001,-1.106621473936009e-001
 2.013000000000000e+001, 6.542628994691490e-001, 7.580282251223158e-002,-1.265849425359864e-002, 7.590760616259231e-001,-3.221952680082124e-001,-1.071587501527475e-001
 2.014000000000000e+001, 6.449640245294966e-001, 7.570116908337443e-002,-1.297218553647912e-002, 7.476007748817026e-001,-3.172262555450570e-001,-1.034988641687240e-001
 2.015000000000000e+001, 6.356566815541807e-001, 7.558207297849862e-002,-1.324523823438208e-002, 7.360503984469249e-001,-3.122309223120370e-001,-9.967546620171155e-002
 2.016000000000000e+001, 6.263495814859065e-001, 7.544019496663390e-002,-1.346656025443658e-002, 7.244233833285177e-001,-3.072078494581232e-001,-9.568669086829988e-002
 2.017000000000000e+001, 6.170520435250196e-001, 7.527509894944329e-002,-1.363271248880504e-002, 7.127247843344745e-001,-3.021593953214313e-001,-9.153508501491359e-002
 2.018000000000000e+001, 6.077735765399668e-001, 7.509231324260313e-002,-1.374653303487338e-002, 7.009662235412927e-001,-2.970920586898710e-001,-8.722724222211051e-002
 2.019000000000000e+001, 5.985269522457326e-001, 7.490002437978527e-002,-1.381576184097768e-002, 6.891639725580050e-001,-2.920134878422006e-001,-8.277448765298072e-002
 2.020000000000000e+001, 5.893329620462144e-001, 7.470486943822929e-002,-1.385156628292561e-002, 6.773365124728248e-001,-2.869294081762668e-001,-7.819326026108867e-002
 2.021000000000000e+001, 5.802218468416153e-001, 7.451221718619316e-002,-1.386539521301990e-002, 6.655037752258998e-001,-2.818447277357470e-001,-7.350489482493289e-002
 2.022000000000000e+001, 5.712306598526332e-001, 7.432877958460926e-002,-1.386723559908190e-002, 6.536882994358134e-001,-2.767659686121958e-001,-6.873669658539197e-002
 2.023000000000000e+001, 5.623997512224312e-001, 7.416219932226187e-002,-1.386865712838050e-002, 6.419169644198224e-001,-2.717002727862516e-001,-6.392501158818049e-002
 2.024000000000000e+001, 5.537692639228413e-001, 7.401852612115967e-002,-1.388599947615330e-002, 6.302221840534970e-001,-2.666535048024085e-001,-5.911596859505974e-002
 2.025000000000000e+001, 5.453751093415128e-001, 7.390200467296237e-002,-1.393728724096757e-002, 6.186419860274913e-001,-2.616323419530931e-001,-5.435946608834804e-002
 2.026000000000000e+001, 5.372455978910748e-001, 7.381727664035220e-002,-1.403495517948363e-002, 6.072191662141372e-001,-2.566492690008226e-001,-4.969991158523553e-002
 2.027000000000000e+001, 5.294004578233215e-001, 7.377016979472173e-002,-1.418202132109676e-002, 5.959999142077032e-001,-2.517249079676177e-001,-4.517145537155166e-002
 2.028000000000000e+001, 5.218520734359945e-001, 7.376575469192592e-002,-1.437500737303849e-002, 5.850317722424477e-001,-2.468848228845363e-001,-4.080018959605366e-002
 2.029000000000000e+001, 5.146072102417242e-001, 7.380571153324267e-002,-1.460998116375445e-002, 5.743610992197022e-001,-2.421538949573061e-001,-3.660842117237263e-002
 2.030000000000000e+001, 5.076682589057228e-001, 7.388662034247773e-002,-1.488705611867706e-002, 5.640309105996316e-001,-2.375529762376192e-001,-3.261491356897798e-002
 2.031000000000000e+001, 5.010343363857657e-001, 7.400003172676417e-002,-1.521157439116453e-002, 5.540802278937252e-001,-2.330997610619324e-001,-2.883063511052645e-002
 2.032000000000000e+001, 4.947027565149829e-001, 7.413408714044234e-002,-1.559159805408480e-002, 5.445457833611532e-001,-2.288131954159611e-001,-2.525355724910709e-002
 2.033000000000000e+001, 4.886718148196203e-001, 7.427491993027613e-002,-1.603269936050095e-002, 5.354658204908549e-001,-2.247185485098928e-001,-2.186705069073144e-002
 2.034000000000000e+001, 4.829462561986311e-001, 7.440756277017746e-002,-1.653369624462989e-002, 5.268849616955954e-001,-2.208494470116125e-001,-1.864739564073916e-002
 2.035000000000000e+001, 4.775434647535778e-001, 7.451776183700054e-002,-1.708554349614216e-002, 5.188587833298319e-001,-2.172464406404483e-001,-1.557925048532482e-002
 2.036000000000000e+001, 4.724964273221419e-001, 7.459446069655873e-002,-1.767160022380688e-002, 5.114571190495353e-001,-2.139552070029079e-001,-1.266918745711380e-002
 2.037000000000000e+001, 4.678545661090749e-001, 7.463141514247851e-002,-1.826785250766919e-002, 5.047669354043447e-001,-2.110264479506918e-001,-9.950986143525759e-003
 2.038000000000000e+001, 4.636861995132331e-001, 7.462747246378965e-002,-1.884376886633896e-002, 4.988960599841918e-001,-2.085169057173948e-001,-7.484567193735814e-003
 2.039000000000000e+001, 4.600819744742086e-001, 7.458616832713272e-002,-1.936474788904706e-002, 4.939768740528067e-001,-2.064901449550054e-001,-5.352127572228553e-003
 2.040000000000000e+001, 4.571516362757637e-001, 7.451552717984700e-002,-1.979676562133903e-002, 4.901662141489929e-001,-2.050156141446580e-001,-3.653939177844252e-003
 2.041000000000000e+001, 4.550388529678174e-001, 7.442425092997551e-002,-2.010908384609591e-002, 4.876475412892068e-001,-2.041669423002577e-001,-2.495093256502845e-003
 2.042000000000000e+001, 4.538814513728429e-001, 7.432291122377643e-002,-2.028220074518132e-002, 4.866134974908798e-001,-2.040168501866108e-001,-1.981980142744141e-003
 2.043000000000000e+001, 4.538198394279594e-001, 7.422059788093405e-002,-2.030899219484231e-002, 4.872600417824892e-001,-2.046343558487075e-001,-2.204749331002686e-003
 2.044000000000000e+001, 4.550013707144112e-001, 7.412687478629176e-002,-2.019243958713142e-002, 4.897758582037645e-001,-2.060792533574919e-001,-3.232031803493091e-003
 2.045000000000000e+001, 4.575464192902299e-001, 7.405338818753715e-002,-1.995175250485736e-002, 4.943193471503601e-001,-2.083967045345719e-001,-5.103065993987470e-003
 2.046000000000000e+001, 4.615475921441690e-001, 7.401651261077902e-002,-1.961531189317419e-002, 5.010021776945247e-001,-2.116099299147516e-001,-7.829859434915485e-003
 2.047000000000000e+001, 4.670485337757577e-001, 7.403868060638463e-002,-1.921427171376485e-002, 5.098684727254825e-001,-2.157148986883341e-001,-1.139783054418031e-002
 2.048000000000000e+001, 4.740243273731034e-001, 7.414821992975607e-002,-1.877508993414628e-002, 5.208773589495584e-001,-2.206769418395045e-001,-1.576625149081707e-002
 2.049000000000000e+001, 4.823716876421191e-001, 7.437596455381423e-002,-1.831628659493587e-002, 5.338936189691108e-001,-2.264294965469070e-001,-2.086539637775902e-002
 2.050000000000000e+001, 4.919156156662246e-001, 7.474913615122425e-002,-1.785116528202935e-002, 5.486913755867586e-001,-2.328757778263763e-001,-2.659154512932472e-002
 2.051000000000000e+001, 5.024296945300022e-001, 7.528451651347057e-002,-1.739453581142611e-002, 5.649711867036796e-001,-2.398939481506160e-001,-3.280361564342105e-002
 2.052000000000000e+001, 5.136617772023207e-001, 7.598203268981241e-002,-1.696937127293365e-002, 5.823852461830665e-001,-2.473449225646557e-001,-3.932590204130704e-002
 2.053000000000000e+001, 5.253577007827410e-001, 7.682002238529218e-002,-1.660781185779506e-002, 6.005637726193037e-001,-2.550815805936484e-001,-4.596103393417274e-002
 2.054000000000000e+001, 5.372797106392079e-001, 7.775451097025177e-002,-1.634363899025629e-002, 6.191380889764235e-001,-2.629577281195398e-001,-5.251257564690099e-002
 2.055000000000000e+001, 5.492207720113611e-001, 7.872442415730996e-002,-1.620087407202835e-002, 6.377600530436961e-001,-2.708354880255248e-001,-5.881052683704046e-002
 2.056000000000000e+001, 5.610163005542541e-001, 7.966264326889627e-002,-1.618620959478329e-002, 6.561200750349463e-001,-2.785915932247037e-001,-6.473147912512131e-002
 2.057000000000000e+001, 5.725520165309915e-001, 8.050942165884933e-002,-1.628924025359166e-002, 6.739640735799068e-001,-2.861229322447976e-001,-7.020746643845378e-002
 2.058000000000000e+001, 5.837665728400729e-001, 8.122322539932259e-002,-1.648976182081065e-002, 6.911065567314785e-001,-2.933503097349753e-001,-7.522232160883415e-002
 2.059000000000000e+001, 5.946482748611872e-001, 8.178553036791447e-002,-1.676812751078280e-002, 7.074361071163997e-001,-3.002197278281283e-001,-7.979959791167514e-002
 2.060000000000000e+001, 6.052251526740703e-001, 8.219763644708955e-002,-1.711347098079363e-002, 7.229112027115726e-001,-3.067024369356346e-001,-8.398694273399369e-002
 2.061000000000000e+001, 6.155502667573031e-001, 8.247174196537621e-002,-1.752597334133222e-002, 7.375480457732631e-001,-3.127954014371476e-001,-8.784125839027460e-002
 2.062000000000000e+001, 6.256868729325865e-001, 8.262303939250182e-002,-1.801306205458658e-002, 7.514052552815405e-001,-3.185207515769259e-001,-9.141988418083882e-002
 2.063000000000000e+001, 6.356979021723259e-001, 8.266679234057039e-002,-1.858301421042500e-002, 7.645703930832344e-001,-3.239213170897089e-001,-9.477927213187404e-002
 2.064000000000000e+001, 6.456415389160553e-001, 8.261940478356533e-002,-1.923969727403508e-002, 7.771504566771834e-001,-3.290527158019734e-001,-9.797671421692668e-002
 2.065000000000000e+001, 6.555713801436639e-001, 8.250175858673292e-002,-1.998008930108589e-002, 7.892654515055220e-001,-3.339753758302176e-001,-1.010712288556812e-001
 2.066000000000000e+001, 6.655387749434010e-001, 8.234300433791031e-002,-2.079358115557391e-002, 8.010432061890277e-001,-3.387486573680323e-001,-1.041239826450597e-001
 2.067000000000000e+001, 6.755954442767874e-001, 8.218242105571405e-002,-2.166110457408838e-002, 8.126140099183163e-001,-3.434271561564479e-001,-1.071990898008704e-001
 2.068000000000000e+001, 6.857945621898515e-001, 8.206789914221546e-002,-2.255507220616274e-002, 8.241045923249117e-001,-3.480586329385125e-001,-1.103630671450916e-001
 2.069000000000000e+001, 6.961887517133483e-001, 8.205111791386899e-002,-2.344331186383666e-002, 8.356313921129106e-001,-3.526827226969805e-001,-1.136809879264324e-001
 2.070000000000000e+001, 7.068241848735331e-001, 8.218049591058185e-002,-2.429707781010944e-002, 8.472930045834530e-001,-3.573301840847601e-001,-1.172093818362353e-001
 2.071000000000000e+001, 7.177324723266906e-001, 8.249414403366662e-002,-2.509986707708748e-002, 8.591627688508614e-001,-3.620232447981288e-001,-1.209877871413440e-001
 2.072000000000000e+001, 7.289244004528579e-001, 8.301459074586637e-002,-2.585392701800485e-002, 8.712832189409454e-001,-3.667764580152635e-001,-1.250315691858125e-001
 2.073000000000000e+001, 7.403883165857464e-001, 8.374455075156773e-002,-2.658164627797705e-002, 8.836632065144101e-001,-3.715966586956782e-001,-1.293276760910631e-001
 2.074000000000000e+001, 7.520934671071690e-001, 8.466403240012799e-002,-2.731992153652536e-002, 8.962782289397191e-001,-3.764820986402206e-001,-1.338344142891978e-001
 2.075000000000000e+001, 7.639969025790879e-001, 8.573242982256768e-002,-2.810899462295248e-002, 9.090748164673768e-001,-3.814220594097359e-001,-1.384863967493013e-001
 2.076000000000000e+001, 7.760520803303305e-001, 8.689685643436729e-002,-2.897874930434284e-002, 9.219783386794453e-001,-3.863976203079921e-001,-1.432047975444117e-001
 2.077000000000000e+001, 7.882118831234336e-001, 8.810657940044164e-002,-2.994074235691456e-002, 9.349030126555284e-001,-3.913838851656834e-001,-1.479087866876724e-001
 2.078000000000000e+001, 8.016400302103544e-001, 8.995245113855410e-002,-3.187535249174028e-002, 9.491069398042793e-001,-3.968577042098231e-001,-1.530742367818695e-001
 2.079000000000000e+001, 8.148497597754272e-001, 9.166338423249121e-002,-3.372313714710015e-002, 9.628192776496410e-001,-4.021303875464118e-001,-1.579817094012513e-001
 2.080000000000000e+001, 8.271558640189611e-001, 9.278472920793024e-002,-3.477242814567595e-002, 9.753013586443985e-001,-4.069291112171407e-001,-1.623378690923743e-001
 2.081000000000000e+001, 8.394869156492070e-001, 9.384521995792872e-002,-3.571312477409737e-002, 9.875158451407659e-001,-4.116038963162781e-001,-1.665734529464913e-001
 2.082000000000000e+001, 8.518408803022253e-001, 9.484164937974460e-002,-3.648695058884181e-002, 9.994287874338986e-001,-4.161252396694046e-001,-1.707165895756292e-001
 2.083000000000000e+001, 8.642164195168358e-001, 9.576855519797878e-002,-3.705996993825259e-002, 1.011020533970940e+000,-4.204718306514698e-001,-1.747975816190442e-001
 2.084000000000000e+001, 8.766070675926478e-001, 9.661052075361609e-002,-3.742925246478693e-002, 1.022282811596232e+000,-4.246336930284810e-001,-1.788373068668430e-001
 2.085000000000000e+001, 8.889956529018397e-001, 9.733701184148869e-002,-3.762110761487796e-002, 1.033217224817294e+000,-4.286127246848410e-001,-1.828410242977479e-001
 2.086000000000000e+001, 9.013537974953209e-001, 9.790644506276158e-002,-3.768572218825626e-002, 1.043837615548368e+000,-4.324209045174531e-001,-1.868007765131335e-001
 2.087000000000000e+001, 9.136470352426808e-001, 9.827857767121251e-002,-3.768776886366563e-002, 1.054173736515370e+000,-4.360779047974632e-001,-1.907018740038939e-001
 2.088000000000000e+001, 9.258470979924836e-001, 9.842494835365656e-002,-3.768982369579282e-002, 1.064271289505021e+000,-4.396072206652306e-001,-1.945242274346353e-001
 2.089000000000000e+001, 9.379170021548003e-001, 9.834806702417387e-002,-3.775568991576449e-002, 1.074189674107127e+000,-4.430350995599659e-001,-1.982660045775342e-001
 2.090000000000000e+001, 9.498463102274973e-001, 9.806641977869668e-002,-3.792141301512882e-002, 1.083990850055689e+000,-4.463812012056082e-001,-2.019272415333665e-001
 2.091000000000000e+001, 9.616281812948709e-001, 9.762395948816183e-002,-3.820619471071751e-002, 1.093734414178751e+000,-4.496627970560747e-001,-2.055302793849907e-001
 2.092000000000000e+001, 9.732611316140376e-001, 9.708166946763486e-002,-3.860605013429728e-002, 1.103472030008774e+000,-4.528975576694516e-001,-2.091107696941818e-001
 2.093000000000000e+001, 9.847468600208007e-001, 9.650795490465702e-002,-3.909619857905324e-002, 1.113244239163202e+000,-4.561060842620340e-001,-2.127080755639332e-001
 2.094000000000000e+001, 9.960886020043005e-001, 9.596724192714556e-002,-3.963801549427656e-002, 1.123078391220787e+000,-4.593119721839314e-001,-2.163558331152872e-001
 2.095000000000000e+001, 1.007287267661910e+000, 9.551060295477321e-002,-4.018683283032553e-002, 1.132987408047981e+000,-4.625406370126001e-001,-2.200749504888262e-001
 2.096000000000000e+001, 1.018337172589915e+000, 9.517021065519749e-002,-4.069921037182285e-002, 1.142969390483928e+000,-4.658168893127900e-001,-2.238709138659623e-001
 2.097000000000000e+001, 1.029225947968854e+000, 9.495708730071639e-002,-4.113933140413631e-002, 1.153008145352261e+000,-4.691608670751193e-001,-2.277354458828020e-001
 2.098000000000000e+001, 1.039935832331051e+000, 9.486481907780830e-002,-4.148481579831340e-002, 1.163075147832720e+000,-4.725844057347156e-001,-2.316550875681178e-001
 2.099000000000000e+001, 1.050464488846351e+000, 9.486250576109190e-002,-4.171487483720340e-002, 1.173129357040733e+000,-4.760846521546922e-001,-2.355917931382974e-001
 2.100000000000000e+001, 1.060811328907583e+000, 9.491965200993224e-002,-4.182487238297559e-002, 1.183124889373807e+000,-4.796473824779874e-001,-2.395184328151113e-001
 2.101000000000000e+001, 1.070998209286284e+000, 9.500183289061237e-002,-4.181534317857196e-002, 1.193013681745408e+000,-4.832442161555824e-001,-2.434015448683256e-001
 2.102000000000000e+001, 1.081065366668309e+000, 9.507886841104485e-002,-4.169488878802970e-002, 1.202750972685053e+000,-4.868368410396080e-001,-2.472107812074720e-001
 2.103000000000000e+001, 1.091060420705234e+000, 9.512749327016312e-002,-4.147943762173607e-002, 1.212298841204019e+000,-4.903840301288101e-001,-2.509187471143440e-001
 2.104000000000000e+001, 1.101023060788383e+000, 9.513148647244685e-002,-4.119133448261229e-002, 1.221628571004873e+000,-4.938497314038542e-001,-2.544984028529460e-001
 2.105000000000000e+001, 1.110974346777579e+000, 9.508079327526353e-002,-4.085806878494548e-002, 1.230721994215218e+000,-4.972087920361293e-001,-2.579220722184211e-001
 2.106000000000000e+001, 1.120912717793686e+000, 9.497079748738879e-002,-4.050967879679994e-002, 1.239571948442781e+000,-5.004489671771512e-001,-2.611631086122691e-001
 2.107000000000000e+001, 1.130815819242545e+000, 9.480088570358869e-002,-4.017545259242145e-002, 1.248182204941304e+000,-5.035696727856798e-001,-2.641997341404507e-001
 2.108000000000000e+001, 1.140646785968807e+000, 9.457091245056004e-002,-3.987975027614416e-002, 1.256566366641867e+000,-5.065789717900860e-001,-2.670183703635166e-001
 2.109000000000000e+001, 1.150362067645189e+000, 9.427683716918844e-002,-3.963623677710017e-002, 1.264745587753314e+000,-5.094904695749193e-001,-2.696134661189885e-001
 2.110000000000000e+001, 1.159919027586675e+000, 9.391044023228301e-002,-3.944380072940319e-002, 1.272746861660226e+000,-5.123206485298821e-001,-2.719874376461695e-001
 2.111000000000000e+001, 1.169282714588910e+000, 9.346682932728045e-002,-3.928844605195694e-002, 1.280603196214092e+000,-5.150869005074762e-001,-2.741559559716876e-001
 2.112000000000000e+001, 1.178431667985533e+000, 9.295629063890298e-002,-3.915036703416124e-002, 1.288354424844188e+000,-5.178068783194326e-001,-2.761549225142810e-001
 2.113000000000000e+001, 1.187361210664213e+000, 9.241045098643785e-002,-3.901200885893306e-002, 1.296046051886318e+000,-5.204985698066620e-001,-2.780403313643893e-001
 2.114000000000000e+001, 1.196079389924034e+000, 9.187487464513966e-002,-3.886305968037652e-002, 1.303724394475067e+000,-5.231800195607934e-001,-2.798767640071747e-001
 2.115000000000000e+001, 1.204596348938966e+000, 9.139315632817024e-002,-3.870098656515641e-002, 1.311429771144635e+000,-5.258687855026322e-001,-2.817199936318106e-001
 2.116000000000000e+001, 1.212916077556198e+000, 9.099551655982419e-002,-3.852972076817739e-002, 1.319191697030203e+000,-5.285810177189521e-001,-2.836046603152522e-001
 2.117000000000000e+001, 1.221034808089953e+000, 9.069583228963096e-002,-3.835818942816888e-002, 1.327026899911780e+000,-5.313295657533075e-001,-2.855411662622381e-001
 2.118000000000000e+001, 1.228942769726054e+000, 9.049252680946118e-002,-3.819733865411911e-002, 1.334938335384197e+000,-5.341219038642936e-001,-2.875182455088308e-001
 2.119000000000000e+001, 1.236626906083958e+000, 9.037154572651418e-002,-3.805581718818005e-002, 1.342914719051545e+000,-5.369593497241063e-001,-2.895086090903285e-001
 2.120000000000000e+001, 1.244075250088998e+000, 9.031203684061717e-002,-3.793674097054362e-002, 1.350931106632491e+000,-5.398377065912736e-001,-2.914769609429108e-001
 2.121000000000000e+001, 1.251282464753776e+000, 9.029355944326278e-002,-3.783685582919765e-002, 1.358950666059856e+000,-5.427483555821709e-001,-2.933885885982840e-001
 2.122000000000000e+001, 1.258253887715977e+000, 9.030187339887763e-002,-3.774727098232939e-002, 1.366927259939639e+000,-5.456789559033541e-001,-2.952155824227047e-001
 2.123000000000000e+001, 1.265007048972334e+000, 9.033076817532093e-002,-3.765509269411690e-002, 1.374808179832261e+000,-5.486136511483014e-001,-2.969385465549952e-001
 2.124000000000000e+001, 1.271571669294349e+000, 9.037968594192591e-002,-3.754626161015867e-002, 1.382536831285872e+000,-5.515332757773739e-001,-2.985440317317902e-001
 2.125000000000000e+001, 1.277988408880348e+000, 9.044813891421399e-002,-3.740850894407304e-002, 1.390055526410557e+000,-5.544157093756358e-001,-3.000196605960512e-001
 2.126000000000000e+001, 1.284305755347589e+000, 9.052882800147510e-002,-3.723209334331375e-002, 1.397308207259014e+000,-5.572360619998812e-001,-3.013495596543016e-001
 2.127000000000000e+001, 1.290575001255931e+000, 9.060297082123459e-002,-3.700815169588357e-002, 1.404243151788455e+000,-5.599670568504649e-001,-3.025125755147835e-001
 2.128000000000000e+001, 1.296844764752013e+000, 9.064086689501871e-002,-3.672721360011647e-002, 1.410816255858740e+000,-5.625803012766935e-001,-3.034843950861495e-001
 2.129000000000000e+001, 1.303157304878536e+000, 9.060767647760670e-002,-3.637940958755293e-002, 1.416994789685270e+000,-5.650484213630416e-001,-3.042425768065680e-001
 2.130000000000000e+001, 1.309546596079622e+000, 9.047164142422570e-002,-3.595513874513855e-002, 1.422760523192526e+000,-5.673479336221263e-001,-3.047724620071515e-001
 2.131000000000000e+001, 1.316036510585098e+000, 9.021155660455915e-002,-3.544529830539780e-002, 1.428111749507875e+000,-5.694622959459027e-001,-3.050721068649879e-001
 2.132000000000000e+001, 1.322639717527036e+000, 8.982120821403283e-002,-3.484180141853929e-002, 1.433064647353446e+000,-5.713836423384662e-001,-3.051547465555105e-001
 2.133000000000000e+001, 1.329358003846137e+000, 8.931107998916743e-002,-3.413900473159032e-002, 1.437654103426539e+000,-5.731129765760942e-001,-3.050492046171034e-001
 2.134000000000000e+001, 1.336183133998109e+000, 8.870958082049563e-002,-3.333658635029631e-002, 1.441933657916023e+000,-5.746602136060228e-001,-3.047993075113946e-001
 2.135000000000000e+001, 1.343097980724936e+000, 8.806275096712990e-002,-3.244333663170305e-002, 1.445973399711217e+000,-5.760443263976898e-001,-3.044607017669696e-001
 2.136000000000000e+001, 1.350078905957023e+000, 8.743062762343667e-002,-3.148248307964725e-002, 1.449855159960320e+000,-5.772928602422184e-001,-3.040946543636144e-001
 2.137000000000000e+001, 1.357090902130878e+000, 8.687537531029244e-002,-3.048271086501917e-002, 1.453661840041145e+000,-5.784399637098245e-001,-3.037585828353999e-001
 2.138000000000000e+001, 1.364093864449363e+000, 8.645633480771742e-002,-2.948807445166526e-002, 1.457472841226132e+000,-5.795248166909485e-001,-3.035003749610660e-001
 2.139000000000000e+001, 1.371039301142271e+000, 8.621777118617224e-002,-2.854607176942796e-002, 1.461356621026619e+000,-5.805880236482862e-001,-3.033514349290761e-001
 2.140000000000000e+001, 1.377875309177500e+000, 8.618416042192267e-002,-2.770618842510797e-002, 1.465368617457424e+000,-5.816681702211153e-001,-3.033238347124125e-001
 2.141000000000000e+001, 1.384554912808839e+000, 8.636309055429736e-002,-2.702488751950868e-002, 1.469551778900539e+000,-5.827985766682312e-001,-3.034123450128963e-001
 2.142000000000000e+001, 1.391031659477046e+000, 8.673979684997746e-002,-2.654231714487102e-002, 1.473931277358915e+000,-5.840048822369810e-001,-3.035913490849668e-001
 2.143000000000000e+001, 1.397277986691280e+000, 8.729397060197819e-002,-2.630781858093859e-002, 1.478523193680641e+000,-5.853040287945688e-001,-3.038296245589345e-001
 2.144000000000000e+001, 1.403281251186357e+000, 8.799492029568712e-002,-2.635456574402843e-002, 1.483330670322276e+000,-5.867038588766556e-001,-3.040926299405068e-001
 2.145000000000000e+001, 1.409050528178772e+000, 8.880743724892670e-002,-2.670165081434783e-002, 1.488346691691594e+000,-5.882031591639989e-001,-3.043513108205845e-001
 2.146000000000000e+001, 1.414607845837490e+000, 8.968421439628349e-002,-2.732637876125547e-002, 1.493549767863585e+000,-5.897923987338719e-001,-3.045773640838972e-001
 2.147000000000000e+001, 1.419999956640647e+000, 9.057619619527269e-002,-2.818896206977734e-002, 1.498910469324046e+000,-5.914548843253974e-001,-3.047466327694120e-001
 2.148000000000000e+001, 1.425285379924723e+000, 9.142665626849000e-002,-2.921715249337011e-002, 1.504386698084139e+000,-5.931687633367168e-001,-3.048299463335145e-001
 2.149000000000000e+001, 1.430523898898427e+000, 9.218147589119186e-002,-3.032599045377424e-002, 1.509925598625854e+000,-5.949098340361797e-001,-3.047983181411709e-001
 2.150000000000000e+001, 1.435761743916892e+000, 9.280081454379729e-002,-3.144001695361149e-002, 1.515465943029376e+000,-5.966540657003685e-001,-3.046321737814073e-001
 2.151000000000000e+001, 1.441025764844013e+000, 9.326417944741339e-002,-3.250706868654115e-002, 1.520940984375213e+000,-5.983786655346591e-001,-3.043249667072080e-001
 2.152000000000000e+001, 1.446325257283818e+000, 9.356603618321002e-002,-3.349285580700763e-002, 1.526280670168612e+000,-6.000621474503891e-001,-3.038779161125626e-001
 2.153000000000000e+001, 1.451666523982100e+000, 9.371813269737173e-002,-3.439358352966728e-002, 1.531419108214604e+000,-6.016834440137636e-001,-3.033003308347536e-001
 2.154000000000000e+001, 1.457045744791528e+000, 9.373744800952633e-002,-3.520441102543995e-002, 1.536293314663255e+000,-6.032211418380977e-001,-3.026005377294698e-001
 2.155000000000000e+001, 1.462460409809006e+000, 9.365091412135884e-002,-3.593873334072670e-002, 1.540851029948888e+000,-6.046527605693374e-001,-3.017883508381122e-001
 2.156000000000000e+001, 1.467908151322639e+000, 9.348853139166291e-002,-3.662163882498533e-002, 1.545052733521618e+000,-6.059561589511265e-001,-3.008695673764514e-001
 2.157000000000000e+001, 1.473385806626658e+000, 9.327576985570873e-002,-3.728475153010040e-002, 1.548873410933642e+000,-6.071126529451359e-001,-2.998412659682228e-001
 2.158000000000000e+001, 1.478887896875982e+000, 9.302776331347995e-002,-3.796044557015565e-002, 1.552303789613093e+000,-6.081099738346449e-001,-2.986889789706566e-001
 2.159000000000000e+001, 1.484406219588552e+000, 9.274784268070069e-002,-3.867728123998065e-002, 1.555350795460696e+000,-6.089432147026634e-001,-2.973868562449614e-001
 2.160000000000000e+001, 1.489934020169045e+000, 9.243381362300074e-002,-3.946526713899456e-002, 1.558038057669665e+000,-6.096140424953815e-001,-2.959032344106128e-001
 2.161000000000000e+001, 1.495458302675147e+000, 9.207995966059923e-002,-4.033894433868644e-002, 1.560400777325300e+000,-6.101301092169684e-001,-2.942042247025554e-001
 2.162000000000000e+001, 1.500968976357894e+000, 9.169093169056386e-002,-4.132789247436648e-002, 1.562487802526090e+000,-6.105035070352610e-001,-2.922706037338741e-001
 2.163000000000000e+001, 1.506447045008246e+000, 9.127607835064389e-002,-4.245286691197669e-002, 1.564353688734738e+000,-6.107496119819136e-001,-2.901013093328088e-001
 2.164000000000000e+001, 1.511868714149292e+000, 9.085099568455823e-002,-4.372691953925312e-002, 1.566055598666965e+000,-6.108848632817524e-001,-2.877191955716290e-001
 2.165000000000000e+001, 1.517200275708980e+000, 9.043059185571645e-002,-4.512782355007843e-002, 1.567645790581078e+000,-6.109259404613679e-001,-2.851628020454236e-001
 2.166000000000000e+001, 1.522412859864219e+000, 9.003544653388662e-002,-4.662483118718801e-002, 1.569173138029770e+000,-6.108895974257009e-001,-2.824847637687151e-001
 2.167000000000000e+001, 1.527474870448814e+000, 8.968480605241558e-002,-4.816537135291938e-002, 1.570678025340595e+000,-6.107949748363761e-001,-2.797396512350704e-001
 2.168000000000000e+001, 1.532351869022750e+000, 8.939714404129284e-002,-4.969243256844400e-002, 1.572192786172477e+000,-6.106656296930970e-001,-2.769823734077531e-001
 2.169000000000000e+001, 1.537003948911330e+000, 8.918880171980947e-002,-5.115725553674388e-002, 1.573742434243861e+000,-6.105301785520318e-001,-2.742685321532669e-001
 2.170000000000000e+001, 1.541383350453108e+000, 8.906971206625691e-002,-5.251998496821484e-002, 1.575344765915058e+000,-6.104204981452146e-001,-2.716527619333706e-001
 2.171000000000000e+001, 1.545444802759949e+000, 8.904513843293804e-002,-5.376572674214957e-002, 1.577013551590039e+000,-6.103674495759502e-001,-2.691901874653420e-001
 2.172000000000000e+001, 1.549139475379771e+000, 8.910854578171112e-002,-5.487183549252873e-002, 1.578754948142023e+000,-6.103975286456645e-001,-2.669268087936697e-001
 2.173000000000000e+001, 1.552427567003877e+000, 8.924868512355344e-002,-5.582026041274675e-002, 1.580570129012526e+000,-6.105297986928981e-001,-2.649017022912091e-001
 2.174000000000000e+001, 1.555279810474662e+000, 8.945069640669101e-002,-5.658695313820065e-002, 1.582453831601617e+000,-6.107753680795812e-001,-2.631443981615834e-001
 2.175000000000000e+001, 1.557689377974778e+000, 8.970305205837770e-002,-5.716459317744793e-002, 1.584397041075499e+000,-6.111371538767711e-001,-2.616791316979955e-001
 2.176000000000000e+001, 1.559663094514972e+000, 8.999076453826915e-002,-5.754014247068037e-002, 1.586383241990055e+000,-6.116108427550652e-001,-2.605176033458249e-001
 2.177000000000000e+001, 1.561227583698312e+000, 9.029847843218941e-002,-5.771575168669410e-002, 1.588391200292192e+000,-6.121847366125530e-001,-2.596613667317568e-001
 2.178000000000000e+001, 1.562422024621266e+000, 9.060893884058840e-002,-5.770309656554782e-002, 1.590394809787952e+000,-6.128404716346863e-001,-2.590999161034048e-001
 2.179000000000000e+001, 1.563289707555821e+000, 9.090345992537019e-002,-5.751662527677001e-002, 1.592363203995858e+000,-6.135539044267646e-001,-2.588108157408938e-001
 2.180000000000000e+001, 1.563880838723124e+000, 9.116862594503883e-002,-5.719045389619123e-002, 1.594263998005295e+000,-6.142958832573230e-001,-2.587666625887670e-001
 2.181000000000000e+001, 1.564241364441994e+000, 9.139201606754432e-002,-5.675318611099991e-002, 1.596060694540987e+000,-6.150350859794120e-001,-2.589329296654034e-001
 2.182000000000000e+001, 1.564416773130575e+000, 9.156471434509617e-002,-5.623638116958720e-002, 1.597715249116549e+000,-6.157404343108435e-001,-2.592721868752993e-001
 2.183000000000000e+001, 1.564457345381285e+000, 9.168355523079019e-002,-5.568485270664647e-002, 1.599191654737072e+000,-6.163827847692441e-001,-2.597489106426096e-001
 2.184000000000000e+001, 1.564404320859693e+000, 9.174560679516475e-002,-5.512582127171285e-002, 1.600454116781092e+000,-6.169366407440098e-001,-2.603235850421027e-001
 2.185000000000000e+001, 1.564293847535096e+000, 9.175318669647781e-002,-5.458170100044492e-002, 1.601471016086363e+000,-6.173803952205539e-001,-2.609600306154645e-001
 2.186000000000000e+001, 1.564154593852040e+000, 9.171516799121604e-002,-5.406696099298485e-002, 1.602216441229866e+000,-6.176964308152627e-001,-2.616287556104993e-001
 2.187000000000000e+001, 1.564007744015170e+000, 9.164777703449123e-002,-5.358909430323932e-002, 1.602671673399337e+000,-6.178710670698039e-001,-2.623095778261650e-001
 2.188000000000000e+001, 1.563867874722558e+000, 9.157374659940998e-002,-5.315093931419546e-002, 1.602825735088773e+000,-6.178943248629113e-001,-2.629916484550237e-001
 2.189000000000000e+001, 1.563743723009331e+000, 9.151903994264132e-002,-5.275234120664073e-002, 1.602674880655512e+000,-6.177596093973711e-001,-2.636713443292754e-001
 2.190000000000000e+001, 1.563638275126059e+000, 9.150723113500359e-002,-5.239057338449969e-002, 1.602221498343031e+000,-6.174640812959189e-001,-2.643489576768661e-001
 2.191000000000000e+001, 1.563548319482207e+000, 9.155275932415985e-002,-5.205969204986523e-002, 1.601472748316243e+000,-6.170094940021577e-001,-2.650237024329016e-001
 2.192000000000000e+001, 1.563464125352381e+000, 9.165550492847685e-002,-5.174972498420125e-002, 1.600439165888706e+000,-6.164023780839699e-001,-2.656876317625283e-001
 2.193000000000000e+001, 1.563369442149625e+000, 9.180012676346894e-002,-5.144801186980551e-002, 1.599133867329512e+000,-6.156535489588980e-001,-2.663219553850342e-001
 2.194000000000000e+001, 1.563241631692403e+000, 9.196200987663072e-002,-5.114397457833775e-002, 1.597572914655443e+000,-6.147775333724125e-001,-2.668989273924236e-001
 2.195000000000000e+001, 1.563052746829931e+000, 9.211650890312373e-002,-5.083459124478670e-002, 1.595776219107875e+000,-6.137918829695258e-001,-2.673881552997489e-001
 2.196000000000000e+001, 1.562772584839869e+000, 9.224552171072564e-002,-5.052648457990471e-002, 1.593767750038833e+000,-6.127164590494117e-001,-2.677629833615516e-001
 2.197000000000000e+001, 1.562372981455163e+000, 9.233925222464512e-002,-5.023387071288898e-002, 1.591574622217308e+000,-6.115729226426908e-001,-2.680043080500615e-001
 2.198000000000000e+001, 1.561831414054261e+000, 9.239492320201959e-002,-4.997436482164300e-002, 1.589225244825908e+000,-6.103840851578479e-001,-2.681024920563346e-001
 2.199000000000000e+001, 1.561132137506392e+000, 9.241405895985522e-002,-4.976434434846599e-002, 1.586747022970056e+000,-6.091727128150550e-001,-2.680579631700752e-001
 2.200000000000000e+001, 1.560263601068844e+000, 9.239965387267501e-002,-4.961539575423157e-002, 1.584164775839578e+000,-6.079598373342728e-001,-2.678796571037717e-001
 2.201000000000000e+001, 1.559213391521643e+000, 9.235467933214991e-002,-4.953295651028278e-002, 1.581500435208916e+000,-6.067633634201429e-001,-2.675821929512884e-001
 2.202000000000000e+001, 1.557965223952584e+000, 9.228170515259859e-002,-4.951603334099489e-002, 1.578772837349281e+000,-6.055977857549969e-001,-2.671840770182779e-001
 2.203000000000000e+001, 1.556500758225396e+000, 9.218284553106049e-002,-4.955665237153020e-002, 1.575996752063719e+000,-6.044744034670512e-001,-2.667072392189238e-001
 2.204000000000000e+001, 1.554803708430771e+000, 9.206044077197984e-002,-4.963947146618581e-002, 1.573182090513210e+000,-6.034008365189441e-001,-2.661770979514023e-001
 2.205000000000000e+001, 1.552861894177008e+000, 9.191811917214698e-002,-4.974192138818900e-002, 1.570333996026514e+000,-6.023797277246008e-001,-2.656225944246600e-001
 2.206000000000000e+001, 1.550665969773087e+000, 9.176117715099563e-002,-4.983532979500768e-002, 1.567453255068258e+000,-6.014076632215420e-001,-2.650749910031329e-001
 2.207000000000000e+001, 1.548207932752253e+000, 9.159654833967568e-002,-4.988842808335046e-002, 1.564536704559672e+000,-6.004756171864069e-001,-2.645646862737248e-001
 2.208000000000000e+001, 1.545482587663573e+000, 9.143288703418961e-002,-4.987303890945467e-002, 1.561578026012168e+000,-5.995710896327237e-001,-2.641174820360402e-001
 2.209000000000000e+001, 1.542490410692353e+000, 9.127996342029587e-002,-4.976889817390601e-002, 1.558568770109500e+000,-5.986806533889799e-001,-2.637517659253105e-001
 2.210000000000000e+001, 1.539237776846658e+000, 9.114635138936045e-002,-4.956506801572708e-002, 1.555498913267762e+000,-5.977918234113696e-001,-2.634759784274158e-001
 2.211000000000000e+001, 1.535734045118848e+000, 9.103674757972713e-002,-4.925952796709169e-002, 1.552357313730294e+000,-5.968941443436434e-001,-2.632869161318963e-001
 2.212000000000000e+001, 1.531989600483536e+000, 9.095119801543827e-002,-4.886032407018090e-002, 1.549132875570136e+000,-5.959793125153950e-001,-2.631711694939494e-001
 2.213000000000000e+001, 1.528016975607921e+000, 9.088570855335409e-002,-4.838750614158585e-002, 1.545815793030159e+000,-5.950401795010231e-001,-2.631090303840778e-001
 2.214000000000000e+001, 1.523831842114674e+000, 9.083280074634459e-002,-4.787202549211846e-002, 1.542397977037605e+000,-5.940697693336259e-001,-2.630776506510697e-001
 2.215000000000000e+001, 1.519451715859167e+000, 9.078212089691773e-002,-4.735137260406058e-002, 1.538873008215252e+000,-5.930615919010903e-001,-2.630521584276594e-001
 2.216000000000000e+001, 1.514893555113326e+000, 9.072071032090912e-002,-4.686398825361795e-002, 1.535235882917451e+000,-5.920106951223673e-001,-2.630054023126306e-001
 2.217000000000000e+001, 1.510169072431829e+000, 9.063159127450970e-002,-4.643812889277672e-002, 1.531481640470130e+000,-5.909144556375920e-001,-2.629065747839459e-001
 2.218000000000000e+001, 1.505290574726214e+000, 9.049930793047234e-002,-4.610304838779009e-002, 1.527607043653688e+000,-5.897725929550560e-001,-2.627236904324242e-001
 2.219000000000000e+001, 1.500259695338347e+000, 9.030745983062638e-002,-4.586388641118357e-002, 1.523607353839658e+000,-5.885875163053366e-001,-2.624249645576331e-001
 2.220000000000000e+001, 1.495075610924457e+000, 9.004512151263300e-002,-4.571828790660040e-002, 1.519478882227056e+000,-5.873629558784976e-001,-2.619841337862008e-001
 2.221000000000000e+001, 1.489736048813471e+000, 8.970630797323254e-002,-4.565561698447233e-002, 1.515218553007924e+000,-5.861024817745000e-001,-2.613812753160317e-001
 2.222000000000000e+001, 1.484239023019195e+000, 8.928869588589050e-002,-4.565865179454864e-002, 1.510823293663242e+000,-5.848087485401496e-001,-2.606013906645982e-001
 2.223000000000000e+001, 1.478583825731708e+000, 8.879324040499381e-002,-4.570626465877650e-002, 1.506289811694020e+000,-5.834841321169687e-001,-2.596333698927197e-001
 2.224000000000000e+001, 1.472772393899677e+000, 8.822525989837593e-002,-4.577595244758169e-002, 1.501614857219678e+000,-5.821317815728525e-001,-2.584704130983658e-001
 2.225000000000000e+001, 1.466808272475841e+000, 8.759391154284657e-002,-4.584010912224239e-002, 1.496794408516718e+000,-5.807554038317725e-001,-2.571107297255397e-001
 2.226000000000000e+001, 1.460704536757230e+000, 8.691787136957596e-002,-4.588756766687994e-002, 1.491826450574641e+000,-5.793568309624626e-001,-2.555651900182331e-001
 2.227000000000000e+001, 1.454468891156136e+000, 8.621267059408200e-002,-4.589405618099261e-002, 1.486706571794872e+000,-5.779343361902333e-001,-2.538502125692794e-001
 2.228000000000000e+001, 1.448107900735443e+000, 8.549202128934219e-002,-4.583617833537438e-002, 1.481430654366658e+000,-5.764814464325776e-001,-2.519899202303693e-001
 2.229000000000000e+001, 1.441634416930843e+000, 8.477218276271903e-002,-4.570825426161208e-002, 1.475998480046926e+000,-5.749878995733050e-001,-2.500180432834711e-001
 2.230000000000000e+001, 1.435057521251552e+000, 8.406282811028820e-002,-4.549559217055498e-002, 1.470410360506298e+000,-5.734423132338153e-001,-2.479683954296101e-001
 2.231000000000000e+001, 1.428389233516653e+000, 8.337326590541827e-002,-4.519028045705895e-002, 1.464669937284581e+000,-5.718340917268667e-001,-2.458773946718904e-001
 2.232000000000000e+001, 1.421641886620940e+000, 8.271247527121006e-002,-4.478680928833503e-002, 1.458783727851130e+000,-5.701556490284986e-001,-2.437815986107509e-001
 2.233000000000000e+001, 1.414827087121640e+000, 8.209067013926785e-002,-4.428312771699387e-002, 1.452761322915915e+000,-5.684040765739981e-001,-2.417168543873548e-001
 2.234000000000000e+001, 1.407953945669676e+000, 8.151979840421419e-002,-4.368250660546908e-002, 1.446615086473768e+000,-5.665810881754924e-001,-2.397184665014366e-001
 2.235000000000000e+001, 1.401026200454810e+000, 8.101200182484081e-002,-4.299354855435821e-002, 1.440358927618229e+000,-5.646915909679455e-001,-2.378211410407127e-001
 2.236000000000000e+001, 1.394040385528631e+000, 8.057650861486176e-002,-4.222734700269248e-002, 1.434006522604512e+000,-5.627421766181892e-001,-2.360570288358307e-001
 2.237000000000000e+001, 1.386986654382751e+000, 8.021654803148182e-002,-4.139404489063648e-002, 1.427569350189924e+000,-5.607394568499468e-001,-2.344525912154010e-001
 2.238000000000000e+001, 1.379851170159887e+000, 7.992794205195342e-002,-4.050135380852167e-002, 1.421054613596818e+000,-5.586879636910160e-001,-2.330266150314908e-001
 2.239000000000000e+001, 1.372618960808606e+000, 7.969938965351986e-002,-3.955437179399039e-002, 1.414463582806381e+000,-5.565885703489263e-001,-2.317896996535437e-001
 2.240000000000000e+001, 1.365277351775824e+000, 7.951336507004947e-002,-3.855455039541465e-002, 1.407791215607122e+000,-5.544379727869225e-001,-2.307437727834470e-001
 2.241000000000000e+001, 1.357819034148232e+000, 7.934721220759888e-002,-3.749780828332386e-002, 1.401027178493019e+000,-5.522289167029438e-001,-2.298813215572678e-001
 2.242000000000000e+001, 1.350243384459458e+000, 7.917472160122907e-002,-3.637374109728910e-002, 1.394157524196646e+000,-5.499510766611530e-001,-2.291856757778040e-001
 2.243000000000000e+001, 1.342556066262160e+000, 7.896782028857063e-002,-3.516654279558962e-002, 1.387166221844923e+000,-5.475925335399633e-001,-2.286327460032828e-001
 2.244000000000000e+001, 1.334767386753866e+000, 7.869786605672080e-002,-3.385736781899427e-002, 1.380036236777128e+000,-5.451414408776417e-001,-2.281931227536723e-001
 2.245000000000000e+001, 1.326890593262516e+000, 7.833760418397318e-002,-3.242876958241083e-002, 1.372750873410395e+000,-5.425873884731819e-001,-2.278344433905006e-001
 2.246000000000000e+001, 1.318941125598489e+000, 7.786379579583347e-002,-3.086976227112001e-002, 1.365296151423598e+000,-5.399223864650543e-001,-2.275241391393016e-001
 2.247000000000000e+001, 1.310934901597978e+000, 7.725828250073619e-002,-2.917851581580573e-002, 1.357663015856462e+000,-5.371418581640098e-001,-2.272308130964983e-001
 2.248000000000000e+001, 1.302883657852328e+000, 7.650808461812098e-002,-2.736392118001157e-002, 1.349847836499982e+000,-5.342457079993493e-001,-2.269240938448409e-001
 2.249000000000000e+001, 1.294789666113685e+000, 7.560985557403388e-002,-2.545051601179348e-002, 1.341852481987093e+000,-5.312389450426283e-001,-2.265780179734348e-001
 2.250000000000000e+001, 1.286643507326100e+000, 7.458081668574712e-002,-2.348573610497510e-002, 1.333686312858475e+000,-5.281320447285106e-001,-2.261805115697146e-001
 2.251000000000000e+001, 1.278426296119053e+000, 7.346554029123609e-002,-2.153976075319701e-002, 1.325369267255419e+000,-5.249415852144409e-001,-2.257393772409513e-001
 2.252000000000000e+001, 1.270116969910145e+000, 7.232611549161350e-002,-1.969194053975164e-002, 1.316932749392934e+000,-5.216900709303209e-001,-2.252746520998082e-001
 2.253000000000000e+001, 1.261703872263620e+000, 7.122524813454834e-002,-1.801735452059737e-002, 1.308418360793111e+000,-5.184040874442888e-001,-2.248056553880787e-001
 2.254000000000000e+001, 1.253181386258843e+000, 7.020519042939144e-002,-1.655952918733879e-002, 1.299868490616172e+000,-5.151113698669242e-001,-2.243373166799292e-001
 2.255000000000000e+001, 1.244558141149951e+000, 6.930193868353651e-002,-1.535873759105193e-002, 1.291330365315109e+000,-5.118399578032171e-001,-2.238707443681339e-001
 2.256000000000000e+001, 1.235841469569851e+000, 6.853942568575366e-002,-1.443557902228011e-002, 1.282847451336946e+000,-5.086161678404622e-001,-2.234021597548873e-001
 2.257000000000000e+001, 1.227034202158525e+000, 6.793715728407812e-002,-1.379789397688287e-002, 1.274457936680327e+000,-5.054625683117107e-001,-2.229299603807430e-001
 2.258000000000000e+001, 1.218122872656487e+000, 6.750058296505168e-002,-1.341952294372954e-002, 1.266184646202278e+000,-5.023953358420397e-001,-2.224495825484684e-001
 2.259000000000000e+001, 1.209089199819351e+000, 6.723439223123795e-002,-1.326371909148842e-002, 1.258039533785282e+000,-4.994247167818640e-001,-2.219597691326924e-001
 2.260000000000000e+001, 1.199905902429941e+000, 6.713295116859741e-002,-1.326928388020773e-002, 1.250017799433236e+000,-4.965550648242194e-001,-2.214563730294505e-001
 2.261000000000000e+001, 1.190545111049391e+000, 6.718634854831485e-002,-1.336641877274428e-002, 1.242101300466952e+000,-4.937850619076590e-001,-2.209363369545202e-001
 2.262000000000000e+001, 1.180977653714703e+000, 6.737888313211249e-002,-1.347596543670645e-002, 1.234257036394390e+000,-4.911051987543856e-001,-2.204009498616543e-001
 2.263000000000000e+001, 1.171190281537992e+000, 6.770009312196446e-002,-1.353279344263952e-002, 1.226446037077913e+000,-4.884971336653654e-001,-2.198614956606684e-001
 2.264000000000000e+001, 1.161185330474217e+000, 6.814168842964863e-002,-1.348119548039679e-002, 1.218624118061921e+000,-4.859326410317871e-001,-2.193417458485058e-001
 2.265000000000000e+001, 1.150985577271094e+000, 6.869860049052878e-002,-1.328200528114523e-002, 1.210746967396028e+000,-4.833760569173707e-001,-2.188771124087749e-001
 2.266000000000000e+001, 1.140631462659216e+000, 6.936829223047991e-002,-1.291360224246512e-002, 1.202774250053292e+000,-4.807894949846046e-001,-2.185067015020742e-001
 2.267000000000000e+001, 1.130173325966881e+000, 7.014938151283445e-002,-1.236877433961145e-002, 1.194673518816009e+000,-4.781392918409867e-001,-2.182612053118689e-001
 2.268000000000000e+001, 1.119663380076885e+000, 7.103859866307971e-002,-1.165124534427907e-002, 1.186422746709084e+000,-4.754004323349542e-001,-2.181539765677132e-001
 2.269000000000000e+001, 1.109149626189651e+000, 7.202679197477613e-002,-1.077473748575317e-002, 1.178010651015998e+000,-4.725579810056149e-001,-2.181778679627095e-001
 2.270000000000000e+001, 1.098671893381479e+000, 7.309662128550376e-002,-9.763986360466022e-003, 1.169435702824872e+000,-4.696066755603764e-001,-2.183054441866658e-001
 2.271000000000000e+001, 1.088259254291965e+000, 7.422296311532683e-002,-8.653995818314823e-003, 1.160704311325732e+000,-4.665493607115895e-001,-2.184909125665904e-001
 2.272000000000000e+001, 1.077928460562970e+000, 7.537531473756731e-002,-7.485667239391478e-003, 1.151828216944377e+000,-4.633947309317825e-001,-2.186738485436599e-001
 2.273000000000000e+001, 1.067684596258471e+000, 7.652092812471456e-002,-6.300447521587746e-003, 1.142821699575124e+000,-4.601547917488258e-001,-2.187849236308171e-001
 2.274000000000000e+001, 1.057522377064867e+000, 7.762640695035694e-002,-5.136140039154102e-003, 1.133698519702672e+000,-4.568419487472404e-001,-2.187529084907320e-001
 2.275000000000000e+001, 1.047424244186604e+000, 7.865674133849177e-002,-4.024022986072901e-003, 1.124468074771580e+000,-4.534660258985400e-001,-2.185107264075528e-001
 2.276000000000000e+001, 1.037357648114317e+000, 7.957623817034465e-002,-2.988030277111487e-003, 1.115132566300435e+000,-4.500324721277908e-001,-2.180005744308338e-001
 2.277000000000000e+001, 1.027278951616535e+000, 8.035661315402076e-002,-2.044761452309935e-003, 1.105688083748491e+000,-4.465428820587039e-001,-2.171813878801328e-001
 2.278000000000000e+001, 1.017144577209296e+000, 8.098731247725777e-002,-1.201536489242091e-003, 1.096128751663832e+000,-4.429970711510208e-001,-2.160370836666050e-001
 2.279000000000000e+001, 1.006922165575011e+000, 8.147830809585099e-002,-4.540773092415312e-004, 1.086450472776632e+000,-4.393947405558396e-001,-2.145793320761304e-001
 2.280000000000000e+001, 9.965959906777047e-001, 8.185463919554947e-002, 2.125507638307476e-004, 1.076652865748852e+000,-4.357360774641690e-001,-2.128436101880133e-001
 2.281000000000000e+001, 9.861661502307159e-001, 8.214745863967132e-002, 8.206538892963255e-004, 1.066739598624641e+000,-4.320217196013748e-001,-2.108819585872130e-001
 2.282000000000000e+001, 9.756444711353618e-001, 8.238520058673893e-002, 1.396962977275706e-003, 1.056717692411766e+000,-4.282522432577319e-001,-2.087555210683948e-001
 2.283000000000000e+001, 9.650502851370340e-001, 8.258849796314527e-002, 1.970364699182178e-003, 1.046596961764561e+000,-4.244276402593528e-001,-2.065292828303396e-001
 2.284000000000000e+001, 9.544070557214079e-001, 8.276951704740032e-002, 2.570512391391338e-003, 1.036389782650960e+000,-4.205475930530641e-001,-2.042690566717050e-001
 2.285000000000000e+001, 9.437392926403796e-001, 8.293337509956134e-002, 3.226802584683869e-003, 1.026110396533714e+000,-4.166126338791917e-001,-2.020377679341495e-001
 2.286000000000000e+001, 9.330691924712917e-001, 8.308036260532359e-002, 3.965764721731510e-003, 1.015773686816540e+000,-4.126254143314261e-001,-1.998890831452275e-001
 2.287000000000000e+001, 9.224131361671726e-001, 8.320804283924743e-002, 4.807166269689364e-003, 1.005393767940748e+000,-4.085911000204262e-001,-1.978605611716782e-001
 2.288000000000000e+001, 9.117796289787011e-001, 8.331291328161594e-002, 5.760300795421353e-003, 9.949828560608018e-001,-4.045165603040544e-001,-1.959705379454109e-001
 2.289000000000000e+001, 9.011700584974591e-001, 8.339181340818480e-002, 6.820638781426256e-003, 9.845509709178089e-001,-4.004092058973557e-001,-1.942191965664507e-001
 2.290000000000000e+001, 8.905803544591613e-001, 8.344205047691666e-002, 7.968445852397445e-003, 9.741057914879642e-001,-3.962763947700040e-001,-1.925905458460297e-001
 2.291000000000000e+001, 8.800018516915915e-001, 8.346065597562125e-002, 9.171514885867149e-003, 9.636517145372718e-001,-3.921254728654882e-001,-1.910538431467626e-001
 2.292000000000000e+001, 8.694232417977855e-001, 8.344457023432317e-002, 1.039062058405321e-002, 9.531887118632462e-001,-3.879641283852840e-001,-1.895651254301482e-001
 2.293000000000000e+001, 8.588336666121936e-001, 8.339103596191388e-002, 1.158516086007461e-002, 9.427117020192325e-001,-3.838002648612078e-001,-1.880698234179653e-001
 2.294000000000000e+001, 8.482247437203077e-001, 8.329671553189089e-002, 1.271839323915769e-002, 9.322106333404425e-001,-3.796407276849272e-001,-1.865073974569431e-001
 2.295000000000000e+001, 8.375924861696612e-001, 8.315668064004522e-002, 1.376106966344649e-002, 9.216720766100311e-001,-3.754893727346915e-001,-1.848180285327950e-001
 2.296000000000000e+001, 8.269398900614789e-001, 8.296465359712224e-002, 1.469222275177227e-002, 9.110819953703591e-001,-3.713453362304553e-001,-1.829502744249237e-001
 2.297000000000000e+001, 8.162779777424346e-001, 8.271407538211895e-002, 1.549827787987388e-002, 9.004279707080756e-001,-3.672022929015146e-001,-1.808674824057751e-001
 2.298000000000000e+001, 8.056240971220148e-001, 8.239963946450812e-002, 1.617190393791929e-002, 8.897002402533495e-001,-3.630493615214933e-001,-1.785511698874760e-001
 2.299000000000000e+001, 7.938962036046104e-001, 8.144755211389598e-002, 1.747451893103895e-002, 8.777423348843318e-001,-3.584305424432533e-001,-1.755474514850754e-001
 2.300000000000000e+001, 7.819462318714198e-001, 8.037926910036752e-002, 1.870277019793359e-002, 8.653743665134631e-001,-3.536334897191429e-001,-1.722186711079710e-001
 2.301000000000000e+001, 7.714529918931223e-001, 7.989871640703861e-002, 1.893166134369607e-002, 8.544191336064597e-001,-3.493622781441159e-001,-1.692663612927543e-001
 2.302000000000000e+001, 7.610401819630999e-001, 7.937675806723932e-002, 1.904505866505861e-002, 8.433842806661789e-001,-3.450354094888884e-001,-1.661686090155148e-001
 2.303000000000000e+001, 7.507154083641492e-001, 7.882271101671878e-002, 1.905947418993919e-002, 8.322688402851628e-001,-3.406443386582664e-001,-1.629642147969836e-001
 2.304000000000000e+001, 7.404817096322023e-001, 7.825019114425635e-002, 1.898807860310699e-002, 8.210727521377959e-001,-3.361842510662744e-001,-1.596930008175597e-001
 2.305000000000000e+001, 7.303573135798267e-001, 7.766671372759704e-002, 1.884670662772369e-002, 8.097960113662025e-001,-3.316520657958538e-001,-1.563803400882658e-001
 2.306000000000000e+001, 7.203348133955908e-001, 7.708392158454736e-002, 1.863760284549047e-002, 7.984353861907593e-001,-3.270480331930999e-001,-1.530487310459182e-001
 2.307000000000000e+001, 7.104235673176566e-001, 7.650555296480310e-002, 1.836339810054435e-002, 7.869886287220904e-001,-3.223741531942738e-001,-1.497013367598542e-001
 2.308000000000000e+001, 7.006284107260792e-001, 7.593348031261149e-002, 1.802095102330172e-002, 7.754529288445335e-001,-3.176348440410799e-001,-1.463297449499680e-001
 2.309000000000000e+001, 6.909522670295142e-001, 7.536691541425422e-002, 1.760258254532886e-002, 7.638261426852188e-001,-3.128364778820947e-001,-1.429143438756777e-001
 2.310000000000000e+001, 6.813945794178249e-001, 7.480327857606239e-002, 1.709541366968224e-002, 7.521092966281023e-001,-3.079873255799144e-001,-1.394270052425116e-001
 2.311000000000000e+001, 6.719506798655259e-001, 7.424008982193131e-002, 1.648212647690260e-002, 7.403100892193156e-001,-3.030979995221810e-001,-1.358354662648175e-001
 2.312000000000000e+001, 6.626125033148889e-001, 7.367714351189014e-002, 1.574356638349257e-002, 7.284449173947976e-001,-2.981815871180435e-001,-1.321098231545419e-001
 2.313000000000000e+001, 6.533714194678579e-001, 7.311673464504698e-002, 1.486222639643326e-002, 7.165373388860078e-001,-2.932520479093043e-001,-1.282279014738886e-001
 2.314000000000000e+001, 6.442225868407754e-001, 7.256186793084840e-002, 1.382495758315059e-002, 7.046145087299707e-001,-2.883216707538278e-001,-1.241767404003209e-001
 2.315000000000000e+001, 6.351673271460111e-001, 7.201481818104516e-002, 1.262392885403366e-002, 6.927047503136796e-001,-2.834001762896838e-001,-1.199515901640526e-001
 2.316000000000000e+001, 6.262119481396421e-001, 7.147693869261507e-002, 1.125677973312820e-002, 6.808366331006159e-001,-2.784959817587671e-001,-1.155547654024196e-001
 2.317000000000000e+001, 6.173662041968971e-001, 7.094900320724928e-002, 9.727333377357246e-003, 6.690384120959010e-001,-2.736180532419404e-001,-1.109954049130804e-001
 2.318000000000000e+001, 6.086442805888673e-001, 7.043152233394667e-002, 8.047379886544175e-003, 6.573379474247856e-001,-2.687774434866059e-001,-1.062909594551126e-001
 2.319000000000000e+001, 6.000671324656632e-001, 6.992551453755103e-002, 6.238846059700912e-003, 6.457638008356231e-001,-2.639887416605865e-001,-1.014710563366418e-001
 2.320000000000000e+001, 5.916634461651251e-001, 6.943454395215376e-002, 4.334906428659613e-003, 6.343474508092946e-001,-2.592716211803348e-001,-9.658203613708320e-002
 2.321000000000000e+001, 5.834691593722320e-001, 6.896678216872609e-002, 2.378850365312998e-003, 6.231258030601781e-001,-2.546517837580064e-001,-9.168788590187342e-002
 2.322000000000000e+001, 5.755275138139971e-001, 6.853518398076575e-002, 4.199429257428668e-004, 6.121434313253487e-001,-2.501602512396987e-001,-8.686601243951149e-002
 2.323000000000000e+001, 5.678880460395813e-001, 6.815607745441388e-002,-1.492729391860576e-003, 6.014546711626830e-001,-2.458311234289173e-001,-8.220049597734945e-002
 2.324000000000000e+001, 5.606010330301950e-001, 6.784718797816125e-002,-3.315796891525962e-003, 5.911250953919607e-001,-2.416990605782592e-001,-7.777491781167192e-002
 2.325000000000000e+001, 5.537096227294056e-001, 6.762562703733432e-002,-5.015666044459200e-003, 5.812308844826537e-001,-2.377972834442901e-001,-7.366519057106601e-002
 2.326000000000000e+001, 5.472440689951290e-001, 6.750589527667716e-002,-6.571940666464085e-003, 5.718550780204391e-001,-2.341557752391460e-001,-6.993186382740881e-002
 2.327000000000000e+001, 5.412186042738797e-001, 6.749722399108982e-002,-7.979657064067766e-003, 5.630813556320463e-001,-2.307996074190340e-001,-6.661198050916566e-002
 2.328000000000000e+001, 5.356310576267260e-001, 6.760045311517726e-002,-9.248915366184602e-003, 5.549868566082628e-001,-2.277479190521778e-001,-6.371373157768195e-002
 2.329000000000000e+001, 5.304655001978376e-001, 6.780549100850153e-002,-1.040134607842901e-002, 5.476347242295366e-001,-2.250131149554178e-001,-6.121673315062701e-002
 2.330000000000000e+001, 5.256967102300857e-001, 6.809031556587164e-002,-1.146359044707083e-002, 5.410670111994743e-001,-2.225997326347836e-001,-5.907732667466305e-002
 2.331000000000000e+001, 5.212967633057836e-001, 6.842313723801152e-002,-1.245936996419393e-002, 5.353000796651997e-001,-2.205040003878550e-001,-5.723823054490925e-002
 2.332000000000000e+001, 5.172439652063499e-001, 6.876843726056903e-002,-1.340321720090734e-002, 5.303244355864734e-001,-2.187147509380015e-001,-5.564174103002085e-002
 2.333000000000000e+001, 5.135295216826703e-001, 6.909459045915600e-002,-1.429839309195019e-002, 5.261082437327230e-001,-2.172148102519517e-001,-5.424221874487713e-002
 2.334000000000000e+001, 5.101568708294946e-001, 6.937946260432937e-002,-1.513913247650261e-002, 5.226018760535396e-001,-2.159821815441397e-001,-5.301187821889876e-002
 2.335000000000000e+001, 5.071494727382419e-001, 6.960991626640412e-002,-1.591201902055623e-002, 5.197629236531599e-001,-2.149988454142672e-001,-5.194331280824120e-002
 2.336000000000000e+001, 5.045012911270111e-001, 6.978727062089440e-002,-1.660866574822264e-002, 5.174838085958639e-001,-2.142220586612036e-001,-5.102112393615071e-002
 2.337000000000000e+001, 5.021409152697830e-001, 6.992504935775079e-002,-1.723940384632764e-002, 5.155974056968136e-001,-2.135876928471979e-001,-5.020867737562444e-002
