Main.Studies.MarkerTracking.t,Main.Studies.MarkerTracking.JointAngleOutputs.OutputFile6.SternoClavicularProtraction,Main.Studies.MarkerTracking.JointAngleOutputs.OutputFile6.SternoClavicularElevation,Main.Studies.MarkerTracking.JointAngleOutputs.OutputFile6.SternoClavicularAxialRotation,Main.Studies.MarkerTracking.JointAngleOutputs.OutputFile6.GlenohumeralFlexion,Main.Studies.MarkerTracking.JointAngleOutputs.OutputFile6.GlenohumeralExternalRotation,Main.Studies.MarkerTracking.JointAngleOutputs.OutputFile6.GlenohumeralAbduction,Main.Studies.MarkerTracking.JointAngleOutputs.OutputFile6.ElbowFlexion,Main.Studies.MarkerTracking.JointAngleOutputs.OutputFile6.ElbowPronation,Main.Studies.MarkerTracking.JointAngleOutputs.OutputFile6.WristFlexion,Main.Studies.MarkerTracking.JointAngleOutputs.OutputFile6.WristAbduction
 5.620000000000000e+000,-2.334318648735830e-001, 2.436726275933285e-001,-3.490637722491976e-001, 5.235987755982987e-001,-1.134464013796314e+000, 0.000000000000000e+000, 2.094395102393196e+000, 0.000000000000000e+000, 0.000000000000000e+000, 0.000000000000000e+000
 5.630000000000000e+000,-2.338970527023331e-001, 2.458361111274938e-001,-3.490638045986771e-001, 5.235987755982987e-001,-1.134464013796314e+000, 0.000000000000000e+000, 2.094395102393195e+000, 0.000000000000000e+000, 2.220446049250313e-016, 0.000000000000000e+000
 5.640000000000000e+000,-2.343905915424323e-001, 2.480354890987391e-001,-3.490638361630425e-001, 5.235987755982987e-001,-1.134464013796314e+000, 0.000000000000000e+000, 2.094395102393196e+000, 0.000000000000000e+000, 2.220446049250313e-016, 0.000000000000000e+000
 5.650000000000000e+000,-2.349188375532757e-001, 2.502582185071560e-001,-3.490638675775135e-001, 5.235987755982987e-001,-1.134464013796314e+000, 0.000000000000000e+000, 2.094395102393195e+000, 0.000000000000000e+000, 0.000000000000000e+000, 0.000000000000000e+000
 5.660000000000000e+000,-2.354727940753218e-001, 2.524676724724237e-001,-3.490638978745089e-001, 5.235987755982992e-001,-1.134464013796314e+000, 0.000000000000000e+000, 2.094395102393196e+000, 0.000000000000000e+000, 0.000000000000000e+000, 0.000000000000000e+000
 5.670000000000000e+000,-2.360281894872315e-001, 2.546197697741195e-001,-3.490639261685806e-001, 5.235987755982992e-001,-1.134464013796314e+000, 0.000000000000000e+000, 2.094395102393195e+000, 0.000000000000000e+000, 0.000000000000000e+000, 0.000000000000000e+000
 5.680000000000000e+000,-2.365512784714752e-001, 2.566665205690888e-001,-3.490639515951080e-001, 5.235987755982987e-001,-1.134464013796315e+000, 0.000000000000000e+000, 2.094395102393195e+000, 0.000000000000000e+000, 0.000000000000000e+000, 0.000000000000000e+000
 5.690000000000000e+000,-2.370012975004492e-001, 2.585595155634790e-001,-3.490639734054647e-001, 5.235987755982992e-001,-1.134464013796314e+000, 0.000000000000000e+000, 2.094395102393195e+000, 0.000000000000000e+000, 2.220446049250313e-016, 0.000000000000000e+000
 5.700000000000000e+000,-2.373345829830869e-001, 2.602549825965357e-001,-3.490639911857615e-001, 5.235987755982987e-001,-1.134464013796314e+000, 0.000000000000000e+000, 2.094395102393196e+000, 0.000000000000000e+000, 0.000000000000000e+000, 0.000000000000000e+000
 5.710000000000000e+000,-2.375131069786370e-001, 2.617123314189616e-001,-3.490640044564652e-001, 5.235987755982992e-001,-1.134464013796315e+000, 0.000000000000000e+000, 2.094395102393195e+000, 0.000000000000000e+000,-2.220446049250313e-016, 0.000000000000000e+000
 5.720000000000000e+000,-2.375102668071850e-001, 2.629021704004186e-001,-3.490640130864046e-001, 5.235987755982983e-001,-1.134464013796314e+000, 0.000000000000000e+000, 2.094395102393194e+000, 0.000000000000000e+000, 0.000000000000000e+000, 0.000000000000000e+000
 5.730000000000000e+000,-2.373185816989494e-001, 2.638047089627174e-001,-3.490640174727761e-001, 5.235987755982987e-001,-1.134464013796314e+000, 0.000000000000000e+000, 2.094395102393195e+000, 0.000000000000000e+000, 0.000000000000000e+000, 0.000000000000000e+000
 5.740000000000000e+000,-2.369498422440497e-001, 2.644121248184652e-001,-3.490640183722605e-001, 5.235987755982983e-001,-1.134464013796314e+000, 0.000000000000000e+000, 2.094395102393196e+000, 0.000000000000000e+000, 0.000000000000000e+000, 0.000000000000000e+000
 5.750000000000000e+000,-2.364320484353295e-001, 2.647280803433778e-001,-3.490640167229751e-001, 5.235987755982992e-001,-1.134464013796314e+000, 0.000000000000000e+000, 2.094395102393196e+000, 0.000000000000000e+000,-2.220446049250313e-016, 0.000000000000000e+000
 5.760000000000000e+000,-2.358040719859693e-001, 2.647657110057506e-001,-3.490640134732150e-001, 5.235987755982987e-001,-1.134464013796314e+000, 0.000000000000000e+000, 2.094395102393195e+000, 0.000000000000000e+000, 0.000000000000000e+000, 0.000000000000000e+000
 5.770000000000001e+000,-2.351078944273352e-001, 2.645465011019059e-001,-3.490640094950135e-001, 5.235987755982992e-001,-1.134464013796315e+000, 0.000000000000000e+000, 2.094395102393196e+000, 0.000000000000000e+000, 0.000000000000000e+000, 0.000000000000000e+000
 5.780000000000000e+000,-2.343819700654487e-001, 2.640991637338379e-001,-3.490640055669502e-001, 5.235987755982992e-001,-1.134464013796314e+000, 0.000000000000000e+000, 2.094395102393196e+000, 0.000000000000000e+000, 0.000000000000000e+000, 0.000000000000000e+000
 5.790000000000000e+000,-2.336597044172566e-001, 2.634565011287424e-001,-3.490640023955649e-001, 5.235987755982987e-001,-1.134464013796314e+000, 0.000000000000000e+000, 2.094395102393196e+000, 0.000000000000000e+000, 0.000000000000000e+000, 0.000000000000000e+000
 5.800000000000000e+000,-2.329723869599764e-001, 2.626517827971309e-001,-3.490640006572995e-001, 5.235987755982987e-001,-1.134464013796314e+000, 0.000000000000000e+000, 2.094395102393196e+000, 0.000000000000000e+000, 0.000000000000000e+000, 0.000000000000000e+000
 5.810000000000001e+000,-2.323529921636845e-001, 2.617171067232504e-001,-3.490640010129653e-001, 5.235987755982992e-001,-1.134464013796313e+000, 0.000000000000000e+000, 2.094395102393195e+000, 0.000000000000000e+000, 0.000000000000000e+000, 0.000000000000000e+000
 5.820000000000000e+000,-2.318358083049730e-001, 2.606832742875909e-001,-3.490640040382232e-001, 5.235987755982987e-001,-1.134464013796315e+000, 0.000000000000000e+000, 2.094395102393195e+000, 0.000000000000000e+000, 0.000000000000000e+000, 0.000000000000000e+000
 5.830000000000000e+000,-2.314488326330387e-001, 2.595799698843033e-001,-3.490640100865929e-001, 5.235987755982992e-001,-1.134464013796314e+000, 0.000000000000000e+000, 2.094395102393195e+000, 0.000000000000000e+000, 0.000000000000000e+000, 0.000000000000000e+000
 5.840000000000000e+000,-2.312036091181674e-001, 2.584366901141511e-001,-3.490640191754776e-001, 5.235987755982987e-001,-1.134464013796314e+000, 0.000000000000000e+000, 2.094395102393196e+000, 0.000000000000000e+000, 2.220446049250313e-016, 0.000000000000000e+000
 5.850000000000000e+000,-2.310901322520898e-001, 2.572834183315411e-001,-3.490640309377178e-001, 5.235987755982987e-001,-1.134464013796314e+000, 0.000000000000000e+000, 2.094395102393195e+000, 0.000000000000000e+000, 0.000000000000000e+000, 0.000000000000000e+000
 5.860000000000000e+000,-2.310778718610413e-001, 2.561490470839123e-001,-3.490640446235139e-001, 5.235987755982983e-001,-1.134464013796315e+000, 0.000000000000000e+000, 2.094395102393195e+000, 0.000000000000000e+000, 2.220446049250313e-016, 0.000000000000000e+000
 5.870000000000000e+000,-2.311188144820236e-001, 2.550594929182581e-001,-3.490640591491323e-001, 5.235987755982983e-001,-1.134464013796314e+000, 0.000000000000000e+000, 2.094395102393195e+000, 0.000000000000000e+000,-2.220446049250313e-016, 0.000000000000000e+000
 5.880000000000000e+000,-2.311499512769424e-001, 2.540378650391417e-001,-3.490640731702752e-001, 5.235987755982987e-001,-1.134464013796315e+000, 0.000000000000000e+000, 2.094395102393194e+000, 0.000000000000000e+000, 2.220446049250313e-016, 0.000000000000000e+000
 5.890000000000000e+000,-2.310961559012062e-001, 2.531050040855163e-001,-3.490640851665623e-001, 5.235987755982987e-001,-1.134464013796315e+000, 0.000000000000000e+000, 2.094395102393196e+000, 0.000000000000000e+000, 0.000000000000000e+000, 0.000000000000000e+000
 5.900000000000000e+000,-2.308754520520673e-001, 2.522790185985513e-001,-3.490640935463366e-001, 5.235987755982992e-001,-1.134464013796315e+000, 0.000000000000000e+000, 2.094395102393195e+000, 0.000000000000000e+000, 2.220446049250313e-016, 0.000000000000000e+000
 5.910000000000000e+000,-2.304063542521439e-001, 2.515740686952241e-001,-3.490640967470797e-001, 5.235987755982992e-001,-1.134464013796314e+000, 0.000000000000000e+000, 2.094395102393195e+000, 0.000000000000000e+000, 0.000000000000000e+000, 0.000000000000000e+000
 5.920000000000000e+000,-2.296154507457787e-001, 2.509980405796519e-001,-3.490640933479537e-001, 5.235987755982992e-001,-1.134464013796314e+000, 0.000000000000000e+000, 2.094395102393195e+000, 0.000000000000000e+000, 0.000000000000000e+000, 0.000000000000000e+000
 5.930000000000000e+000,-2.284447847735793e-001, 2.505498786776932e-001,-3.490640822731652e-001, 5.235987755982987e-001,-1.134464013796314e+000, 0.000000000000000e+000, 2.094395102393196e+000, 0.000000000000000e+000, 0.000000000000000e+000, 0.000000000000000e+000
 5.940000000000000e+000,-2.268604959320882e-001, 2.502187030285503e-001,-3.490640631099609e-001, 5.235987755982992e-001,-1.134464013796315e+000, 0.000000000000000e+000, 2.094395102393195e+000, 0.000000000000000e+000, 0.000000000000000e+000, 0.000000000000000e+000
 5.950000000000000e+000,-2.248654752579898e-001, 2.499850002365627e-001,-3.490640364907690e-001, 5.235987755982992e-001,-1.134464013796314e+000, 0.000000000000000e+000, 2.094395102393196e+000, 0.000000000000000e+000, 0.000000000000000e+000, 0.000000000000000e+000
 5.960000000000000e+000,-2.225153954433738e-001, 2.498234395192935e-001,-3.490640044259341e-001, 5.235987755982987e-001,-1.134464013796315e+000, 0.000000000000000e+000, 2.094395102393195e+000, 0.000000000000000e+000, 0.000000000000000e+000, 0.000000000000000e+000
 5.970000000000000e+000,-2.199224972346069e-001, 2.497080286807143e-001,-3.490639703136477e-001, 5.235987755982983e-001,-1.134464013796314e+000, 0.000000000000000e+000, 2.094395102393196e+000, 0.000000000000000e+000,-2.220446049250313e-016, 0.000000000000000e+000
 5.980000000000000e+000,-2.172267346551609e-001, 2.496170219970781e-001,-3.490639383258514e-001, 5.235987755982983e-001,-1.134464013796314e+000, 0.000000000000000e+000, 2.094395102393195e+000, 0.000000000000000e+000, 0.000000000000000e+000, 0.000000000000000e+000
 5.990000000000000e+000,-2.145491190674637e-001, 2.495344777658184e-001,-3.490639123893695e-001, 5.235987755982992e-001,-1.134464013796314e+000, 0.000000000000000e+000, 2.094395102393196e+000, 0.000000000000000e+000,-2.220446049250313e-016, 0.000000000000000e+000
 6.000000000000000e+000,-2.119681007290436e-001, 2.494517785559112e-001,-3.490638954203225e-001, 5.235987755982983e-001,-1.134464013796315e+000, 0.000000000000000e+000, 2.094395102393195e+000, 0.000000000000000e+000, 0.000000000000000e+000, 0.000000000000000e+000
 6.010000000000000e+000,-2.095295928033821e-001, 2.493710403837444e-001,-3.490638890536034e-001, 5.235987755982992e-001,-1.134464013796314e+000, 0.000000000000000e+000, 2.094395102393194e+000, 0.000000000000000e+000, 0.000000000000000e+000, 0.000000000000000e+000
 6.020000000000000e+000,-2.072687191428698e-001, 2.493055740749794e-001,-3.490638936408046e-001, 5.235987755982987e-001,-1.134464013796314e+000, 0.000000000000000e+000, 2.094395102393195e+000, 0.000000000000000e+000,-2.220446049250313e-016, 0.000000000000000e+000
 6.030000000000000e+000,-2.052220309746760e-001, 2.492741513994419e-001,-3.490639083809052e-001, 5.235987755982987e-001,-1.134464013796315e+000, 0.000000000000000e+000, 2.094395102393196e+000, 0.000000000000000e+000, 0.000000000000000e+000, 0.000000000000000e+000
 6.040000000000000e+000,-2.034238706132407e-001, 2.492916054684840e-001,-3.490639315373702e-001, 5.235987755982987e-001,-1.134464013796314e+000, 0.000000000000000e+000, 2.094395102393195e+000, 0.000000000000000e+000, 0.000000000000000e+000, 0.000000000000000e+000
 6.050000000000000e+000,-2.018980684757246e-001, 2.493617021892067e-001,-3.490639606246624e-001, 5.235987755982987e-001,-1.134464013796314e+000, 0.000000000000000e+000, 2.094395102393196e+000, 0.000000000000000e+000, 0.000000000000000e+000, 0.000000000000000e+000
 6.060000000000000e+000,-2.006570741376460e-001, 2.494762209528232e-001,-3.490639925734368e-001, 5.235987755982987e-001,-1.134464013796315e+000, 0.000000000000000e+000, 2.094395102393195e+000, 0.000000000000000e+000, 0.000000000000000e+000, 0.000000000000000e+000
 6.070000000000000e+000,-1.997048030980313e-001, 2.496180430292605e-001,-3.490640240881728e-001, 5.235987755982987e-001,-1.134464013796314e+000, 0.000000000000000e+000, 2.094395102393195e+000, 0.000000000000000e+000, 0.000000000000000e+000, 0.000000000000000e+000
 6.080000000000000e+000,-1.990366320551013e-001, 2.497653007577463e-001,-3.490640521935943e-001, 5.235987755982987e-001,-1.134464013796315e+000, 0.000000000000000e+000, 2.094395102393196e+000, 0.000000000000000e+000, 0.000000000000000e+000, 0.000000000000000e+000
 6.090000000000000e+000,-1.986390264255488e-001, 2.498962959814022e-001,-3.490640746327222e-001, 5.235987755982992e-001,-1.134464013796314e+000, 0.000000000000000e+000, 2.094395102393196e+000, 0.000000000000000e+000, 0.000000000000000e+000, 0.000000000000000e+000
 6.100000000000000e+000,-1.984912706642341e-001, 2.499937869782156e-001,-3.490640899673542e-001, 5.235987755982987e-001,-1.134464013796314e+000, 0.000000000000000e+000, 2.094395102393196e+000, 0.000000000000000e+000, 0.000000000000000e+000, 0.000000000000000e+000
 6.110000000000000e+000,-1.985678864515668e-001, 2.500473577723916e-001,-3.490640975105465e-001, 5.235987755982992e-001,-1.134464013796314e+000, 0.000000000000000e+000, 2.094395102393196e+000, 0.000000000000000e+000,-2.220446049250313e-016, 0.000000000000000e+000
 6.120000000000000e+000,-1.988413434592752e-001, 2.500551700755502e-001,-3.490640971656380e-001, 5.235987755982987e-001,-1.134464013796315e+000, 0.000000000000000e+000, 2.094395102393195e+000, 0.000000000000000e+000, 2.220446049250313e-016, 0.000000000000000e+000
 6.130000000000000e+000,-1.992840668433188e-001, 2.500262266910993e-001,-3.490640892306905e-001, 5.235987755982983e-001,-1.134464013796315e+000, 0.000000000000000e+000, 2.094395102393195e+000, 0.000000000000000e+000, 2.220446049250313e-016, 0.000000000000000e+000
 6.140000000000000e+000,-1.998687168218406e-001, 2.499804433235544e-001,-3.490640742689348e-001, 5.235987755982992e-001,-1.134464013796314e+000, 0.000000000000000e+000, 2.094395102393196e+000, 0.000000000000000e+000, 0.000000000000000e+000, 0.000000000000000e+000
 6.150000000000000e+000,-2.005706748309268e-001, 2.499418500255239e-001,-3.490640529902477e-001, 5.235987755982987e-001,-1.134464013796314e+000, 0.000000000000000e+000, 2.094395102393195e+000, 0.000000000000000e+000, 0.000000000000000e+000, 0.000000000000000e+000
 6.160000000000000e+000,-2.013733287866625e-001, 2.499276081989805e-001,-3.490640260493187e-001, 5.235987755982992e-001,-1.134464013796314e+000, 0.000000000000000e+000, 2.094395102393196e+000, 0.000000000000000e+000, 0.000000000000000e+000, 0.000000000000000e+000
 6.170000000000000e+000,-2.022679533766266e-001, 2.499424809671837e-001,-3.490639939164221e-001, 5.235987755982992e-001,-1.134464013796315e+000, 0.000000000000000e+000, 2.094395102393196e+000, 0.000000000000000e+000,-2.220446049250313e-016, 0.000000000000000e+000
 6.180000000000000e+000,-2.032466380240992e-001, 2.499816070719065e-001,-3.490639570135125e-001, 5.235987755982992e-001,-1.134464013796314e+000, 0.000000000000000e+000, 2.094395102393196e+000, 0.000000000000000e+000, 2.220446049250313e-016, 0.000000000000000e+000
 6.190000000000000e+000,-2.042966118965131e-001, 2.500359135446952e-001,-3.490639159938943e-001, 5.235987755982987e-001,-1.134464013796314e+000, 0.000000000000000e+000, 2.094395102393195e+000, 0.000000000000000e+000, 0.000000000000000e+000, 0.000000000000000e+000
 6.200000000000000e+000,-2.053986374079572e-001, 2.500961867231195e-001,-3.490638719132593e-001, 5.235987755982987e-001,-1.134464013796314e+000, 0.000000000000000e+000, 2.094395102393195e+000, 0.000000000000000e+000, 0.000000000000000e+000, 0.000000000000000e+000
 6.210000000000000e+000,-2.065264831140321e-001, 2.501562809606099e-001,-3.490638262349051e-001, 5.235987755982992e-001,-1.134464013796314e+000, 0.000000000000000e+000, 2.094395102393196e+000, 0.000000000000000e+000, 0.000000000000000e+000, 0.000000000000000e+000
 6.220000000000000e+000,-2.076473973311441e-001, 2.502164182846669e-001,-3.490637807449484e-001, 5.235987755982992e-001,-1.134464013796314e+000, 0.000000000000000e+000, 2.094395102393194e+000, 0.000000000000000e+000, 2.220446049250313e-016, 0.000000000000000e+000
 6.230000000000000e+000,-2.087241853467965e-001, 2.502851911821196e-001,-3.490637373734790e-001, 5.235987755982992e-001,-1.134464013796315e+000, 0.000000000000000e+000, 2.094395102393195e+000, 0.000000000000000e+000, 0.000000000000000e+000, 0.000000000000000e+000
 6.240000000000000e+000,-2.097187103551828e-001, 2.503773758466097e-001,-3.490636978486608e-001, 5.235987755982992e-001,-1.134464013796314e+000, 0.000000000000000e+000, 2.094395102393196e+000, 0.000000000000000e+000, 2.220446049250313e-016, 0.000000000000000e+000
 6.250000000000000e+000,-2.105967949242864e-001, 2.505075960951295e-001,-3.490636633016657e-001, 5.235987755982992e-001,-1.134464013796314e+000, 0.000000000000000e+000, 2.094395102393194e+000, 0.000000000000000e+000, 2.220446049250313e-016, 0.000000000000000e+000
 6.260000000000000e+000,-2.113329794431664e-001, 2.506841026217348e-001,-3.490636341061406e-001, 5.235987755982992e-001,-1.134464013796314e+000, 0.000000000000000e+000, 2.094395102393196e+000, 0.000000000000000e+000, 0.000000000000000e+000, 0.000000000000000e+000
 6.270000000000000e+000,-2.119128914674436e-001, 2.509059052331737e-001,-3.490636100031392e-001, 5.235987755982992e-001,-1.134464013796314e+000, 0.000000000000000e+000, 2.094395102393195e+000, 0.000000000000000e+000, 0.000000000000000e+000, 0.000000000000000e+000
 6.280000000000000e+000,-2.123325591097445e-001, 2.511632959379073e-001,-3.490635903325473e-001, 5.235987755982992e-001,-1.134464013796314e+000, 0.000000000000000e+000, 2.094395102393196e+000, 0.000000000000000e+000, 0.000000000000000e+000, 0.000000000000000e+000
 6.290000000000000e+000,-2.125965804144152e-001, 2.514407303366604e-001,-3.490635742374458e-001, 5.235987755982983e-001,-1.134464013796315e+000, 0.000000000000000e+000, 2.094395102393195e+000, 0.000000000000000e+000, 0.000000000000000e+000, 0.000000000000000e+000
 6.300000000000000e+000,-2.127170105619931e-001, 2.517198975734498e-001,-3.490635607807983e-001, 5.235987755982987e-001,-1.134464013796314e+000, 0.000000000000000e+000, 2.094395102393196e+000, 0.000000000000000e+000, 2.220446049250313e-016, 0.000000000000000e+000
 6.310000000000000e+000,-2.127124389532946e-001, 2.519814943308318e-001,-3.490635490027584e-001, 5.235987755982992e-001,-1.134464013796315e+000, 0.000000000000000e+000, 2.094395102393195e+000, 0.000000000000000e+000, 0.000000000000000e+000, 0.000000000000000e+000
 6.320000000000000e+000,-2.126069953698660e-001, 2.522082329819004e-001,-3.490635380209435e-001, 5.235987755982992e-001,-1.134464013796314e+000, 0.000000000000000e+000, 2.094395102393196e+000, 0.000000000000000e+000, 0.000000000000000e+000, 0.000000000000000e+000
 6.330000000000000e+000,-2.124298046692283e-001, 2.523911753012553e-001,-3.490635271936620e-001, 5.235987755982992e-001,-1.134464013796314e+000, 0.000000000000000e+000, 2.094395102393195e+000, 0.000000000000000e+000,-2.220446049250313e-016, 0.000000000000000e+000
 6.340000000000000e+000,-2.122142737979294e-001, 2.525343944184533e-001,-3.490635162462515e-001, 5.235987755982992e-001,-1.134464013796315e+000, 0.000000000000000e+000, 2.094395102393196e+000, 0.000000000000000e+000, 2.220446049250313e-016, 0.000000000000000e+000
 6.350000000000000e+000,-2.119958394919341e-001, 2.526521388435361e-001,-3.490635052669754e-001, 5.235987755982983e-001,-1.134464013796314e+000, 0.000000000000000e+000, 2.094395102393196e+000, 0.000000000000000e+000, 0.000000000000000e+000, 0.000000000000000e+000
 6.359999999999999e+000,-2.118082392221301e-001, 2.527612210376902e-001,-3.490634945864655e-001, 5.235987755982987e-001,-1.134464013796315e+000, 0.000000000000000e+000, 2.094395102393196e+000, 0.000000000000000e+000, 0.000000000000000e+000, 0.000000000000000e+000
 6.370000000000000e+000,-2.116803929209504e-001, 2.528745349986812e-001,-3.490634846225270e-001, 5.235987755982992e-001,-1.134464013796314e+000, 0.000000000000000e+000, 2.094395102393195e+000, 0.000000000000000e+000, 0.000000000000000e+000, 0.000000000000000e+000
 6.380000000000000e+000,-2.116347683186055e-001, 2.529976526628748e-001,-3.490634757407078e-001, 5.235987755982987e-001,-1.134464013796314e+000, 0.000000000000000e+000, 2.094395102393195e+000, 0.000000000000000e+000, 0.000000000000000e+000, 0.000000000000000e+000
 6.390000000000000e+000,-2.116859250172311e-001, 2.531282538248343e-001,-3.490634681406660e-001, 5.235987755982992e-001,-1.134464013796315e+000, 0.000000000000000e+000, 2.094395102393195e+000, 0.000000000000000e+000, 0.000000000000000e+000, 0.000000000000000e+000
 6.400000000000000e+000,-2.118384061388275e-001, 2.532568392791470e-001,-3.490634617698983e-001, 5.235987755982987e-001,-1.134464013796315e+000, 0.000000000000000e+000, 2.094395102393196e+000, 0.000000000000000e+000,-2.220446049250313e-016, 0.000000000000000e+000
 6.410000000000000e+000,-2.120849352685531e-001, 2.533680594128769e-001,-3.490634562836232e-001, 5.235987755982987e-001,-1.134464013796314e+000, 0.000000000000000e+000, 2.094395102393196e+000, 0.000000000000000e+000, 0.000000000000000e+000, 0.000000000000000e+000
 6.420000000000000e+000,-2.124066367417619e-001, 2.534446781168456e-001,-3.490634510934972e-001, 5.235987755982992e-001,-1.134464013796315e+000, 0.000000000000000e+000, 2.094395102393196e+000, 0.000000000000000e+000,-2.220446049250313e-016, 0.000000000000000e+000
 6.430000000000000e+000,-2.127755117753886e-001, 2.534729595309684e-001,-3.490634454800588e-001, 5.235987755982992e-001,-1.134464013796314e+000, 0.000000000000000e+000, 2.094395102393196e+000, 0.000000000000000e+000, 0.000000000000000e+000, 0.000000000000000e+000
 6.440000000000000e+000,-2.131588091558655e-001, 2.534452103506935e-001,-3.490634386943129e-001, 5.235987755982992e-001,-1.134464013796314e+000, 0.000000000000000e+000, 2.094395102393196e+000, 0.000000000000000e+000, 2.220446049250313e-016, 0.000000000000000e+000
 6.450000000000000e+000,-2.135261186707561e-001, 2.533596069134894e-001,-3.490634300679956e-001, 5.235987755982992e-001,-1.134464013796314e+000, 0.000000000000000e+000, 2.094395102393196e+000, 0.000000000000000e+000, 2.220446049250313e-016, 0.000000000000000e+000
 6.460000000000000e+000,-2.138562360759674e-001, 2.532202853944026e-001,-3.490634191532317e-001, 5.235987755982987e-001,-1.134464013796315e+000, 0.000000000000000e+000, 2.094395102393196e+000, 0.000000000000000e+000, 0.000000000000000e+000, 0.000000000000000e+000
 6.470000000000000e+000,-2.141379048528879e-001, 2.530378351718232e-001,-3.490634058062250e-001, 5.235987755982987e-001,-1.134464013796314e+000, 0.000000000000000e+000, 2.094395102393196e+000, 0.000000000000000e+000, 0.000000000000000e+000, 0.000000000000000e+000
 6.480000000000000e+000,-2.143668992871107e-001, 2.528277593375596e-001,-3.490633901820140e-001, 5.235987755982992e-001,-1.134464013796314e+000, 0.000000000000000e+000, 2.094395102393195e+000, 0.000000000000000e+000,-4.440892098500626e-016, 0.000000000000000e+000
 6.490000000000000e+000,-2.145454251938304e-001, 2.526065687387198e-001,-3.490633727071431e-001, 5.235987755982992e-001,-1.134464013796314e+000, 0.000000000000000e+000, 2.094395102393196e+000, 0.000000000000000e+000, 0.000000000000000e+000, 0.000000000000000e+000
 6.500000000000000e+000,-2.146819694051078e-001, 2.523883139747405e-001,-3.490633540265756e-001, 5.235987755982987e-001,-1.134464013796314e+000, 0.000000000000000e+000, 2.094395102393195e+000, 0.000000000000000e+000, 2.220446049250313e-016, 0.000000000000000e+000
 6.510000000000000e+000,-2.147894087902504e-001, 2.521824855799020e-001,-3.490633348541205e-001, 5.235987755982992e-001,-1.134464013796314e+000, 0.000000000000000e+000, 2.094395102393195e+000, 0.000000000000000e+000, 0.000000000000000e+000, 0.000000000000000e+000
 6.520000000000000e+000,-2.148826211409743e-001, 2.519926085737867e-001,-3.490633157632015e-001, 5.235987755982992e-001,-1.134464013796314e+000, 0.000000000000000e+000, 2.094395102393196e+000, 0.000000000000000e+000, 0.000000000000000e+000, 0.000000000000000e+000
 6.529999999999999e+000,-2.149750903639131e-001, 2.518173263085861e-001,-3.490632970502822e-001, 5.235987755982987e-001,-1.134464013796315e+000, 0.000000000000000e+000, 2.094395102393195e+000, 0.000000000000000e+000, 0.000000000000000e+000, 0.000000000000000e+000
 6.540000000000000e+000,-2.150753537354422e-001, 2.516547311412809e-001,-3.490632787377241e-001, 5.235987755982983e-001,-1.134464013796315e+000, 0.000000000000000e+000, 2.094395102393196e+000, 0.000000000000000e+000, 0.000000000000000e+000, 0.000000000000000e+000
 6.550000000000000e+000,-2.151860038206928e-001, 2.515057704429478e-001,-3.490632606744682e-001, 5.235987755982992e-001,-1.134464013796314e+000, 0.000000000000000e+000, 2.094395102393195e+000, 0.000000000000000e+000,-2.220446049250313e-016, 0.000000000000000e+000
 6.560000000000000e+000,-2.153052422514783e-001, 2.513738297554280e-001,-3.490632426795436e-001, 5.235987755982987e-001,-1.134464013796314e+000, 0.000000000000000e+000, 2.094395102393195e+000, 0.000000000000000e+000, 0.000000000000000e+000, 0.000000000000000e+000
 6.570000000000000e+000,-2.154287671348044e-001, 2.512630585073692e-001,-3.490632246794897e-001, 5.235987755982992e-001,-1.134464013796314e+000, 0.000000000000000e+000, 2.094395102393196e+000, 0.000000000000000e+000,-2.220446049250313e-016, 0.000000000000000e+000
 6.580000000000000e+000,-2.155503294581526e-001, 2.511770463165650e-001,-3.490632067476117e-001, 5.235987755982983e-001,-1.134464013796314e+000, 0.000000000000000e+000, 2.094395102393195e+000, 0.000000000000000e+000, 2.220446049250313e-016, 0.000000000000000e+000
 6.590000000000000e+000,-2.156614086176505e-001, 2.511174516894679e-001,-3.490631890369872e-001, 5.235987755982987e-001,-1.134464013796314e+000, 0.000000000000000e+000, 2.094395102393196e+000, 0.000000000000000e+000,-2.220446049250313e-016, 0.000000000000000e+000
 6.600000000000000e+000,-2.157515846450220e-001, 2.510837774357588e-001,-3.490631717260777e-001, 5.235987755982992e-001,-1.134464013796314e+000, 0.000000000000000e+000, 2.094395102393196e+000, 0.000000000000000e+000, 0.000000000000000e+000, 0.000000000000000e+000
 6.609999999999999e+000,-2.158099642005621e-001, 2.510739670164619e-001,-3.490631550022760e-001, 5.235987755982992e-001,-1.134464013796314e+000, 0.000000000000000e+000, 2.094395102393196e+000, 0.000000000000000e+000, 2.220446049250313e-016, 0.000000000000000e+000
 6.620000000000000e+000,-2.158270684744109e-001, 2.510843349854675e-001,-3.490631390236623e-001, 5.235987755982992e-001,-1.134464013796314e+000, 0.000000000000000e+000, 2.094395102393195e+000, 0.000000000000000e+000, 0.000000000000000e+000, 0.000000000000000e+000
 6.630000000000000e+000,-2.157966692703704e-001, 2.511091428404679e-001,-3.490631238883910e-001, 5.235987755982987e-001,-1.134464013796314e+000, 0.000000000000000e+000, 2.094395102393195e+000, 0.000000000000000e+000, 0.000000000000000e+000, 0.000000000000000e+000
 6.640000000000000e+000,-2.157173416386049e-001, 2.511399832383803e-001,-3.490631096652623e-001, 5.235987755982987e-001,-1.134464013796315e+000, 0.000000000000000e+000, 2.094395102393195e+000, 0.000000000000000e+000,-2.220446049250313e-016, 0.000000000000000e+000
 6.650000000000000e+000,-2.155941388879292e-001, 2.511652498464434e-001,-3.490630964732404e-001, 5.235987755982987e-001,-1.134464013796314e+000, 0.000000000000000e+000, 2.094395102393195e+000, 0.000000000000000e+000, 0.000000000000000e+000, 0.000000000000000e+000
 6.660000000000000e+000,-2.154397609881267e-001, 2.511708678935209e-001,-3.490630845294286e-001, 5.235987755982992e-001,-1.134464013796315e+000, 0.000000000000000e+000, 2.094395102393196e+000, 0.000000000000000e+000, 2.220446049250313e-016, 0.000000000000000e+000
 6.670000000000000e+000,-2.152731238059313e-001, 2.511422314691065e-001,-3.490630740875404e-001, 5.235987755982983e-001,-1.134464013796315e+000, 0.000000000000000e+000, 2.094395102393195e+000, 0.000000000000000e+000, 0.000000000000000e+000, 0.000000000000000e+000
 6.680000000000000e+000,-2.151158725019239e-001, 2.510661039738240e-001,-3.490630653296531e-001, 5.235987755982987e-001,-1.134464013796315e+000, 0.000000000000000e+000, 2.094395102393196e+000, 0.000000000000000e+000, 0.000000000000000e+000, 0.000000000000000e+000
 6.690000000000000e+000,-2.149897979152948e-001, 2.509322955759641e-001,-3.490630583083911e-001, 5.235987755982983e-001,-1.134464013796315e+000, 0.000000000000000e+000, 2.094395102393196e+000, 0.000000000000000e+000, 0.000000000000000e+000, 0.000000000000000e+000
 6.699999999999999e+000,-2.149158495960502e-001, 2.507360282350881e-001,-3.490630529084134e-001, 5.235987755982992e-001,-1.134464013796314e+000, 0.000000000000000e+000, 2.094395102393196e+000, 0.000000000000000e+000,-2.220446049250313e-016, 0.000000000000000e+000
 6.710000000000000e+000,-2.149134235643947e-001, 2.504800583332520e-001,-3.490630488176328e-001, 5.235987755982987e-001,-1.134464013796314e+000, 0.000000000000000e+000, 2.094395102393196e+000, 0.000000000000000e+000, 0.000000000000000e+000, 0.000000000000000e+000
 6.720000000000000e+000,-2.149993861152595e-001, 2.501744294349737e-001,-3.490630455998853e-001, 5.235987755982983e-001,-1.134464013796315e+000, 0.000000000000000e+000, 2.094395102393195e+000, 0.000000000000000e+000, 0.000000000000000e+000, 0.000000000000000e+000
 6.730000000000000e+000,-2.151869488551572e-001, 2.498342993230582e-001,-3.490630428348992e-001, 5.235987755982992e-001,-1.134464013796314e+000, 0.000000000000000e+000, 2.094395102393195e+000, 0.000000000000000e+000, 0.000000000000000e+000, 0.000000000000000e+000
 6.740000000000000e+000,-2.154843597266965e-001, 2.494772092054953e-001,-3.490630401616043e-001, 5.235987755982987e-001,-1.134464013796315e+000, 0.000000000000000e+000, 2.094395102393196e+000, 0.000000000000000e+000, 0.000000000000000e+000, 0.000000000000000e+000
 6.750000000000000e+000,-2.158942632765035e-001, 2.491204344438420e-001,-3.490630372355295e-001, 5.235987755982983e-001,-1.134464013796315e+000, 0.000000000000000e+000, 2.094395102393195e+000, 0.000000000000000e+000, 0.000000000000000e+000, 0.000000000000000e+000
 6.760000000000000e+000,-2.164146703402171e-001, 2.487796240812681e-001,-3.490630337293701e-001, 5.235987755982983e-001,-1.134464013796314e+000, 0.000000000000000e+000, 2.094395102393196e+000, 0.000000000000000e+000,-2.220446049250313e-016, 0.000000000000000e+000
 6.770000000000000e+000,-2.170406428050102e-001, 2.484681300047660e-001,-3.490630293601797e-001, 5.235987755982987e-001,-1.134464013796315e+000, 0.000000000000000e+000, 2.094395102393196e+000, 0.000000000000000e+000, 0.000000000000000e+000, 0.000000000000000e+000
 6.779999999999999e+000,-2.177655822822490e-001, 2.481953977216915e-001,-3.490630238953412e-001, 5.235987755982987e-001,-1.134464013796314e+000, 0.000000000000000e+000, 2.094395102393196e+000, 0.000000000000000e+000, 2.220446049250313e-016, 0.000000000000000e+000
 6.790000000000000e+000,-2.185824470466989e-001, 2.479657335759500e-001,-3.490630172007234e-001, 5.235987755982987e-001,-1.134464013796314e+000, 0.000000000000000e+000, 2.094395102393195e+000, 0.000000000000000e+000, 2.220446049250313e-016, 0.000000000000000e+000
 6.800000000000000e+000,-2.194851822096518e-001, 2.477785424095025e-001,-3.490630093426548e-001, 5.235987755982992e-001,-1.134464013796315e+000, 0.000000000000000e+000, 2.094395102393196e+000, 0.000000000000000e+000, 0.000000000000000e+000, 0.000000000000000e+000
 6.810000000000000e+000,-2.204693215574204e-001, 2.476286200077678e-001,-3.490630006280719e-001, 5.235987755982987e-001,-1.134464013796314e+000, 0.000000000000000e+000, 2.094395102393196e+000, 0.000000000000000e+000, 0.000000000000000e+000, 0.000000000000000e+000
 6.820000000000000e+000,-2.215299962379686e-001, 2.475072634705280e-001,-3.490629915566573e-001, 5.235987755982987e-001,-1.134464013796314e+000, 0.000000000000000e+000, 2.094395102393195e+000, 0.000000000000000e+000, 0.000000000000000e+000, 0.000000000000000e+000
 6.830000000000000e+000,-2.226569244536482e-001, 2.474062695253250e-001,-3.490629828085697e-001, 5.235987755982987e-001,-1.134464013796314e+000, 0.000000000000000e+000, 2.094395102393196e+000, 0.000000000000000e+000, 2.220446049250313e-016, 0.000000000000000e+000
 6.840000000000000e+000,-2.238290128079139e-001, 2.473228711833406e-001,-3.490629753089788e-001, 5.235987755982992e-001,-1.134464013796314e+000, 0.000000000000000e+000, 2.094395102393195e+000, 0.000000000000000e+000,-2.220446049250313e-016, 0.000000000000000e+000
 6.850000000000000e+000,-2.250113035384361e-001, 2.472626504978484e-001,-3.490629702896698e-001, 5.235987755982992e-001,-1.134464013796314e+000, 0.000000000000000e+000, 2.094395102393196e+000, 0.000000000000000e+000, 0.000000000000000e+000, 0.000000000000000e+000
 6.859999999999999e+000,-2.261535987245284e-001, 2.472412152061179e-001,-3.490629693240470e-001, 5.235987755982992e-001,-1.134464013796314e+000, 0.000000000000000e+000, 2.094395102393195e+000, 0.000000000000000e+000, 0.000000000000000e+000, 0.000000000000000e+000
 6.870000000000000e+000,-2.271891061780875e-001, 2.472863155128922e-001,-3.490629743654306e-001, 5.235987755982992e-001,-1.134464013796315e+000, 0.000000000000000e+000, 2.094395102393196e+000, 0.000000000000000e+000, 0.000000000000000e+000, 0.000000000000000e+000
 6.880000000000000e+000,-2.280370650077451e-001, 2.474385695611929e-001,-3.490629877359886e-001, 5.235987755982987e-001,-1.134464013796315e+000, 0.000000000000000e+000, 2.094395102393196e+000, 0.000000000000000e+000, 0.000000000000000e+000, 0.000000000000000e+000
 6.890000000000000e+000,-2.286171512476904e-001, 2.477464935162266e-001,-3.490630119453027e-001, 5.235987755982987e-001,-1.134464013796315e+000, 0.000000000000000e+000, 2.094395102393196e+000, 0.000000000000000e+000,-2.220446049250313e-016, 0.000000000000000e+000
 6.900000000000000e+000,-2.288711453795178e-001, 2.482556613357536e-001,-3.490630493164055e-001, 5.235987755982992e-001,-1.134464013796314e+000, 0.000000000000000e+000, 2.094395102393195e+000, 0.000000000000000e+000, 0.000000000000000e+000, 0.000000000000000e+000
 6.910000000000000e+000,-2.287766005360495e-001, 2.489972754735392e-001,-3.490631015102500e-001, 5.235987755982992e-001,-1.134464013796315e+000, 0.000000000000000e+000, 2.094395102393195e+000, 0.000000000000000e+000, 0.000000000000000e+000, 0.000000000000000e+000
 6.920000000000000e+000,-2.283493569486323e-001, 2.499781071718672e-001,-3.490631689721566e-001, 5.235987755982992e-001,-1.134464013796314e+000, 0.000000000000000e+000, 2.094395102393195e+000, 0.000000000000000e+000, 0.000000000000000e+000, 0.000000000000000e+000
 6.930000000000000e+000,-2.276434532606230e-001, 2.511692813373887e-001,-3.490632502689355e-001, 5.235987755982987e-001,-1.134464013796314e+000, 0.000000000000000e+000, 2.094395102393195e+000, 0.000000000000000e+000, 0.000000000000000e+000, 0.000000000000000e+000
 6.940000000000000e+000,-2.267511660697853e-001, 2.524973416676957e-001,-3.490633414618377e-001, 5.235987755982983e-001,-1.134464013796314e+000, 0.000000000000000e+000, 2.094395102393195e+000, 0.000000000000000e+000, 0.000000000000000e+000, 0.000000000000000e+000
 6.950000000000000e+000,-2.257948210650384e-001, 2.538507482457844e-001,-3.490634361656694e-001, 5.235987755982987e-001,-1.134464013796314e+000, 0.000000000000000e+000, 2.094395102393195e+000, 0.000000000000000e+000,-2.220446049250313e-016, 0.000000000000000e+000
 6.960000000000000e+000,-2.249011437172330e-001, 2.551092927982623e-001,-3.490635270456631e-001, 5.235987755982987e-001,-1.134464013796315e+000, 0.000000000000000e+000, 2.094395102393195e+000, 0.000000000000000e+000,-2.220446049250313e-016, 0.000000000000000e+000
 6.970000000000000e+000,-2.241676701480913e-001, 2.561798710918475e-001,-3.490636080704259e-001, 5.235987755982992e-001,-1.134464013796315e+000, 0.000000000000000e+000, 2.094395102393196e+000, 0.000000000000000e+000,-2.220446049250313e-016, 0.000000000000000e+000
 6.980000000000000e+000,-2.236440028469793e-001, 2.570141816743763e-001,-3.490636757587527e-001, 5.235987755982992e-001,-1.134464013796314e+000, 0.000000000000000e+000, 2.094395102393194e+000, 0.000000000000000e+000, 0.000000000000000e+000, 0.000000000000000e+000
 6.990000000000000e+000,-2.233347111551449e-001, 2.576052334803398e-001,-3.490637289675041e-001, 5.235987755982987e-001,-1.134464013796314e+000, 0.000000000000000e+000, 2.094395102393195e+000, 0.000000000000000e+000, 0.000000000000000e+000, 0.000000000000000e+000
 7.000000000000000e+000,-2.232139536021108e-001, 2.579743654910383e-001,-3.490637681295605e-001, 5.235987755982992e-001,-1.134464013796315e+000, 0.000000000000000e+000, 2.094395102393195e+000, 0.000000000000000e+000, 0.000000000000000e+000, 0.000000000000000e+000
 7.010000000000000e+000,-2.232420402003001e-001, 2.581575131858529e-001,-3.490637945749493e-001, 5.235987755982983e-001,-1.134464013796315e+000, 0.000000000000000e+000, 2.094395102393195e+000, 0.000000000000000e+000, 0.000000000000000e+000, 0.000000000000000e+000
 7.020000000000000e+000,-2.233766199122846e-001, 2.581952207970515e-001,-3.490638100474507e-001, 5.235987755982987e-001,-1.134464013796315e+000, 0.000000000000000e+000, 2.094395102393194e+000, 0.000000000000000e+000, 0.000000000000000e+000, 0.000000000000000e+000
 7.029999999999999e+000,-2.235764960934617e-001, 2.581276493023761e-001,-3.490638164205901e-001, 5.235987755982992e-001,-1.134464013796314e+000, 0.000000000000000e+000, 2.094395102393196e+000, 0.000000000000000e+000, 0.000000000000000e+000, 0.000000000000000e+000
 7.040000000000000e+000,-2.238032013369198e-001, 2.579922444048193e-001,-3.490638155411962e-001, 5.235987755982992e-001,-1.134464013796315e+000, 0.000000000000000e+000, 2.094395102393195e+000, 0.000000000000000e+000, 0.000000000000000e+000, 0.000000000000000e+000
 7.050000000000000e+000,-2.240235840401937e-001, 2.578213825492959e-001,-3.490638090939063e-001, 5.235987755982992e-001,-1.134464013796315e+000, 0.000000000000000e+000, 2.094395102393195e+000, 0.000000000000000e+000, 0.000000000000000e+000, 0.000000000000000e+000
 7.060000000000000e+000,-2.242120266341293e-001, 2.576400845957956e-001,-3.490637984964572e-001, 5.235987755982987e-001,-1.134464013796314e+000, 0.000000000000000e+000, 2.094395102393196e+000, 0.000000000000000e+000,-2.220446049250313e-016, 0.000000000000000e+000
 7.070000000000000e+000,-2.243515080138609e-001, 2.574653093810664e-001,-3.490637848944150e-001, 5.235987755982992e-001,-1.134464013796314e+000, 0.000000000000000e+000, 2.094395102393195e+000, 0.000000000000000e+000, 2.220446049250313e-016, 0.000000000000000e+000
 7.080000000000000e+000,-2.244332322504621e-001, 2.573067702499612e-001,-3.490637692196237e-001, 5.235987755982987e-001,-1.134464013796314e+000, 0.000000000000000e+000, 2.094395102393195e+000, 0.000000000000000e+000, 0.000000000000000e+000, 0.000000000000000e+000
 7.090000000000000e+000,-2.244551072979097e-001, 2.571677658384746e-001,-3.490637522258290e-001, 5.235987755982987e-001,-1.134464013796314e+000, 0.000000000000000e+000, 2.094395102393196e+000, 0.000000000000000e+000, 2.220446049250313e-016, 0.000000000000000e+000
 7.100000000000000e+000,-2.244211683017090e-001, 2.570454630092312e-001,-3.490637344927629e-001, 5.235987755982987e-001,-1.134464013796314e+000, 0.000000000000000e+000, 2.094395102393196e+000, 0.000000000000000e+000, 0.000000000000000e+000, 0.000000000000000e+000
 7.109999999999999e+000,-2.243412296894801e-001, 2.569319715982870e-001,-3.490637164503104e-001, 5.235987755982992e-001,-1.134464013796314e+000, 0.000000000000000e+000, 2.094395102393196e+000, 0.000000000000000e+000,-2.220446049250313e-016, 0.000000000000000e+000
 7.119999999999999e+000,-2.242287711148420e-001, 2.568173289733133e-001,-3.490636984550425e-001, 5.235987755982992e-001,-1.134464013796314e+000, 0.000000000000000e+000, 2.094395102393195e+000, 0.000000000000000e+000, 0.000000000000000e+000, 0.000000000000000e+000
 7.130000000000000e+000,-2.240991461912992e-001, 2.566935781886384e-001,-3.490636808981767e-001, 5.235987755982983e-001,-1.134464013796315e+000, 0.000000000000000e+000, 2.094395102393196e+000, 0.000000000000000e+000, 0.000000000000000e+000, 0.000000000000000e+000
 7.140000000000000e+000,-2.239682172919783e-001, 2.565579131445521e-001,-3.490636642701556e-001, 5.235987755982987e-001,-1.134464013796314e+000, 0.000000000000000e+000, 2.094395102393196e+000, 0.000000000000000e+000, 0.000000000000000e+000, 0.000000000000000e+000
 7.150000000000000e+000,-2.238487082757664e-001, 2.564128722776844e-001,-3.490636491153461e-001, 5.235987755982987e-001,-1.134464013796315e+000, 0.000000000000000e+000, 2.094395102393196e+000, 0.000000000000000e+000,-2.220446049250313e-016, 0.000000000000000e+000
 7.160000000000000e+000,-2.237471735077921e-001, 2.562637064735338e-001,-3.490636359160523e-001, 5.235987755982983e-001,-1.134464013796315e+000, 0.000000000000000e+000, 2.094395102393196e+000, 0.000000000000000e+000,-2.220446049250313e-016, 0.000000000000000e+000
 7.170000000000000e+000,-2.236655947754477e-001, 2.561154747561441e-001,-3.490636249954043e-001, 5.235987755982992e-001,-1.134464013796314e+000, 0.000000000000000e+000, 2.094395102393195e+000, 0.000000000000000e+000, 0.000000000000000e+000, 0.000000000000000e+000
 7.180000000000000e+000,-2.236046861289939e-001, 2.559715791510571e-001,-3.490636164712901e-001, 5.235987755982987e-001,-1.134464013796313e+000, 0.000000000000000e+000, 2.094395102393196e+000, 0.000000000000000e+000, 2.220446049250313e-016, 0.000000000000000e+000
 7.190000000000000e+000,-2.235645706058145e-001, 2.558334690344970e-001,-3.490636102697289e-001, 5.235987755982987e-001,-1.134464013796314e+000, 0.000000000000000e+000, 2.094395102393195e+000, 0.000000000000000e+000, 0.000000000000000e+000, 0.000000000000000e+000
 7.199999999999999e+000,-2.235433242787351e-001, 2.557007377550389e-001,-3.490636061877068e-001, 5.235987755982992e-001,-1.134464013796315e+000, 0.000000000000000e+000, 2.094395102393195e+000, 0.000000000000000e+000, 0.000000000000000e+000, 0.000000000000000e+000
 7.210000000000000e+000,-2.235360489299258e-001, 2.555713358362652e-001,-3.490636039525759e-001, 5.235987755982987e-001,-1.134464013796315e+000, 0.000000000000000e+000, 2.094395102393195e+000, 0.000000000000000e+000, 0.000000000000000e+000, 0.000000000000000e+000
 7.220000000000000e+000,-2.235360732796903e-001, 2.554425293537810e-001,-3.490636032511535e-001, 5.235987755982987e-001,-1.134464013796314e+000, 0.000000000000000e+000, 2.094395102393194e+000, 0.000000000000000e+000, 0.000000000000000e+000, 0.000000000000000e+000
 7.230000000000000e+000,-2.235416328892356e-001, 2.553122615880330e-001,-3.490636018587885e-001, 5.235987755982992e-001,-1.134464013796315e+000, 0.000000000000000e+000, 2.094395102393195e+000, 0.000000000000000e+000, 0.000000000000000e+000, 0.000000000000000e+000
 7.239999999999999e+000,-2.235447415261211e-001, 2.551827064152334e-001,-3.490636032144908e-001, 5.235987755982992e-001,-1.134464013796314e+000, 0.000000000000000e+000, 2.094395102393196e+000, 0.000000000000000e+000, 0.000000000000000e+000, 0.000000000000000e+000
 7.250000000000000e+000,-2.235515364213805e-001, 2.550566918769746e-001,-3.490636049753354e-001, 5.235987755982992e-001,-1.134464013796314e+000, 0.000000000000000e+000, 2.094395102393196e+000, 0.000000000000000e+000,-2.220446049250313e-016, 0.000000000000000e+000
 7.260000000000000e+000,-2.235650350651379e-001, 2.549392117848075e-001,-3.490636067961574e-001, 5.235987755982983e-001,-1.134464013796314e+000, 0.000000000000000e+000, 2.094395102393196e+000, 0.000000000000000e+000, 2.220446049250313e-016, 0.000000000000000e+000
 7.270000000000000e+000,-2.235878798045625e-001, 2.548353202298779e-001,-3.490636084304136e-001, 5.235987755982987e-001,-1.134464013796315e+000, 0.000000000000000e+000, 2.094395102393196e+000, 0.000000000000000e+000, 0.000000000000000e+000, 0.000000000000000e+000
 7.279999999999999e+000,-2.236231444090169e-001, 2.547478421029310e-001,-3.490636097256802e-001, 5.235987755982983e-001,-1.134464013796315e+000, 0.000000000000000e+000, 2.094395102393194e+000, 0.000000000000000e+000, 0.000000000000000e+000, 0.000000000000000e+000
 7.290000000000000e+000,-2.236743429488130e-001, 2.546758577460520e-001,-3.490636105756039e-001, 5.235987755982987e-001,-1.134464013796314e+000, 0.000000000000000e+000, 2.094395102393195e+000, 0.000000000000000e+000, 0.000000000000000e+000, 0.000000000000000e+000
 7.300000000000000e+000,-2.237447334106801e-001, 2.546154245988417e-001,-3.490636109071211e-001, 5.235987755982992e-001,-1.134464013796315e+000, 0.000000000000000e+000, 2.094395102393195e+000, 0.000000000000000e+000, 0.000000000000000e+000, 0.000000000000000e+000
 7.310000000000000e+000,-2.238364666656984e-001, 2.545620286901325e-001,-3.490636107038224e-001, 5.235987755982987e-001,-1.134464013796314e+000, 0.000000000000000e+000, 2.094395102393196e+000, 0.000000000000000e+000, 0.000000000000000e+000, 0.000000000000000e+000
 7.319999999999999e+000,-2.239492799045162e-001, 2.545131810180297e-001,-3.490636100247659e-001, 5.235987755982992e-001,-1.134464013796314e+000, 0.000000000000000e+000, 2.094395102393195e+000, 0.000000000000000e+000, 2.220446049250313e-016, 0.000000000000000e+000
 7.330000000000000e+000,-2.240797155058945e-001, 2.544693451813636e-001,-3.490636090019150e-001, 5.235987755982987e-001,-1.134464013796314e+000, 0.000000000000000e+000, 2.094395102393195e+000, 0.000000000000000e+000,-2.220446049250313e-016, 0.000000000000000e+000
 7.340000000000000e+000,-2.242220869316125e-001, 2.544327719333661e-001,-3.490636078220740e-001, 5.235987755982987e-001,-1.134464013796315e+000, 0.000000000000000e+000, 2.094395102393196e+000, 0.000000000000000e+000, 2.220446049250313e-016, 0.000000000000000e+000
 7.350000000000000e+000,-2.243700500075910e-001, 2.544058774753970e-001,-3.490636067006070e-001, 5.235987755982987e-001,-1.134464013796314e+000, 0.000000000000000e+000, 2.094395102393196e+000, 0.000000000000000e+000, 0.000000000000000e+000, 0.000000000000000e+000
 7.359999999999999e+000,-2.245173326378090e-001, 2.543902099685445e-001,-3.490636058457505e-001, 5.235987755982987e-001,-1.134464013796314e+000, 0.000000000000000e+000, 2.094395102393195e+000, 0.000000000000000e+000, 2.220446049250313e-016, 0.000000000000000e+000
 7.369999999999999e+000,-2.246583660806773e-001, 2.543856327605159e-001,-3.490636054230384e-001, 5.235987755982992e-001,-1.134464013796315e+000, 0.000000000000000e+000, 2.094395102393196e+000, 0.000000000000000e+000, 0.000000000000000e+000, 0.000000000000000e+000
 7.380000000000000e+000,-2.247908134471884e-001, 2.543892175903397e-001,-3.490636065232972e-001, 5.235987755982987e-001,-1.134464013796314e+000, 0.000000000000000e+000, 2.094395102393196e+000, 0.000000000000000e+000, 0.000000000000000e+000, 0.000000000000000e+000
 7.390000000000000e+000,-2.249097378669194e-001, 2.543975661944617e-001,-3.490636069824505e-001, 5.235987755982992e-001,-1.134464013796314e+000, 0.000000000000000e+000, 2.094395102393194e+000, 0.000000000000000e+000, 0.000000000000000e+000, 0.000000000000000e+000
 7.400000000000000e+000,-2.250150475414130e-001, 2.544034704705762e-001,-3.490636078484031e-001, 5.235987755982987e-001,-1.134464013796314e+000, 0.000000000000000e+000, 2.094395102393196e+000, 0.000000000000000e+000, 0.000000000000000e+000, 0.000000000000000e+000
 7.410000000000000e+000,-2.251045755042522e-001, 2.543997342075079e-001,-3.490636089169792e-001, 5.235987755982987e-001,-1.134464013796314e+000, 0.000000000000000e+000, 2.094395102393195e+000, 0.000000000000000e+000, 0.000000000000000e+000, 0.000000000000000e+000
 7.420000000000000e+000,-2.251745993164293e-001, 2.543820916949500e-001,-3.490636100261559e-001, 5.235987755982992e-001,-1.134464013796315e+000, 0.000000000000000e+000, 2.094395102393195e+000, 0.000000000000000e+000, 0.000000000000000e+000, 0.000000000000000e+000
 7.430000000000000e+000,-2.252201231852810e-001, 2.543520006267062e-001,-3.490636111711017e-001, 5.235987755982992e-001,-1.134464013796314e+000, 0.000000000000000e+000, 2.094395102393196e+000, 0.000000000000000e+000, 0.000000000000000e+000, 0.000000000000000e+000
 7.440000000000000e+000,-2.252366482759884e-001, 2.543161551651816e-001,-3.490636125251514e-001, 5.235987755982987e-001,-1.134464013796315e+000, 0.000000000000000e+000, 2.094395102393195e+000, 0.000000000000000e+000, 2.220446049250313e-016, 0.000000000000000e+000
 7.449999999999999e+000,-2.252221337755815e-001, 2.542836608761649e-001,-3.490636143879931e-001, 5.235987755982992e-001,-1.134464013796314e+000, 0.000000000000000e+000, 2.094395102393196e+000, 0.000000000000000e+000, 0.000000000000000e+000, 0.000000000000000e+000
 7.460000000000000e+000,-2.251783139609636e-001, 2.542632345711704e-001,-3.490636171045454e-001, 5.235987755982983e-001,-1.134464013796314e+000, 0.000000000000000e+000, 2.094395102393196e+000, 0.000000000000000e+000, 0.000000000000000e+000, 0.000000000000000e+000
 7.470000000000000e+000,-2.251118281931298e-001, 2.542611042906859e-001,-3.490636209830902e-001, 5.235987755982983e-001,-1.134464013796315e+000, 0.000000000000000e+000, 2.094395102393195e+000, 0.000000000000000e+000, 0.000000000000000e+000, 0.000000000000000e+000
 7.480000000000000e+000,-2.250339466441023e-001, 2.542795626007703e-001,-3.490636262518121e-001, 5.235987755982983e-001,-1.134464013796314e+000, 0.000000000000000e+000, 2.094395102393196e+000, 0.000000000000000e+000, 0.000000000000000e+000, 0.000000000000000e+000
 7.490000000000000e+000,-2.249575475886214e-001, 2.543174950873008e-001,-3.490636330747924e-001, 5.235987755982992e-001,-1.134464013796314e+000, 0.000000000000000e+000, 2.094395102393195e+000, 0.000000000000000e+000, 0.000000000000000e+000, 0.000000000000000e+000
 7.500000000000000e+000,-2.248942252422300e-001, 2.543732029423189e-001,-3.490636415947308e-001, 5.235987755982992e-001,-1.134464013796314e+000, 0.000000000000000e+000, 2.094395102393196e+000, 0.000000000000000e+000, 0.000000000000000e+000, 0.000000000000000e+000
 7.510000000000000e+000,-2.248542210458643e-001, 2.544466380493997e-001,-3.490636519307778e-001, 5.235987755982992e-001,-1.134464013796314e+000, 0.000000000000000e+000, 2.094395102393195e+000, 0.000000000000000e+000, 0.000000000000000e+000, 0.000000000000000e+000
 7.520000000000000e+000,-2.248468211513900e-001, 2.545387607193255e-001,-3.490636641047161e-001, 5.235987755982987e-001,-1.134464013796315e+000, 0.000000000000000e+000, 2.094395102393195e+000, 0.000000000000000e+000, 2.220446049250313e-016, 0.000000000000000e+000
 7.529999999999999e+000,-2.248794434069298e-001, 2.546496472211874e-001,-3.490636779650464e-001, 5.235987755982992e-001,-1.134464013796314e+000, 0.000000000000000e+000, 2.094395102393194e+000, 0.000000000000000e+000, 0.000000000000000e+000, 0.000000000000000e+000
 7.540000000000000e+000,-2.249564892769493e-001, 2.547781520682857e-001,-3.490636931684019e-001, 5.235987755982992e-001,-1.134464013796314e+000, 0.000000000000000e+000, 2.094395102393196e+000, 0.000000000000000e+000,-2.220446049250313e-016, 0.000000000000000e+000
 7.550000000000000e+000,-2.250782197643764e-001, 2.549224718840435e-001,-3.490637091729383e-001, 5.235987755982987e-001,-1.134464013796314e+000, 0.000000000000000e+000, 2.094395102393196e+000, 0.000000000000000e+000, 0.000000000000000e+000, 0.000000000000000e+000
 7.560000000000000e+000,-2.252417563097851e-001, 2.550786411723951e-001,-3.490637252161336e-001, 5.235987755982987e-001,-1.134464013796314e+000, 0.000000000000000e+000, 2.094395102393195e+000, 0.000000000000000e+000, 0.000000000000000e+000, 0.000000000000000e+000
 7.569999999999999e+000,-2.254468436030105e-001, 2.552374019450601e-001,-3.490637403348589e-001, 5.235987755982992e-001,-1.134464013796314e+000, 0.000000000000000e+000, 2.094395102393195e+000, 0.000000000000000e+000, 0.000000000000000e+000, 0.000000000000000e+000
 7.580000000000000e+000,-2.257016253125936e-001, 2.553826210845045e-001,-3.490637534029460e-001, 5.235987755982992e-001,-1.134464013796314e+000, 0.000000000000000e+000, 2.094395102393196e+000, 0.000000000000000e+000, 0.000000000000000e+000, 0.000000000000000e+000
 7.590000000000000e+000,-2.260222292654856e-001, 2.554915591478280e-001,-3.490637630963029e-001, 5.235987755982987e-001,-1.134464013796315e+000, 0.000000000000000e+000, 2.094395102393195e+000, 0.000000000000000e+000, 2.220446049250313e-016, 0.000000000000000e+000
 7.600000000000000e+000,-2.264284247609967e-001, 2.555349891072301e-001,-3.490637678154594e-001, 5.235987755982992e-001,-1.134464013796314e+000, 0.000000000000000e+000, 2.094395102393196e+000, 0.000000000000000e+000, 0.000000000000000e+000, 0.000000000000000e+000
 7.609999999999999e+000,-2.269391986798380e-001, 2.554772670041650e-001,-3.490637656558184e-001, 5.235987755982987e-001,-1.134464013796314e+000, 0.000000000000000e+000, 2.094395102393195e+000, 0.000000000000000e+000, 2.220446049250313e-016, 0.000000000000000e+000
 7.619999999999999e+000,-2.275684009522892e-001, 2.552782815276280e-001,-3.490637544678017e-001, 5.235987755982992e-001,-1.134464013796314e+000, 0.000000000000000e+000, 2.094395102393195e+000, 0.000000000000000e+000,-2.220446049250313e-016, 0.000000000000000e+000
 7.629999999999999e+000,-2.283225756792430e-001, 2.548972326392276e-001,-3.490637320056791e-001, 5.235987755982992e-001,-1.134464013796314e+000, 0.000000000000000e+000, 2.094395102393195e+000, 0.000000000000000e+000, 0.000000000000000e+000, 0.000000000000000e+000
 7.640000000000000e+000,-2.292023803826209e-001, 2.542968941160249e-001,-3.490636961389657e-001, 5.235987755982987e-001,-1.134464013796314e+000, 0.000000000000000e+000, 2.094395102393196e+000, 0.000000000000000e+000, 2.220446049250313e-016, 0.000000000000000e+000
 7.650000000000000e+000,-2.302031619722379e-001, 2.534490943465539e-001,-3.490636451439613e-001, 5.235987755982983e-001,-1.134464013796315e+000, 0.000000000000000e+000, 2.094395102393196e+000, 0.000000000000000e+000, 0.000000000000000e+000, 0.000000000000000e+000
 7.660000000000000e+000,-2.313112335344224e-001, 2.523427207787417e-001,-3.490635781543220e-001, 5.235987755982987e-001,-1.134464013796314e+000, 0.000000000000000e+000, 2.094395102393196e+000, 0.000000000000000e+000, 0.000000000000000e+000, 0.000000000000000e+000
 7.670000000000000e+000,-2.324972329943661e-001, 2.509948716427752e-001,-3.490634958517573e-001, 5.235987755982987e-001,-1.134464013796314e+000, 0.000000000000000e+000, 2.094395102393196e+000, 0.000000000000000e+000, 0.000000000000000e+000, 0.000000000000000e+000
 7.680000000000000e+000,-2.337084292029732e-001, 2.494638913091620e-001,-3.490634013229703e-001, 5.235987755982992e-001,-1.134464013796314e+000, 0.000000000000000e+000, 2.094395102393196e+000, 0.000000000000000e+000, 0.000000000000000e+000, 0.000000000000000e+000
 7.690000000000000e+000,-2.348680357390032e-001, 2.478523172912153e-001,-3.490633004030009e-001, 5.235987755982983e-001,-1.134464013796315e+000, 0.000000000000000e+000, 2.094395102393194e+000, 0.000000000000000e+000,-2.220446049250313e-016, 0.000000000000000e+000
 7.699999999999999e+000,-2.358944632643983e-001, 2.462838451112539e-001,-3.490632005032077e-001, 5.235987755982992e-001,-1.134464013796314e+000, 0.000000000000000e+000, 2.094395102393195e+000, 0.000000000000000e+000, 0.000000000000000e+000, 0.000000000000000e+000
 7.709999999999999e+000,-2.367330746874704e-001, 2.448649631016937e-001,-3.490631083300770e-001, 5.235987755982987e-001,-1.134464013796314e+000, 0.000000000000000e+000, 2.094395102393195e+000, 0.000000000000000e+000, 0.000000000000000e+000, 0.000000000000000e+000
 7.720000000000000e+000,-2.373737506429856e-001, 2.436622608436876e-001,-3.490630283227946e-001, 5.235987755982992e-001,-1.134464013796314e+000, 0.000000000000000e+000, 2.094395102393195e+000, 0.000000000000000e+000, 0.000000000000000e+000, 0.000000000000000e+000
 7.730000000000000e+000,-2.378427798013205e-001, 2.427040335557240e-001,-3.490629625460823e-001, 5.235987755982987e-001,-1.134464013796314e+000, 0.000000000000000e+000, 2.094395102393195e+000, 0.000000000000000e+000,-2.220446049250313e-016, 0.000000000000000e+000
 7.740000000000000e+000,-2.381817293459274e-001, 2.419916804548552e-001,-3.490629112600343e-001, 5.235987755982992e-001,-1.134464013796314e+000, 0.000000000000000e+000, 2.094395102393196e+000, 0.000000000000000e+000, 0.000000000000000e+000, 0.000000000000000e+000
 7.750000000000000e+000,-2.384306087099348e-001, 2.415108086970386e-001,-3.490628735340301e-001, 5.235987755982992e-001,-1.134464013796314e+000, 0.000000000000000e+000, 2.094395102393195e+000, 0.000000000000000e+000, 2.220446049250313e-016, 0.000000000000000e+000
 7.760000000000000e+000,-2.386222674967232e-001, 2.412397490719318e-001,-3.490628477756443e-001, 5.235987755982983e-001,-1.134464013796314e+000, 0.000000000000000e+000, 2.094395102393195e+000, 0.000000000000000e+000,-2.220446049250313e-016, 0.000000000000000e+000
 7.770000000000000e+000,-2.387844515404594e-001, 2.411548129943293e-001,-3.490628321404745e-001, 5.235987755982987e-001,-1.134464013796314e+000, 0.000000000000000e+000, 2.094395102393195e+000, 0.000000000000000e+000, 0.000000000000000e+000, 0.000000000000000e+000
 7.779999999999999e+000,-2.389430185850253e-001, 2.412326308527522e-001,-3.490628247988106e-001, 5.235987755982992e-001,-1.134464013796314e+000, 0.000000000000000e+000, 2.094395102393195e+000, 0.000000000000000e+000, 0.000000000000000e+000, 0.000000000000000e+000
 7.789999999999999e+000,-2.391224643833833e-001, 2.414508571065377e-001,-3.490628240705934e-001, 5.235987755982992e-001,-1.134464013796314e+000, 0.000000000000000e+000, 2.094395102393195e+000, 0.000000000000000e+000, 2.220446049250313e-016, 0.000000000000000e+000
 7.800000000000000e+000,-2.393440553000286e-001, 2.417885401462829e-001,-3.490628284865233e-001, 5.235987755982992e-001,-1.134464013796315e+000, 0.000000000000000e+000, 2.094395102393196e+000, 0.000000000000000e+000, 0.000000000000000e+000, 0.000000000000000e+000
 7.810000000000000e+000,-2.396239708457720e-001, 2.422262133346167e-001,-3.490628368061399e-001, 5.235987755982987e-001,-1.134464013796314e+000, 0.000000000000000e+000, 2.094395102393196e+000, 0.000000000000000e+000, 2.220446049250313e-016, 0.000000000000000e+000
 7.820000000000000e+000,-2.399721523355909e-001, 2.427453967782010e-001,-3.490628479860118e-001, 5.235987755982987e-001,-1.134464013796314e+000, 0.000000000000000e+000, 2.094395102393195e+000, 0.000000000000000e+000, 0.000000000000000e+000, 0.000000000000000e+000
 7.830000000000000e+000,-2.403905131523239e-001, 2.433273510305520e-001,-3.490628611128903e-001, 5.235987755982983e-001,-1.134464013796314e+000, 0.000000000000000e+000, 2.094395102393196e+000, 0.000000000000000e+000, 0.000000000000000e+000, 0.000000000000000e+000
 7.840000000000000e+000,-2.408708230518308e-001, 2.439513975090222e-001,-3.490628753388619e-001, 5.235987755982987e-001,-1.134464013796314e+000, 0.000000000000000e+000, 2.094395102393195e+000, 0.000000000000000e+000, 0.000000000000000e+000, 0.000000000000000e+000
 7.850000000000000e+000,-2.413949308401012e-001, 2.445951316036910e-001,-3.490628898708919e-001, 5.235987755982992e-001,-1.134464013796314e+000, 0.000000000000000e+000, 2.094395102393196e+000, 0.000000000000000e+000, 0.000000000000000e+000, 0.000000000000000e+000
 7.859999999999999e+000,-2.419386661587937e-001, 2.452372847699675e-001,-3.490629040171862e-001, 5.235987755982987e-001,-1.134464013796315e+000, 0.000000000000000e+000, 2.094395102393196e+000, 0.000000000000000e+000, 0.000000000000000e+000, 0.000000000000000e+000
 7.869999999999999e+000,-2.424770543608876e-001, 2.458603308970471e-001,-3.490629172352511e-001, 5.235987755982992e-001,-1.134464013796314e+000, 0.000000000000000e+000, 2.094395102393196e+000, 0.000000000000000e+000, 0.000000000000000e+000, 0.000000000000000e+000
 7.880000000000000e+000,-2.429880379084179e-001, 2.464515341984306e-001,-3.490629291955602e-001, 5.235987755982987e-001,-1.134464013796314e+000, 0.000000000000000e+000, 2.094395102393195e+000, 0.000000000000000e+000, 0.000000000000000e+000, 0.000000000000000e+000
 7.890000000000000e+000,-2.434544391287386e-001, 2.470033879249960e-001,-3.490629398781068e-001, 5.235987755982987e-001,-1.134464013796314e+000, 0.000000000000000e+000, 2.094395102393196e+000, 0.000000000000000e+000, 0.000000000000000e+000, 0.000000000000000e+000
 7.900000000000000e+000,-2.438640698772799e-001, 2.475131165686189e-001,-3.490629495853108e-001, 5.235987755982987e-001,-1.134464013796315e+000, 0.000000000000000e+000, 2.094395102393195e+000, 0.000000000000000e+000, 0.000000000000000e+000, 0.000000000000000e+000
 7.910000000000000e+000,-2.442083217165908e-001, 2.479814645666614e-001,-3.490629588008540e-001, 5.235987755982987e-001,-1.134464013796314e+000, 0.000000000000000e+000, 2.094395102393196e+000, 0.000000000000000e+000, 0.000000000000000e+000, 0.000000000000000e+000
 7.920000000000000e+000,-2.444812099953680e-001, 2.484127448541686e-001,-3.490629680302172e-001, 5.235987755982987e-001,-1.134464013796314e+000, 0.000000000000000e+000, 2.094395102393194e+000, 0.000000000000000e+000, 2.220446049250313e-016, 0.000000000000000e+000
 7.930000000000000e+000,-2.446795339933531e-001, 2.488156554149335e-001,-3.490629777366262e-001, 5.235987755982987e-001,-1.134464013796315e+000, 0.000000000000000e+000, 2.094395102393195e+000, 0.000000000000000e+000,-2.220446049250313e-016, 0.000000000000000e+000
 7.940000000000000e+000,-2.448032782970166e-001, 2.492019796243434e-001,-3.490629883120468e-001, 5.235987755982987e-001,-1.134464013796314e+000, 0.000000000000000e+000, 2.094395102393196e+000, 0.000000000000000e+000, 2.220446049250313e-016, 0.000000000000000e+000
 7.949999999999999e+000,-2.448554253719091e-001, 2.495829047082943e-001,-3.490630000297396e-001, 5.235987755982992e-001,-1.134464013796315e+000, 0.000000000000000e+000, 2.094395102393195e+000, 0.000000000000000e+000, 0.000000000000000e+000, 0.000000000000000e+000
 7.959999999999999e+000,-2.448400826261259e-001, 2.499658088329841e-001,-3.490630130060851e-001, 5.235987755982992e-001,-1.134464013796314e+000, 0.000000000000000e+000, 2.094395102393196e+000, 0.000000000000000e+000, 0.000000000000000e+000, 0.000000000000000e+000
 7.969999999999999e+000,-2.447598155376136e-001, 2.503536899889580e-001,-3.490630271907169e-001, 5.235987755982987e-001,-1.134464013796314e+000, 0.000000000000000e+000, 2.094395102393195e+000,-2.107342425544702e-008, 0.000000000000000e+000, 0.000000000000000e+000
 7.980000000000000e+000,-2.446156351700524e-001, 2.507461390677559e-001,-3.490630423859674e-001, 5.235987755982983e-001,-1.134464013796315e+000, 0.000000000000000e+000, 2.094395102393196e+000, 0.000000000000000e+000, 0.000000000000000e+000, 0.000000000000000e+000
 7.989999999999999e+000,-2.444096465075730e-001, 2.511395594435564e-001,-3.490630582943489e-001, 5.235987755982992e-001,-1.134464013796314e+000, 0.000000000000000e+000, 2.094395102393195e+000, 0.000000000000000e+000, 0.000000000000000e+000, 0.000000000000000e+000
 8.000000000000000e+000,-2.441461356234255e-001, 2.515270769092746e-001,-3.490630745703182e-001, 5.235987755982992e-001,-1.134464013796314e+000, 0.000000000000000e+000, 2.094395102393196e+000, 0.000000000000000e+000, 0.000000000000000e+000, 0.000000000000000e+000
 8.010000000000000e+000,-2.438305170640731e-001, 2.519004657921244e-001,-3.490630908644855e-001, 5.235987755982992e-001,-1.134464013796315e+000, 0.000000000000000e+000, 2.094395102393195e+000, 0.000000000000000e+000, 0.000000000000000e+000, 0.000000000000000e+000
 8.020000000000000e+000,-2.434704486265235e-001, 2.522538095664448e-001,-3.490631068900551e-001, 5.235987755982987e-001,-1.134464013796314e+000, 0.000000000000000e+000, 2.094395102393195e+000, 0.000000000000000e+000, 0.000000000000000e+000, 0.000000000000000e+000
 8.029999999999999e+000,-2.430801842675208e-001, 2.525852299070213e-001,-3.490631224792327e-001, 5.235987755982992e-001,-1.134464013796314e+000, 0.000000000000000e+000, 2.094395102393195e+000, 0.000000000000000e+000,-2.220446049250313e-016, 0.000000000000000e+000
 8.039999999999999e+000,-2.426836935633419e-001, 2.528950030784978e-001,-3.490631375484482e-001, 5.235987755982987e-001,-1.134464013796314e+000, 0.000000000000000e+000, 2.094395102393195e+000, 0.000000000000000e+000, 0.000000000000000e+000, 0.000000000000000e+000
 8.049999999999999e+000,-2.423138415096525e-001, 2.531825856583403e-001,-3.490631519937216e-001, 5.235987755982983e-001,-1.134464013796315e+000, 0.000000000000000e+000, 2.094395102393196e+000, 0.000000000000000e+000, 0.000000000000000e+000, 0.000000000000000e+000
 8.059999999999999e+000,-2.420087301360659e-001, 2.534447198228365e-001,-3.490631656066463e-001, 5.235987755982992e-001,-1.134464013796314e+000, 0.000000000000000e+000, 2.094395102393195e+000, 0.000000000000000e+000, 0.000000000000000e+000, 0.000000000000000e+000
 8.070000000000000e+000,-2.418049510596692e-001, 2.536754064353415e-001,-3.490631780871449e-001, 5.235987755982992e-001,-1.134464013796314e+000, 0.000000000000000e+000, 2.094395102393196e+000, 0.000000000000000e+000,-2.220446049250313e-016, 0.000000000000000e+000
 8.080000000000000e+000,-2.417288812894789e-001, 2.538682369078464e-001,-3.490631891810497e-001, 5.235987755982992e-001,-1.134464013796314e+000, 0.000000000000000e+000, 2.094395102393195e+000, 0.000000000000000e+000, 0.000000000000000e+000, 0.000000000000000e+000
 8.090000000000000e+000,-2.417923737622736e-001, 2.540202405558896e-001,-3.490631988690967e-001, 5.235987755982987e-001,-1.134464013796314e+000, 0.000000000000000e+000, 2.094395102393195e+000, 0.000000000000000e+000, 0.000000000000000e+000, 0.000000000000000e+000
 8.100000000000000e+000,-2.419957923387696e-001, 2.541358043110014e-001,-3.490632074940351e-001, 5.235987755982992e-001,-1.134464013796314e+000, 0.000000000000000e+000, 2.094395102393195e+000, 0.000000000000000e+000, 2.220446049250313e-016, 0.000000000000000e+000
 8.109999999999999e+000,-2.423332510698427e-001, 2.542283212674379e-001,-3.490632157577472e-001, 5.235987755982992e-001,-1.134464013796314e+000, 0.000000000000000e+000, 2.094395102393195e+000, 0.000000000000000e+000, 0.000000000000000e+000, 0.000000000000000e+000
 8.119999999999999e+000,-2.427952019854164e-001, 2.543169822893703e-001,-3.490632245780562e-001, 5.235987755982987e-001,-1.134464013796315e+000, 0.000000000000000e+000, 2.094395102393196e+000, 0.000000000000000e+000,-2.220446049250313e-016, 0.000000000000000e+000
 8.129999999999999e+000,-2.433695115876961e-001, 2.544203249036143e-001,-3.490632349145413e-001, 5.235987755982987e-001,-1.134464013796314e+000, 0.000000000000000e+000, 2.094395102393195e+000, 0.000000000000000e+000,-2.220446049250313e-016, 0.000000000000000e+000
 8.140000000000001e+000,-2.440439097709647e-001, 2.545518982655488e-001,-3.490632476800475e-001, 5.235987755982992e-001,-1.134464013796314e+000, 0.000000000000000e+000, 2.094395102393194e+000, 0.000000000000000e+000, 0.000000000000000e+000, 0.000000000000000e+000
 8.149999999999999e+000,-2.448073434567399e-001, 2.547208117085724e-001,-3.490632636393694e-001, 5.235987755982987e-001,-1.134464013796314e+000, 0.000000000000000e+000, 2.094395102393194e+000, 0.000000000000000e+000, 0.000000000000000e+000, 0.000000000000000e+000
 8.160000000000000e+000,-2.456443166856166e-001, 2.549346603609177e-001,-3.490632831819295e-001, 5.235987755982987e-001,-1.134464013796314e+000, 0.000000000000000e+000, 2.094395102393195e+000, 0.000000000000000e+000, 0.000000000000000e+000, 0.000000000000000e+000
 8.170000000000000e+000,-2.465229173613037e-001, 2.552007386664885e-001,-3.490633060923415e-001, 5.235987755982987e-001,-1.134464013796313e+000, 0.000000000000000e+000, 2.094395102393195e+000, 0.000000000000000e+000, 0.000000000000000e+000, 0.000000000000000e+000
 8.180000000000000e+000,-2.473886849691038e-001, 2.555247303672670e-001,-3.490633315584016e-001, 5.235987755982992e-001,-1.134464013796314e+000, 0.000000000000000e+000, 2.094395102393195e+000, 0.000000000000000e+000, 0.000000000000000e+000, 0.000000000000000e+000
 8.190000000000000e+000,-2.481761014646375e-001, 2.559090316360109e-001,-3.490633585203648e-001, 5.235987755982987e-001,-1.134464013796315e+000, 0.000000000000000e+000, 2.094395102393196e+000, 0.000000000000000e+000,-2.220446049250313e-016, 0.000000000000000e+000
 8.199999999999999e+000,-2.488291479160234e-001, 2.563522172596127e-001,-3.490633860844753e-001, 5.235987755982987e-001,-1.134464013796314e+000, 0.000000000000000e+000, 2.094395102393196e+000, 0.000000000000000e+000,-2.220446049250313e-016, 0.000000000000000e+000
 8.209999999999999e+000,-2.493119644198481e-001, 2.568499026890927e-001,-3.490634136220450e-001, 5.235987755982992e-001,-1.134464013796314e+000, 0.000000000000000e+000, 2.094395102393196e+000, 0.000000000000000e+000, 0.000000000000000e+000, 0.000000000000000e+000
 8.219999999999999e+000,-2.496086993273694e-001, 2.573958798003111e-001,-3.490634406394305e-001, 5.235987755982987e-001,-1.134464013796314e+000, 0.000000000000000e+000, 2.094395102393195e+000, 0.000000000000000e+000, 0.000000000000000e+000, 0.000000000000000e+000
 8.230000000000000e+000,-2.497231244679408e-001, 2.579814872567370e-001,-3.490634667248497e-001, 5.235987755982987e-001,-1.134464013796314e+000, 0.000000000000000e+000, 2.094395102393195e+000, 0.000000000000000e+000, 2.220446049250313e-016, 0.000000000000000e+000
 8.239999999999998e+000,-2.496788943686048e-001, 2.585928122063048e-001,-3.490634915783784e-001, 5.235987755982992e-001,-1.134464013796314e+000, 0.000000000000000e+000, 2.094395102393195e+000, 0.000000000000000e+000, 0.000000000000000e+000, 0.000000000000000e+000
 8.250000000000000e+000,-2.495140048557871e-001, 2.592082529660469e-001,-3.490635149854033e-001, 5.235987755982992e-001,-1.134464013796313e+000, 0.000000000000000e+000, 2.094395102393195e+000, 0.000000000000000e+000, 2.220446049250313e-016, 0.000000000000000e+000
 8.260000000000000e+000,-2.492676147536697e-001, 2.598005744472303e-001,-3.490635367554041e-001, 5.235987755982992e-001,-1.134464013796315e+000, 0.000000000000000e+000, 2.094395102393195e+000, 0.000000000000000e+000, 2.220446049250313e-016, 0.000000000000000e+000
 8.270000000000000e+000,-2.489679027440638e-001, 2.603434837468974e-001,-3.490635567168741e-001, 5.235987755982983e-001,-1.134464013796315e+000, 0.000000000000000e+000, 2.094395102393194e+000, 0.000000000000000e+000, 0.000000000000000e+000, 0.000000000000000e+000
 8.279999999999999e+000,-2.486318306657038e-001, 2.608175279942913e-001,-3.490635747634415e-001, 5.235987755982987e-001,-1.134464013796314e+000, 0.000000000000000e+000, 2.094395102393195e+000, 0.000000000000000e+000, 2.220446049250313e-016, 0.000000000000000e+000
 8.289999999999999e+000,-2.482742930367370e-001, 2.612124955480655e-001,-3.490635909074866e-001, 5.235987755982987e-001,-1.134464013796315e+000, 0.000000000000000e+000, 2.094395102393196e+000, 0.000000000000000e+000, 2.220446049250313e-016, 0.000000000000000e+000
 8.299999999999999e+000,-2.479138233816363e-001, 2.615274579276528e-001,-3.490636053050306e-001, 5.235987755982987e-001,-1.134464013796314e+000, 0.000000000000000e+000, 2.094395102393196e+000, 0.000000000000000e+000, 0.000000000000000e+000, 0.000000000000000e+000
 8.309999999999999e+000,-2.475693611150223e-001, 2.617694034951570e-001,-3.490636181946061e-001, 5.235987755982987e-001,-1.134464013796314e+000, 0.000000000000000e+000, 2.094395102393196e+000, 0.000000000000000e+000,-2.220446049250313e-016, 0.000000000000000e+000
 8.320000000000000e+000,-2.472540139855618e-001, 2.619512009624931e-001,-3.490636297684725e-001, 5.235987755982987e-001,-1.134464013796314e+000, 0.000000000000000e+000, 2.094395102393195e+000, 0.000000000000000e+000,-2.220446049250313e-016, 0.000000000000000e+000
 8.330000000000000e+000,-2.469727224935956e-001, 2.620901475134825e-001,-3.490636400971314e-001, 5.235987755982983e-001,-1.134464013796314e+000, 0.000000000000000e+000, 2.094395102393196e+000, 0.000000000000000e+000, 0.000000000000000e+000, 0.000000000000000e+000
 8.340000000000000e+000,-2.467244820785953e-001, 2.622075753045225e-001,-3.490636491522315e-001, 5.235987755982987e-001,-1.134464013796315e+000, 0.000000000000000e+000, 2.094395102393196e+000, 0.000000000000000e+000, 0.000000000000000e+000, 0.000000000000000e+000
 8.350000000000000e+000,-2.465045676800808e-001, 2.623283640891909e-001,-3.490636568417575e-001, 5.235987755982992e-001,-1.134464013796314e+000, 0.000000000000000e+000, 2.094395102393196e+000, 0.000000000000000e+000, 2.220446049250313e-016, 0.000000000000000e+000
 8.359999999999999e+000,-2.463028264645228e-001, 2.624784580002033e-001,-3.490636629774406e-001, 5.235987755982992e-001,-1.134464013796314e+000, 0.000000000000000e+000, 2.094395102393195e+000, 0.000000000000000e+000, 2.220446049250313e-016, 0.000000000000000e+000
 8.369999999999999e+000,-2.461001631677006e-001, 2.626805261286671e-001,-3.490636672133732e-001, 5.235987755982983e-001,-1.134464013796314e+000, 0.000000000000000e+000, 2.094395102393196e+000, 0.000000000000000e+000, 0.000000000000000e+000, 0.000000000000000e+000
 8.379999999999999e+000,-2.458693883001440e-001, 2.629509033464910e-001,-3.490636690795564e-001, 5.235987755982987e-001,-1.134464013796314e+000, 0.000000000000000e+000, 2.094395102393195e+000, 0.000000000000000e+000, 2.220446049250313e-016, 0.000000000000000e+000
 8.390000000000001e+000,-2.455821317969132e-001, 2.632995084718983e-001,-3.490636681391229e-001, 5.235987755982983e-001,-1.134464013796314e+000, 0.000000000000000e+000, 2.094395102393196e+000, 0.000000000000000e+000, 0.000000000000000e+000, 0.000000000000000e+000
 8.399999999999999e+000,-2.452152103542203e-001, 2.637302537895812e-001,-3.490636641267558e-001, 5.235987755982983e-001,-1.134464013796314e+000, 0.000000000000000e+000, 2.094395102393195e+000, 0.000000000000000e+000, 0.000000000000000e+000, 0.000000000000000e+000
 8.410000000000000e+000,-2.447510098046434e-001, 2.642396586825100e-001,-3.490636569519887e-001, 5.235987755982983e-001,-1.134464013796314e+000, 0.000000000000000e+000, 2.094395102393196e+000, 0.000000000000000e+000, 2.220446049250313e-016, 0.000000000000000e+000
 8.420000000000000e+000,-2.441768321862297e-001, 2.648152340505066e-001,-3.490636466542776e-001, 5.235987755982983e-001,-1.134464013796315e+000, 0.000000000000000e+000, 2.094395102393195e+000, 0.000000000000000e+000, 2.220446049250313e-016, 0.000000000000000e+000
 8.430000000000000e+000,-2.434888942923859e-001, 2.654359574238141e-001,-3.490636334302579e-001, 5.235987755982983e-001,-1.134464013796314e+000, 0.000000000000000e+000, 2.094395102393196e+000, 0.000000000000000e+000, 0.000000000000000e+000, 0.000000000000000e+000
 8.440000000000000e+000,-2.426965510581138e-001, 2.660744556825136e-001,-3.490636176726941e-001, 5.235987755982987e-001,-1.134464013796314e+000, 0.000000000000000e+000, 2.094395102393195e+000, 0.000000000000000e+000, 2.220446049250313e-016, 0.000000000000000e+000
 8.449999999999999e+000,-2.418208364111933e-001, 2.666998437463186e-001,-3.490635999242522e-001, 5.235987755982987e-001,-1.134464013796315e+000, 0.000000000000000e+000, 2.094395102393196e+000, 0.000000000000000e+000, 0.000000000000000e+000, 0.000000000000000e+000
 8.459999999999999e+000,-2.408895269143806e-001, 2.672815787300453e-001,-3.490635807965026e-001, 5.235987755982987e-001,-1.134464013796315e+000, 0.000000000000000e+000, 2.094395102393195e+000, 0.000000000000000e+000, 0.000000000000000e+000, 0.000000000000000e+000
 8.469999999999999e+000,-2.399337170609867e-001, 2.677940048025946e-001,-3.490635609420655e-001, 5.235987755982987e-001,-1.134464013796314e+000, 0.000000000000000e+000, 2.094395102393196e+000, 0.000000000000000e+000, 2.220446049250313e-016, 0.000000000000000e+000
 8.480000000000000e+000,-2.389862591685550e-001, 2.682191141819104e-001,-3.490635410459128e-001, 5.235987755982987e-001,-1.134464013796314e+000, 0.000000000000000e+000, 2.094395102393194e+000, 0.000000000000000e+000, 0.000000000000000e+000, 0.000000000000000e+000
 8.489999999999998e+000,-2.380792462558253e-001, 2.685461179127415e-001,-3.490635217605499e-001, 5.235987755982983e-001,-1.134464013796315e+000, 0.000000000000000e+000, 2.094395102393195e+000, 0.000000000000000e+000, 0.000000000000000e+000, 0.000000000000000e+000
 8.500000000000000e+000,-2.372396119338764e-001, 2.687697748109879e-001,-3.490635036219439e-001, 5.235987755982992e-001,-1.134464013796314e+000, 0.000000000000000e+000, 2.094395102393196e+000, 0.000000000000000e+000, 0.000000000000000e+000, 0.000000000000000e+000
 8.510000000000000e+000,-2.364853115899138e-001, 2.688895483167380e-001,-3.490634870323927e-001, 5.235987755982992e-001,-1.134464013796314e+000, 0.000000000000000e+000, 2.094395102393196e+000, 0.000000000000000e+000, 0.000000000000000e+000, 0.000000000000000e+000
 8.520000000000000e+000,-2.358250068481097e-001, 2.689092854445803e-001,-3.490634722980956e-001, 5.235987755982992e-001,-1.134464013796315e+000, 0.000000000000000e+000, 2.094395102393196e+000, 0.000000000000000e+000, 0.000000000000000e+000, 0.000000000000000e+000
 8.529999999999999e+000,-2.352603560323371e-001, 2.688354875968815e-001,-3.490634596286739e-001, 5.235987755982983e-001,-1.134464013796315e+000, 0.000000000000000e+000, 2.094395102393195e+000, 0.000000000000000e+000, 0.000000000000000e+000, 0.000000000000000e+000
 8.539999999999999e+000,-2.347884766330075e-001, 2.686736842620681e-001,-3.490634491080370e-001, 5.235987755982992e-001,-1.134464013796314e+000, 0.000000000000000e+000, 2.094395102393196e+000, 0.000000000000000e+000, 0.000000000000000e+000, 0.000000000000000e+000
 8.549999999999999e+000,-2.344064480992711e-001, 2.684262690399923e-001,-3.490634407600324e-001, 5.235987755982992e-001,-1.134464013796315e+000, 0.000000000000000e+000, 2.094395102393195e+000, 0.000000000000000e+000, 0.000000000000000e+000, 0.000000000000000e+000
 8.559999999999999e+000,-2.341188168485379e-001, 2.680937251007720e-001,-3.490634346888412e-001, 5.235987755982983e-001,-1.134464013796314e+000, 0.000000000000000e+000, 2.094395102393195e+000, 0.000000000000000e+000,-2.220446049250313e-016, 0.000000000000000e+000
 8.570000000000000e+000,-2.339428230503083e-001, 2.676762464964329e-001,-3.490634311365560e-001, 5.235987755982987e-001,-1.134464013796315e+000, 0.000000000000000e+000, 2.094395102393195e+000, 0.000000000000000e+000, 0.000000000000000e+000, 0.000000000000000e+000
 8.579999999999998e+000,-2.339080341416892e-001, 2.671740611375699e-001,-3.490634304335264e-001, 5.235987755982987e-001,-1.134464013796314e+000, 0.000000000000000e+000, 2.094395102393195e+000, 0.000000000000000e+000, 0.000000000000000e+000, 0.000000000000000e+000
 8.590000000000000e+000,-2.340521674364867e-001, 2.665879080074440e-001,-3.490634329240093e-001, 5.235987755982987e-001,-1.134464013796314e+000, 0.000000000000000e+000, 2.094395102393195e+000, 0.000000000000000e+000, 0.000000000000000e+000, 0.000000000000000e+000
 8.600000000000000e+000,-2.344144367222827e-001, 2.659202261193596e-001,-3.490634388989122e-001, 5.235987755982987e-001,-1.134464013796314e+000, 0.000000000000000e+000, 2.094395102393196e+000, 0.000000000000000e+000,-2.220446049250313e-016, 0.000000000000000e+000
 8.609999999999999e+000,-2.350277904166090e-001, 2.651766944335809e-001,-3.490634485441644e-001, 5.235987755982987e-001,-1.134464013796315e+000, 0.000000000000000e+000, 2.094395102393195e+000, 0.000000000000000e+000, 0.000000000000000e+000, 0.000000000000000e+000
 8.619999999999999e+000,-2.359116081981561e-001, 2.643671595319126e-001,-3.490634618744473e-001, 5.235987755982992e-001,-1.134464013796314e+000, 0.000000000000000e+000, 2.094395102393195e+000, 0.000000000000000e+000, 2.220446049250313e-016, 0.000000000000000e+000
 8.629999999999999e+000,-2.370639965560206e-001, 2.635041677990184e-001,-3.490634785784733e-001, 5.235987755982987e-001,-1.134464013796314e+000, 0.000000000000000e+000, 2.094395102393196e+000, 0.000000000000000e+000,-2.220446049250313e-016, 0.000000000000000e+000
 8.639999999999999e+000,-2.384528548906891e-001, 2.625993656342420e-001,-3.490634978022649e-001, 5.235987755982983e-001,-1.134464013796314e+000, 0.000000000000000e+000, 2.094395102393195e+000, 0.000000000000000e+000, 0.000000000000000e+000, 0.000000000000000e+000
 8.649999999999999e+000,-2.400073566450353e-001, 2.616604958252284e-001,-3.490635179889473e-001, 5.235987755982987e-001,-1.134464013796315e+000, 0.000000000000000e+000, 2.094395102393196e+000, 0.000000000000000e+000, 0.000000000000000e+000, 0.000000000000000e+000
 8.660000000000000e+000,-2.416124999991125e-001, 2.606902994915885e-001,-3.490635368281969e-001, 5.235987755982992e-001,-1.134464013796314e+000, 0.000000000000000e+000, 2.094395102393196e+000, 0.000000000000000e+000, 0.000000000000000e+000, 0.000000000000000e+000
 8.670000000000000e+000,-2.431098945392468e-001, 2.596862601698440e-001,-3.490635513017701e-001, 5.235987755982987e-001,-1.134464013796314e+000, 0.000000000000000e+000, 2.094395102393195e+000, 0.000000000000000e+000,-2.220446049250313e-016, 0.000000000000000e+000
 8.680000000000000e+000,-2.443088631582434e-001, 2.586408082696763e-001,-3.490635578558072e-001, 5.235987755982987e-001,-1.134464013796314e+000, 0.000000000000000e+000, 2.094395102393196e+000, 0.000000000000000e+000,-2.220446049250313e-016, 0.000000000000000e+000
 8.690000000000000e+000,-2.450092325706039e-001, 2.575428728759488e-001,-3.490635527503503e-001, 5.235987755982987e-001,-1.134464013796314e+000, 0.000000000000000e+000, 2.094395102393195e+000, 0.000000000000000e+000, 0.000000000000000e+000, 0.000000000000000e+000
 8.699999999999999e+000,-2.450317021832793e-001, 2.563828701394351e-001,-3.490635333021018e-001, 5.235987755982992e-001,-1.134464013796315e+000, 0.000000000000000e+000, 2.094395102393196e+000, 0.000000000000000e+000, 0.000000000000000e+000, 0.000000000000000e+000
 8.709999999999999e+000,-2.442502119769097e-001, 2.551485691388988e-001,-3.490634954624270e-001, 5.235987755982987e-001,-1.134464013796314e+000, 0.000000000000000e+000, 2.094395102393196e+000, 0.000000000000000e+000,-2.220446049250313e-016, 0.000000000000000e+000
 8.719999999999999e+000,-2.426178745878594e-001, 2.538403776023952e-001,-3.490634387921789e-001, 5.235987755982992e-001,-1.134464013796314e+000, 0.000000000000000e+000, 2.094395102393196e+000, 0.000000000000000e+000, 0.000000000000000e+000, 0.000000000000000e+000
 8.730000000000000e+000,-2.401839002617263e-001, 2.524659579762816e-001,-3.490633638052905e-001, 5.235987755982992e-001,-1.134464013796315e+000, 0.000000000000000e+000, 2.094395102393196e+000, 0.000000000000000e+000, 0.000000000000000e+000, 0.000000000000000e+000
 8.739999999999998e+000,-2.370877015922066e-001, 2.510445977522546e-001,-3.490632728141301e-001, 5.235987755982992e-001,-1.134464013796315e+000, 0.000000000000000e+000, 2.094395102393196e+000, 0.000000000000000e+000,-2.220446049250313e-016, 0.000000000000000e+000
 8.750000000000000e+000,-2.335350782911856e-001, 2.496077273752537e-001,-3.490631697825130e-001, 5.235987755982992e-001,-1.134464013796314e+000, 0.000000000000000e+000, 2.094395102393196e+000, 0.000000000000000e+000, 2.220446049250313e-016, 0.000000000000000e+000
 8.760000000000000e+000,-2.297648943329315e-001, 2.481993430024256e-001,-3.490630599724637e-001, 5.235987755982987e-001,-1.134464013796315e+000, 0.000000000000000e+000, 2.094395102393195e+000, 0.000000000000000e+000, 0.000000000000000e+000, 0.000000000000000e+000
 8.770000000000000e+000,-2.260278506589253e-001, 2.468638426357990e-001,-3.490629496578183e-001, 5.235987755982983e-001,-1.134464013796315e+000, 0.000000000000000e+000, 2.094395102393196e+000, 0.000000000000000e+000,-2.220446049250313e-016, 0.000000000000000e+000
 8.779999999999999e+000,-2.224471635417522e-001, 2.456099613511829e-001,-3.490628421959882e-001, 5.235987755982992e-001,-1.134464013796314e+000, 0.000000000000000e+000, 2.094395102393195e+000, 0.000000000000000e+000, 0.000000000000000e+000, 0.000000000000000e+000
