Main.Studies.MarkerTracking.t,Main.Studies.MarkerTracking.JointAngleOutputs.OutputFile_LeftLeg.HipFlexion,Main.Studies.MarkerTracking.JointAngleOutputs.OutputFile_LeftLeg.HipAbduction,Main.Studies.MarkerTracking.JointAngleOutputs.OutputFile_LeftLeg.HipExternalRotation,Main.Studies.MarkerTracking.JointAngleOutputs.OutputFile_LeftLeg.KneeFlexion,Main.Studies.MarkerTracking.JointAngleOutputs.OutputFile_LeftLeg.AnklePlantarFlexion,Main.Studies.MarkerTracking.JointAngleOutputs.OutputFile_LeftLeg.SubTalarEversion
 1.907000000000000e+001, 1.393206007475933e+000, 1.669859776367666e-001,-6.343076341925552e-002, 1.479783773972066e+000,-5.637791760569723e-001,-4.165144955595758e-001
 1.908000000000000e+001, 1.390412302107175e+000, 1.665403365966056e-001,-6.297518490353872e-002, 1.478539843577815e+000,-5.637166584109671e-001,-4.159810396009819e-001
 1.909000000000000e+001, 1.387561660064386e+000, 1.660902343799169e-001,-6.252382342089097e-002, 1.477219504162525e+000,-5.636362498460403e-001,-4.154335497225336e-001
 1.910000000000000e+001, 1.384641958595111e+000, 1.656332785119594e-001,-6.205498778260180e-002, 1.475783881374372e+000,-5.635258511459017e-001,-4.148648810293771e-001
 1.911000000000000e+001, 1.381662106480420e+000, 1.651750100976297e-001,-6.156611097442260e-002, 1.474207857657496e+000,-5.633710966161766e-001,-4.142756335227966e-001
 1.912000000000000e+001, 1.378638358603259e+000, 1.647207004260893e-001,-6.106576841030899e-002, 1.472480719915791e+000,-5.631566719829491e-001,-4.136700888463705e-001
 1.913000000000000e+001, 1.375582120550312e+000, 1.642762610055828e-001,-6.056222635197481e-002, 1.470590875190039e+000,-5.628636818721359e-001,-4.130548873463117e-001
 1.914000000000000e+001, 1.372502972438265e+000, 1.638584538466175e-001,-6.007814420156619e-002, 1.468535290689562e+000,-5.624749499472102e-001,-4.124451424247357e-001
 1.915000000000000e+001, 1.369400894747690e+000, 1.634834179176765e-001,-5.961901450977556e-002, 1.466312921857471e+000,-5.619778477076296e-001,-4.118544959297605e-001
 1.916000000000000e+001, 1.366271949935777e+000, 1.631668418590293e-001,-5.918518518140782e-002, 1.463926701092408e+000,-5.613648199094217e-001,-4.112961068585932e-001
 1.917000000000000e+001, 1.363113839981695e+000, 1.629245370750387e-001,-5.878427837465044e-002, 1.461385135551378e+000,-5.606320402500378e-001,-4.107840018210008e-001
 1.918000000000000e+001, 1.359920659215234e+000, 1.627625203503820e-001,-5.840791442706284e-002, 1.458695972341202e+000,-5.597773289559489e-001,-4.103255336640071e-001
 1.919000000000000e+001, 1.356686624405799e+000, 1.626852359223279e-001,-5.805114480105699e-002, 1.455869846466956e+000,-5.587996198648314e-001,-4.099274642303098e-001
 1.920000000000000e+001, 1.353405708535534e+000, 1.626943512339341e-001,-5.770992441154694e-002, 1.452918929491101e+000,-5.576996099892950e-001,-4.095961493318766e-001
 1.921000000000000e+001, 1.350072330047748e+000, 1.627861991187443e-001,-5.737923272604211e-002, 1.449855466965541e+000,-5.564804262200684e-001,-4.093357218809873e-001
 1.922000000000000e+001, 1.346680915020901e+000, 1.629490524335777e-001,-5.705143610877569e-002, 1.446689985955558e+000,-5.551468620746659e-001,-4.091441337138442e-001
 1.923000000000000e+001, 1.343226568378541e+000, 1.631650151663264e-001,-5.672189433721437e-002, 1.443431291798105e+000,-5.537038762625053e-001,-4.090127772420112e-001
 1.924000000000000e+001, 1.339702399951984e+000, 1.634046946533316e-001,-5.637152367103793e-002, 1.440082050995369e+000,-5.521556973836146e-001,-4.089219073292938e-001
 1.925000000000000e+001, 1.336109425861394e+000, 1.636418639843860e-001,-5.599691920397307e-002, 1.436645942459360e+000,-5.505067457315611e-001,-4.088518189757909e-001
 1.926000000000000e+001, 1.332453175284467e+000, 1.638488674814991e-001,-5.559386552944003e-002, 1.433123637968469e+000,-5.487620330705814e-001,-4.087781443103565e-001
 1.927000000000000e+001, 1.328742194576089e+000, 1.640004735337062e-001,-5.516111921997660e-002, 1.429513294062677e+000,-5.469267707407508e-001,-4.086741771058080e-001
 1.928000000000000e+001, 1.324985893588333e+000, 1.640781244116385e-001,-5.470105631284614e-002, 1.425811051110107e+000,-5.450051740948437e-001,-4.085142970855951e-001
 1.929000000000000e+001, 1.321194459294881e+000, 1.640769094450238e-001,-5.422232508459506e-002, 1.422012739280572e+000,-5.429997659056727e-001,-4.082793449502278e-001
 1.930000000000000e+001, 1.317379264875949e+000, 1.640111629498091e-001,-5.374283566701191e-002, 1.418115503809547e+000,-5.409119698516366e-001,-4.079615924825551e-001
 1.931000000000000e+001, 1.313553541311934e+000, 1.639147631608400e-001,-5.329369096107400e-002, 1.414118976783454e+000,-5.387434788118553e-001,-4.075676826405201e-001
 1.932000000000000e+001, 1.309726851999381e+000, 1.638260022111215e-001,-5.289588078215905e-002, 1.410019994136733e+000,-5.364966339278180e-001,-4.071111209350062e-001
 1.933000000000000e+001, 1.305912141562659e+000, 1.637947802980129e-001,-5.258625598888918e-002, 1.405819294976013e+000,-5.341744799724584e-001,-4.066191249651235e-001
 1.934000000000000e+001, 1.302121170779235e+000, 1.638700439598471e-001,-5.239687822585140e-002, 1.401517867424773e+000,-5.317794493276915e-001,-4.061250037985006e-001
 1.935000000000000e+001, 1.298363651072140e+000, 1.640940599635548e-001,-5.235375185628664e-002, 1.397117740933223e+000,-5.293131995764906e-001,-4.056646181668115e-001
 1.936000000000000e+001, 1.294643160648703e+000, 1.644943152386429e-001,-5.246996895415602e-002, 1.392620881666812e+000,-5.267776954039495e-001,-4.052690027960799e-001
 1.937000000000000e+001, 1.290950049350446e+000, 1.650760366645969e-001,-5.273853463977097e-002, 1.388026847486034e+000,-5.241765867649526e-001,-4.049562993857488e-001
 1.938000000000000e+001, 1.287251083418274e+000, 1.658150848603461e-001,-5.312619553109745e-002, 1.383329095586529e+000,-5.215154793684816e-001,-4.047257725701999e-001
 1.939000000000000e+001, 1.283483394605074e+000, 1.666561823972841e-001,-5.357287440045631e-002, 1.378512156631335e+000,-5.188014724448629e-001,-4.045567507175408e-001
 1.940000000000000e+001, 1.279565039639018e+000, 1.675253438887654e-001,-5.400336591599533e-002, 1.373553881886226e+000,-5.160429008819112e-001,-4.044149554544291e-001
 1.941000000000000e+001, 1.275419075922465e+000, 1.683533342749077e-001,-5.434791512866703e-002, 1.368432957776268e+000,-5.132486044730521e-001,-4.042636219527588e-001
 1.942000000000000e+001, 1.270990732547018e+000, 1.690912477639612e-001,-5.455244587500656e-002, 1.363134933420615e+000,-5.104264108943671e-001,-4.040697118833067e-001
 1.943000000000000e+001, 1.266255206526195e+000, 1.697224792021292e-001,-5.459970443224762e-002, 1.357658569571592e+000,-5.075827945355131e-001,-4.038104688762296e-001
 1.944000000000000e+001, 1.261204512463537e+000, 1.702422640209573e-001,-5.447638790260245e-002, 1.352008413356077e+000,-5.047229774870654e-001,-4.034614553423960e-001
 1.945000000000000e+001, 1.255843689248715e+000, 1.706555152066895e-001,-5.418300061449468e-002, 1.346195628234602e+000,-5.018526217062658e-001,-4.029987435624887e-001
 1.946000000000000e+001, 1.250188774795666e+000, 1.709768844885449e-001,-5.374458810799221e-002, 1.340239060154864e+000,-4.989789103645330e-001,-4.024036392361831e-001
 1.947000000000000e+001, 1.244257638362948e+000, 1.712124448234103e-001,-5.318053917912992e-002, 1.334158451529721e+000,-4.961095336538550e-001,-4.016521273727614e-001
 1.948000000000000e+001, 1.238073710591161e+000, 1.713671711442779e-001,-5.252242325198278e-002, 1.327978629171112e+000,-4.932520760352520e-001,-4.007218600390273e-001
 1.949000000000000e+001, 1.231662266653483e+000, 1.714425852867809e-001,-5.180649312639057e-002, 1.321727960861278e+000,-4.904135079584907e-001,-3.995922207353923e-001
 1.950000000000000e+001, 1.225046512502479e+000, 1.714381827737417e-001,-5.106830683277666e-002, 1.315436614441874e+000,-4.876007872816918e-001,-3.982481878484189e-001
 1.951000000000000e+001, 1.218245075233741e+000, 1.713535450072947e-001,-5.033787998653236e-002, 1.309134337009403e+000,-4.848219366030396e-001,-3.966834565838988e-001
 1.952000000000000e+001, 1.211271984673049e+000, 1.711890628662651e-001,-4.963596702011143e-002, 1.302848077590441e+000,-4.820868063461138e-001,-3.949002312815736e-001
 1.953000000000000e+001, 1.204138107534161e+000, 1.709454205259153e-001,-4.897152457884921e-002, 1.296599606056760e+000,-4.794067669976641e-001,-3.929082226158085e-001
 1.954000000000000e+001, 1.196852089565017e+000, 1.706234017514769e-001,-4.834076916025779e-002, 1.290403235443320e+000,-4.767933478316951e-001,-3.907251223264606e-001
 1.955000000000000e+001, 1.189419915311656e+000, 1.702242574654156e-001,-4.772818419582649e-002, 1.284264012609699e+000,-4.742566572736195e-001,-3.883765136341950e-001
 1.956000000000000e+001, 1.181844127636514e+000, 1.697492527998901e-001,-4.710889070703728e-002, 1.278176634062212e+000,-4.718036383990976e-001,-3.858929467085843e-001
 1.957000000000000e+001, 1.174123399668974e+000, 1.691980488926217e-001,-4.645144695300477e-002, 1.272124866749908e+000,-4.694357110426559e-001,-3.833057100239182e-001
 1.958000000000000e+001, 1.166252307309720e+000, 1.685678214691972e-001,-4.572096980803708e-002, 1.266081527434475e+000,-4.671462710518031e-001,-3.806446577312366e-001
 1.959000000000000e+001, 1.158221894368901e+000, 1.678552845823162e-001,-4.488316762937845e-002, 1.260009995802879e+000,-4.649192057460584e-001,-3.779388343320363e-001
 1.960000000000000e+001, 1.150020855044184e+000, 1.670607343208488e-001,-4.390959920187097e-002, 1.253867658900682e+000,-4.627294184044564e-001,-3.752178508594668e-001
 1.961000000000000e+001, 1.141636187676888e+000, 1.661912192937387e-001,-4.278303573792441e-002, 1.247609976436069e+000,-4.605457231345313e-001,-3.725121985468032e-001
 1.962000000000000e+001, 1.133052724843481e+000, 1.652616965706786e-001,-4.150020849108533e-002, 1.241193671185846e+000,-4.583354531609003e-001,-3.698515915934547e-001
 1.963000000000000e+001, 1.124253470071488e+000, 1.642919606870523e-001,-4.007058209372803e-002, 1.234578729237513e+000,-4.560689708471355e-001,-3.672605403645484e-001
 1.964000000000000e+001, 1.115224661368339e+000, 1.632955931417275e-001,-3.851017690397788e-002, 1.227729254285733e+000,-4.537216934739651e-001,-3.647513527377296e-001
 1.965000000000000e+001, 1.105963312182014e+000, 1.622753878082370e-001,-3.684721543542439e-002, 1.220617413201687e+000,-4.512768686325522e-001,-3.623229648483610e-001
 1.966000000000000e+001, 1.096483582227694e+000, 1.612198858411584e-001,-3.510440342192034e-002, 1.213224051588156e+000,-4.487232454159786e-001,-3.599617460805457e-001
 1.967000000000000e+001, 1.086818504101335e+000, 1.601215166840537e-001,-3.330659458491807e-002, 1.205545138808653e+000,-4.460580656178295e-001,-3.576504778421522e-001
 1.968000000000000e+001, 1.077021680749698e+000, 1.589899998082118e-001,-3.148205842270029e-002, 1.197595409691447e+000,-4.432865224727299e-001,-3.553750316573117e-001
 1.969000000000000e+001, 1.067166817475682e+000, 1.578502864599432e-001,-2.965442768289453e-002, 1.189406414188851e+000,-4.404163623647709e-001,-3.531242483159650e-001
 1.970000000000000e+001, 1.057338000822100e+000, 1.567412949023879e-001,-2.785585089393066e-002, 1.181025567686830e+000,-4.374572924781807e-001,-3.508975341168166e-001
 1.971000000000000e+001, 1.047615789283601e+000, 1.556990597284971e-001,-2.611340169768285e-002, 1.172507212418599e+000,-4.344174985297061e-001,-3.486967067317229e-001
 1.972000000000000e+001, 1.038062710723974e+000, 1.547486011510371e-001,-2.444529658466071e-002, 1.163904707032869e+000,-4.313052072530598e-001,-3.465204864553768e-001
 1.973000000000000e+001, 1.028715012394041e+000, 1.539004228459855e-001,-2.285831652043949e-002, 1.155263214089620e+000,-4.281297991503223e-001,-3.443600893546726e-001
 1.974000000000000e+001, 1.019580830567964e+000, 1.531520283294121e-001,-2.134960926442717e-002, 1.146615248429888e+000,-4.249014362004246e-001,-3.421971590751988e-001
 1.975000000000000e+001, 1.010642360164551e+000, 1.524929693272505e-001,-1.991123203346394e-002, 1.137978909082146e+000,-4.216299313204415e-001,-3.400041518514778e-001
 1.976000000000000e+001, 1.001861029900178e+000, 1.519088611902866e-001,-1.853365694015559e-002, 1.129357757896885e+000,-4.183243638701993e-001,-3.377467220309141e-001
 1.977000000000000e+001, 9.931866841452224e-001, 1.513834277466291e-001,-1.720713278837675e-002, 1.120742675904098e+000,-4.149932090771716e-001,-3.353884681409252e-001
 1.978000000000000e+001, 9.845681736111956e-001, 1.509011429226868e-001,-1.592192280584000e-002, 1.112115459992836e+000,-4.116436477354389e-001,-3.328981767139578e-001
 1.979000000000000e+001, 9.759607837550623e-001, 1.504499181782744e-001,-1.466816061415599e-002, 1.103452485369023e+000,-4.082802371729569e-001,-3.302563932400262e-001
 1.980000000000000e+001, 9.673298167085782e-001, 1.500224403171697e-001,-1.343655279062510e-002, 1.094727851583190e+000,-4.049038112181513e-001,-3.274589860412219e-001
 1.981000000000000e+001, 9.586518897926751e-001, 1.496163917613589e-001,-1.222026262475989e-002, 1.085916093888137e+000,-4.015105553320119e-001,-3.245191749231535e-001
 1.982000000000000e+001, 9.499153483125040e-001, 1.492335791562924e-001,-1.101669439527738e-002, 1.076994328729083e+000,-3.980911780458945e-001,-3.214679972603260e-001
 1.983000000000000e+001, 9.411203070021873e-001, 1.488782363072285e-001,-9.827495862663651e-003, 1.067944641478110e+000,-3.946309280860357e-001,-3.183497708651034e-001
 1.984000000000000e+001, 9.322763773357058e-001, 1.485545681060507e-001,-8.656400531295449e-003, 1.058756601154540e+000,-3.911115324234008e-001,-3.152119872041812e-001
 1.985000000000000e+001, 9.233967612825382e-001, 1.482627581212364e-001,-7.506518987488307e-003, 1.049427682973748e+000,-3.875156091836231e-001,-3.120939779510625e-001
 1.986000000000000e+001, 9.144915895448370e-001, 1.479943207462005e-001,-6.378016428547398e-003, 1.039960959108862e+000,-3.838325073022232e-001,-3.090180669506433e-001
 1.987000000000000e+001, 9.055647988528874e-001, 1.477285793238836e-001,-5.264933157676791e-003, 1.030361639238207e+000,-3.800617732587037e-001,-3.059844546312920e-001
 1.988000000000000e+001, 8.966161846383380e-001, 1.474439964739189e-001,-4.165469751429647e-003, 1.020639237542871e+000,-3.762151344914904e-001,-3.029756350414803e-001
 1.989000000000000e+001, 8.876448487969026e-001, 1.471136972936229e-001,-3.073121361297980e-003, 1.010803247249450e+000,-3.723082306380020e-001,-2.999591279474327e-001
 1.990000000000000e+001, 8.786497942227799e-001, 1.467183938150893e-001,-1.988247607270538e-003, 1.000865498150514e+000,-3.683584768490733e-001,-2.968976501983988e-001
 1.991000000000000e+001, 8.696282152671957e-001, 1.462469331575969e-001,-9.178884041959961e-004, 9.908373770474184e-001,-3.643822591982410e-001,-2.937536864750671e-001
 1.992000000000000e+001, 8.605758745291445e-001, 1.456951451268536e-001, 1.235536212747275e-004, 9.807280454412002e-001,-3.603938943104839e-001,-2.904910978518364e-001
 1.993000000000000e+001, 8.514895767937035e-001, 1.450632451221934e-001, 1.115169694452381e-003, 9.705440698277040e-001,-3.564040934560642e-001,-2.870746670350273e-001
 1.994000000000000e+001, 8.423688494495468e-001, 1.443549266220003e-001, 2.032205577783672e-003, 9.602900596167101e-001,-3.524194253366040e-001,-2.834701378849862e-001
 1.995000000000000e+001, 8.332150511446980e-001, 1.435778224446036e-001, 2.850058360169857e-003, 9.499687723955258e-001,-3.484436573508347e-001,-2.796465874375364e-001
 1.996000000000000e+001, 8.240288046277979e-001, 1.427434889615442e-001, 3.547640940879001e-003, 9.395801830860431e-001,-3.444790863803313e-001,-2.755802688817858e-001
 1.997000000000000e+001, 8.148083057988473e-001, 1.418669244934072e-001, 4.108947208470237e-003, 9.291213027784425e-001,-3.405270337380494e-001,-2.712574651907860e-001
 1.998000000000000e+001, 8.055499615479007e-001, 1.409657300596159e-001, 4.524203402566859e-003, 9.185880452719019e-001,-3.365881500054034e-001,-2.666756218343617e-001
 1.999000000000000e+001, 7.957345399777340e-001, 1.406295004629357e-001, 4.000450285945860e-003, 9.075347542831845e-001,-3.325451891409123e-001,-2.617652303324031e-001
 2.000000000000000e+001, 7.856489416831441e-001, 1.403395820389288e-001, 3.277182992085424e-003, 8.961506460053822e-001,-3.284254666509156e-001,-2.565143890092705e-001
 2.001000000000000e+001, 7.762720971867109e-001, 1.394574240676623e-001, 3.324679256513245e-003, 8.853966483073895e-001,-3.245172966037853e-001,-2.512473714156601e-001
 2.002000000000000e+001, 7.668735836934758e-001, 1.386152711454152e-001, 3.281815326186486e-003, 8.745807558125216e-001,-3.206160691776781e-001,-2.458244213364312e-001
 2.003000000000000e+001, 7.574619784924666e-001, 1.378226669944502e-001, 3.179043396797404e-003, 8.637116583560004e-001,-3.167170187866636e-001,-2.402940710418544e-001
 2.004000000000000e+001, 7.480407364303969e-001, 1.370801109224515e-001, 3.047918691871488e-003, 8.527964775220243e-001,-3.128134318149178e-001,-2.346995225956972e-001
 2.005000000000000e+001, 7.386086242880232e-001, 1.363822604072522e-001, 2.913372831521824e-003, 8.418397596802213e-001,-3.088958673621913e-001,-2.290757646369475e-001
 2.006000000000000e+001, 7.291616403781008e-001, 1.357201134354134e-001, 2.789801991994418e-003, 8.308430830230502e-001,-3.049522011845791e-001,-2.234472189763839e-001
 2.007000000000000e+001, 7.196962658098585e-001, 1.350835398054451e-001, 2.679877861308093e-003, 8.198057640515782e-001,-3.009686062528018e-001,-2.178282047685482e-001
 2.008000000000000e+001, 7.102119318529839e-001, 1.344626735843575e-001, 2.576223481157262e-003, 8.087256662406355e-001,-2.969308218365138e-001,-2.122243302217402e-001
 2.009000000000000e+001, 7.007116572538802e-001, 1.338483520190932e-001, 2.464504560108547e-003, 7.975996728291959e-001,-2.928252122143887e-001,-2.066327399089233e-001
 2.010000000000000e+001, 6.912009145590583e-001, 1.332328245391787e-001, 2.325452024949264e-003, 7.864240247821249e-001,-2.886394069276932e-001,-2.010421224315774e-001
 2.011000000000000e+001, 6.816864491720398e-001, 1.326110841421400e-001, 2.135367633115389e-003, 7.751951899654997e-001,-2.843628950528543e-001,-1.954355613938903e-001
 2.012000000000000e+001, 6.721767621243093e-001, 1.319822237847934e-001, 1.867277520566202e-003, 7.639115283707384e-001,-2.799879566121301e-001,-1.897952852245228e-001
 2.013000000000000e+001, 6.626836387229297e-001, 1.313499134203393e-001, 1.493981805219128e-003, 7.525746524222881e-001,-2.755104738041576e-001,-1.841059003184292e-001
 2.014000000000000e+001, 6.532224035855980e-001, 1.307218462602107e-001, 9.920930214565452e-004, 7.411895691791012e-001,-2.709302294158818e-001,-1.783568440276134e-001
 2.015000000000000e+001, 6.438100177018316e-001, 1.301085968308025e-001, 3.461741291266243e-004, 7.297643588951041e-001,-2.662509560283599e-001,-1.725452952153312e-001
 2.016000000000000e+001, 6.344621377867183e-001, 1.295213435572886e-001,-4.478397940481567e-004, 7.183101024381295e-001,-2.614803185869540e-001,-1.666765931442895e-001
 2.017000000000000e+001, 6.251901681156875e-001, 1.289683966589972e-001,-1.381262151605671e-003, 7.068403619613884e-001,-2.566296819970892e-001,-1.607612555294843e-001
 2.018000000000000e+001, 6.160007024252822e-001, 1.284534152556991e-001,-2.433985676892766e-003, 6.953699731663108e-001,-2.517134933978495e-001,-1.548124415276720e-001
 2.019000000000000e+001, 6.069004813129966e-001, 1.279778245267778e-001,-3.578285487451180e-003, 6.839144836636623e-001,-2.467487583372700e-001,-1.488455045810369e-001
 2.020000000000000e+001, 5.979041043583036e-001, 1.275438482224145e-001,-4.784020592263617e-003, 6.724909258892452e-001,-2.417549238203569e-001,-1.428767258151435e-001
 2.021000000000000e+001, 5.890370724484076e-001, 1.271532111403837e-001,-6.023060633951279e-003, 6.611187368567388e-001,-2.367529578456638e-001,-1.369202346541285e-001
 2.022000000000000e+001, 5.803325599283963e-001, 1.268041036542218e-001,-7.271112743630771e-003, 6.498196820318932e-001,-2.317626563026465e-001,-1.309864099645432e-001
 2.023000000000000e+001, 5.718266069756594e-001, 1.264916144227524e-001,-8.507892271167139e-003, 6.386174586207642e-001,-2.267996702232324e-001,-1.250830156383405e-001
 2.024000000000000e+001, 5.635542863879852e-001, 1.262103178701506e-001,-9.717910455095524e-003, 6.275385082210010e-001,-2.218749933140296e-001,-1.192160301254915e-001
 2.025000000000000e+001, 5.555459819392450e-001, 1.259544649661124e-001,-1.089166484737333e-002, 6.166134603928849e-001,-2.169974291930037e-001,-1.133883634795676e-001
 2.026000000000000e+001, 5.478237055091626e-001, 1.257159157965053e-001,-1.202560533093484e-002, 6.058769091009117e-001,-2.121766030269876e-001,-1.075985320894408e-001
 2.027000000000000e+001, 5.403993458584229e-001, 1.254838528184044e-001,-1.312074584466855e-002, 5.953653244873844e-001,-2.074246130975602e-001,-1.018414547303092e-001
 2.028000000000000e+001, 5.332757454956918e-001, 1.252474619747688e-001,-1.418080125407418e-002, 5.851147266496639e-001,-2.027562594510828e-001,-9.611121583339805e-002
 2.029000000000000e+001, 5.264494693067406e-001, 1.249991731883331e-001,-1.521064098381475e-002, 5.751591636125695e-001,-1.981880071390308e-001,-9.040537822534618e-002
 2.030000000000000e+001, 5.199139855162315e-001, 1.247365967278593e-001,-1.621519315904439e-002, 5.655305709112068e-001,-1.937366155628357e-001,-8.472985648806962e-002
 2.031000000000000e+001, 5.136624060239085e-001, 1.244624005913229e-001,-1.719825734647100e-002, 5.562602241668616e-001,-1.894192074881230e-001,-7.910205475843475e-002
 2.032000000000000e+001, 5.076897201906884e-001, 1.241825555597977e-001,-1.816146804330519e-002, 5.473816468189180e-001,-1.852550944224020e-001,-7.355191010412407e-002
 2.033000000000000e+001, 5.019960735414387e-001, 1.239049611198526e-001,-1.910429957876074e-002, 5.389348182727241e-001,-1.812679821846460e-001,-6.812287359856901e-002
 2.034000000000000e+001, 4.965925725849934e-001, 1.236392311304437e-001,-2.002441091952679e-002, 5.309712004439178e-001,-1.774874036124758e-001,-6.287412614322217e-002
 2.035000000000000e+001, 4.915072751825705e-001, 1.233962950950696e-001,-2.091661350409531e-002, 5.235584331611591e-001,-1.739491859944061e-001,-5.788318754698917e-002
 2.036000000000000e+001, 4.867875547361865e-001, 1.231871830323865e-001,-2.177039431703596e-002, 5.167834854393758e-001,-1.706953856104327e-001,-5.324757459723661e-002
 2.037000000000000e+001, 4.824997247568461e-001, 1.230216325681599e-001,-2.256806650663082e-002, 5.107538817155672e-001,-1.677742899396849e-001,-4.908451935940722e-002
 2.038000000000000e+001, 4.787290557097079e-001, 1.229067845236156e-001,-2.328586598279965e-002, 5.055972487239103e-001,-1.652405670773337e-001,-4.552744745822143e-002
 2.039000000000000e+001, 4.755799235161399e-001, 1.228458285739329e-001,-2.389747732642507e-002, 5.014597178393616e-001,-1.631553136414952e-001,-4.271949914268595e-002
 2.040000000000000e+001, 4.731688727217423e-001, 1.228368653567697e-001,-2.437593930859044e-002, 4.985011965363960e-001,-1.615855453259653e-001,-4.080599723862690e-002
 2.041000000000000e+001, 4.716406583416691e-001, 1.228743697399310e-001,-2.470157748856383e-002, 4.968981336875968e-001,-1.606023119059112e-001,-3.992285196839863e-002
 2.042000000000000e+001, 4.711212488403158e-001, 1.229499976857456e-001,-2.485213698172894e-002, 4.968189303428854e-001,-1.602756472429417e-001,-4.019226390787060e-002
 2.043000000000000e+001, 4.717280000339376e-001, 1.230550594064330e-001,-2.480804555996901e-002, 4.984181683391310e-001,-1.606678733108098e-001,-4.171235507487638e-002
 2.044000000000000e+001, 4.735752036970000e-001, 1.231786494504337e-001,-2.455865572205073e-002, 5.018253066467755e-001,-1.618265212312009e-001,-4.453891024679297e-002
 2.045000000000000e+001, 4.767377409872757e-001, 1.233095334614782e-001,-2.408934667774175e-002, 5.071211420107948e-001,-1.637804869719376e-001,-4.869282613089922e-002
 2.046000000000000e+001, 4.812573275923472e-001, 1.234340484109726e-001,-2.339016479324836e-002, 5.143308869472874e-001,-1.665378450033623e-001,-5.414306488532464e-002
 2.047000000000000e+001, 4.871295365335251e-001, 1.235361649530902e-001,-2.245845887526334e-002, 5.234171149627752e-001,-1.700839388877473e-001,-6.080762624194775e-002
 2.048000000000000e+001, 4.942937048423330e-001, 1.235980048202106e-001,-2.130273159742549e-002, 5.342783001735092e-001,-1.743777981901706e-001,-6.856173034132844e-002
 2.049000000000000e+001, 5.026296950272958e-001, 1.236021055944760e-001,-1.994386947316067e-002, 5.467510508971825e-001,-1.793495343638409e-001,-7.725088088797913e-002
 2.050000000000000e+001, 5.119655525828203e-001, 1.235351326499596e-001,-1.841179146145219e-002, 5.606159059893058e-001,-1.849020594454966e-001,-8.670532573462023e-002
 2.051000000000000e+001, 5.220939762758365e-001, 1.233918203234552e-001,-1.673826044746399e-002, 5.756085157038956e-001,-1.909175545923799e-001,-9.675444738324697e-002
 2.052000000000000e+001, 5.327928982853867e-001, 1.231786077510710e-001,-1.495003803315515e-002, 5.914377637514255e-001,-1.972672939663192e-001,-1.072365003810842e-001
 2.053000000000000e+001, 5.438461838628075e-001, 1.229162680801916e-001,-1.306832066257731e-002, 6.078086844911687e-001,-2.038223803732550e-001,-1.179995529461940e-001
 2.054000000000000e+001, 5.550609082740285e-001, 1.226397320228168e-001,-1.111724038716813e-002, 6.244433849674815e-001,-2.104630681349385e-001,-1.288954551422304e-001
 2.055000000000000e+001, 5.662787808941022e-001, 1.223929434246160e-001,-9.135971408883824e-003, 6.410938828303698e-001,-2.170858436916646e-001,-1.397702540645107e-001
 2.056000000000000e+001, 5.773808959453536e-001, 1.222182987934042e-001,-7.185056710798516e-003, 6.575466398458251e-001,-2.236079089556228e-001,-1.504541969675293e-001
 2.057000000000000e+001, 5.882863260254680e-001, 1.221443709007539e-001,-5.342329587929167e-003, 6.736226095119211e-001,-2.299693562284876e-001,-1.607584038781936e-001
 2.058000000000000e+001, 5.989472419060351e-001, 1.221773866414391e-001,-3.690299024175647e-003, 6.891767384778058e-001,-2.361333515201746e-001,-1.704842903890042e-001
 2.059000000000000e+001, 6.093438092419705e-001, 1.222998940453093e-001,-2.300581703397825e-003, 7.040998577486419e-001,-2.420834954807016e-001,-1.794444095013313e-001
 2.060000000000000e+001, 6.194804633541954e-001, 1.224779852202262e-001,-1.221823970677026e-003, 7.183245312279885e-001,-2.478186993399214e-001,-1.874896243636255e-001
 2.061000000000000e+001, 6.293830969864301e-001, 1.226740825423138e-001,-4.753213551410346e-004, 7.318320231904198e-001,-2.533477985407984e-001,-1.945341457403199e-001
 2.062000000000000e+001, 6.390947931896972e-001, 1.228579038113165e-001,-5.767608157118878e-005, 7.446534622773767e-001,-2.586857951416801e-001,-2.005672830092475e-001
 2.063000000000000e+001, 6.486691765083890e-001, 1.230113144286755e-001, 5.385016590997920e-005, 7.568617629622187e-001,-2.638512433328777e-001,-2.056497812168370e-001
 2.064000000000000e+001, 6.581635563549475e-001, 1.231277702327689e-001,-1.034673595895974e-004, 7.685576658475205e-001,-2.688624714115758e-001,-2.099024533152742e-001
 2.065000000000000e+001, 6.676339428180400e-001, 1.232077023644576e-001,-4.820195198202202e-004, 7.798552750505922e-001,-2.737333055006413e-001,-2.134914155246812e-001
 2.066000000000000e+001, 6.771329340726212e-001, 1.232519066344515e-001,-1.028614235465577e-003, 7.908704171634293e-001,-2.784724014850111e-001,-2.166087911894787e-001
 2.067000000000000e+001, 6.867106603943812e-001, 1.232564109161398e-001,-1.689681211001511e-003, 8.017128653055787e-001,-2.830876522189387e-001,-2.194497461568000e-001
 2.068000000000000e+001, 6.964167002227826e-001, 1.232109697530435e-001,-2.414954794378792e-003, 8.124819576573592e-001,-2.875928064333920e-001,-2.221909553107260e-001
 2.069000000000000e+001, 7.062991768442832e-001, 1.231009755501467e-001,-3.157914219062814e-003, 8.232637618465579e-001,-2.920119947570868e-001,-2.249769857318720e-001
 2.070000000000000e+001, 7.163991851207291e-001, 1.229118762624422e-001,-3.873392861953595e-003, 8.341282060168743e-001,-2.963787850348002e-001,-2.279181149485082e-001
 2.071000000000000e+001, 7.267432342109835e-001, 1.226345982967758e-001,-4.513491680398008e-003, 8.451268983851814e-001,-3.007300214519285e-001,-2.310965072814294e-001
 2.072000000000000e+001, 7.373381862421297e-001, 1.222703817644886e-001,-5.023137828939304e-003, 8.562927726976256e-001,-3.050981628954356e-001,-2.345736598143771e-001
 2.073000000000000e+001, 7.481710594927122e-001, 1.218350489719871e-001,-5.338799369129892e-003, 8.676411318428818e-001,-3.095056442733766e-001,-2.383949738649230e-001
 2.074000000000000e+001, 7.592137188563150e-001, 1.213615838792623e-001,-5.394322781791922e-003, 8.791712935497853e-001,-3.139625072214592e-001,-2.425906408236905e-001
 2.075000000000000e+001, 7.704302824899737e-001, 1.208971053616510e-001,-5.133764923787767e-003, 8.908681077895453e-001,-3.184663845862247e-001,-2.471720481872838e-001
 2.076000000000000e+001, 7.817854883002886e-001, 1.204935340531559e-001,-4.527484209754787e-003, 9.027033844947240e-001,-3.230039196181437e-001,-2.521270677173257e-001
 2.077000000000000e+001, 7.932435432029041e-001, 1.201921375417396e-001,-3.580240242158088e-003, 9.146351660274155e-001,-3.275544933910801e-001,-2.574034748526571e-001
 2.078000000000000e+001, 8.052908791213219e-001, 1.194441715032544e-001,-1.460485085114444e-003, 9.271647972022938e-001,-3.322553827109920e-001,-2.630938700079712e-001
 2.079000000000000e+001, 8.172526545363129e-001, 1.189199373296914e-001, 7.347992560020229e-004, 9.394802899370387e-001,-3.368524233691628e-001,-2.688392141754792e-001
 2.080000000000000e+001, 8.289483164790358e-001, 1.190237045663807e-001, 2.257774093106648e-003, 9.514012919030137e-001,-3.413160752501313e-001,-2.745103551506350e-001
 2.081000000000000e+001, 8.407374811001728e-001, 1.192398851542866e-001, 3.730364939902044e-003, 9.632269536120033e-001,-3.457290975331213e-001,-2.800769265189020e-001
 2.082000000000000e+001, 8.526301985965291e-001, 1.195442776037661e-001, 5.040034874207558e-003, 9.749224718769658e-001,-3.500870778737956e-001,-2.854234706651735e-001
 2.083000000000000e+001, 8.646314903616404e-001, 1.199181079963851e-001, 6.105894087682166e-003, 9.864640862935861e-001,-3.543871872458153e-001,-2.904619870805049e-001
 2.084000000000000e+001, 8.767359195883274e-001, 1.203567698945567e-001, 6.888545837765643e-003, 9.978405905167930e-001,-3.586282794824330e-001,-2.951397769530729e-001
 2.085000000000000e+001, 8.889239655075618e-001, 1.208752510281625e-001, 7.388397663676867e-003, 1.009053740233293e+000,-3.628133157202880e-001,-2.994440497105716e-001
 2.086000000000000e+001, 9.011608838409509e-001, 1.215034178763377e-001, 7.637343230774468e-003, 1.020115747600909e+000,-3.669505279797476e-001,-3.033978190695952e-001
 2.087000000000000e+001, 9.134002045339843e-001, 1.222723908399963e-001, 7.685718838892112e-003, 1.031045043261113e+000,-3.710513115513168e-001,-3.070478154127901e-001
 2.088000000000000e+001, 9.255995417274863e-001, 1.232021395120131e-001, 7.582540207644161e-003, 1.041864688997357e+000,-3.751255397597113e-001,-3.104438725205052e-001
 2.089000000000000e+001, 9.376937567878404e-001, 1.242854615658566e-001, 7.382957123799503e-003, 1.052590249070045e+000,-3.791877411028359e-001,-3.136432273370762e-001
 2.090000000000000e+001, 9.496521222979039e-001, 1.254992718673877e-001, 7.115413946905200e-003, 1.063241702000888e+000,-3.832464667402606e-001,-3.166724132926967e-001
 2.091000000000000e+001, 9.614446495968221e-001, 1.268008519553485e-001, 6.801188991417818e-003, 1.073833188010685e+000,-3.873112157654496e-001,-3.195492579757207e-001
 2.092000000000000e+001, 9.730516441944215e-001, 1.281373221492625e-001, 6.450887714867314e-003, 1.084376010352421e+000,-3.913898236869988e-001,-3.222847791611712e-001
 2.093000000000000e+001, 9.844644515980288e-001, 1.294559523117935e-001, 6.067997027197757e-003, 1.094879101719944e+000,-3.954875898232400e-001,-3.248916823855411e-001
 2.094000000000000e+001, 9.956841849200409e-001, 1.307150789338598e-001, 5.654327832034400e-003, 1.105348647731549e+000,-3.996074591673224e-001,-3.273913737258142e-001
 2.095000000000000e+001, 1.006716830919627e+000, 1.318918850490534e-001, 5.214488573920240e-003, 1.115787528461528e+000,-4.037513451382908e-001,-3.298175162181916e-001
 2.096000000000000e+001, 1.017567317302842e+000, 1.329851028492102e-001, 4.757589678058230e-003, 1.126194779905317e+000,-4.079204052621870e-001,-3.322146384177944e-001
 2.097000000000000e+001, 1.028237306006542e+000, 1.340135678821302e-001, 4.296329199407829e-003, 1.136564847812472e+000,-4.121128828825306e-001,-3.346333641832406e-001
 2.098000000000000e+001, 1.038722347677271e+000, 1.350092358762787e-001, 3.846890068168421e-003, 1.146885458250998e+000,-4.163232841474179e-001,-3.371234181372248e-001
 2.099000000000000e+001, 1.049041503616004e+000, 1.360191007904537e-001, 3.410410260801738e-003, 1.157143717485610e+000,-4.205345045589208e-001,-3.397297400222202e-001
 2.100000000000000e+001, 1.059207854190548e+000, 1.370797472106609e-001, 2.987914169307657e-003, 1.167317379235013e+000,-4.247298605339618e-001,-3.424753522648444e-001
 2.101000000000000e+001, 1.069256990837603e+000, 1.382183280144116e-001, 2.565781349481298e-003, 1.177382586333511e+000,-4.288872132678128e-001,-3.453583604102987e-001
 2.102000000000000e+001, 1.079238572666036e+000, 1.394458339091660e-001, 2.122154388699054e-003, 1.187314183588332e+000,-4.329825999331564e-001,-3.483509052560010e-001
 2.103000000000000e+001, 1.089204560187388e+000, 1.407577705213139e-001, 1.632560239389217e-003, 1.197087474029029e+000,-4.369928804475126e-001,-3.514077824464426e-001
 2.104000000000000e+001, 1.099194283431443e+000, 1.421381826542247e-001, 1.075635458550896e-003, 1.206680093426527e+000,-4.408984567203240e-001,-3.544789849182772e-001
 2.105000000000000e+001, 1.109224614815829e+000, 1.435644260058198e-001, 4.371571459086933e-004, 1.216074004455253e+000,-4.446852343807306e-001,-3.575202686664356e-001
 2.106000000000000e+001, 1.119287176244224e+000, 1.450111573715049e-001,-2.886755025183835e-004, 1.225257392866614e+000,-4.483457348548526e-001,-3.604990440587705e-001
 2.107000000000000e+001, 1.129351464173122e+000, 1.464541770529819e-001,-1.100392724594418e-003, 1.234226408771341e+000,-4.518799836331934e-001,-3.633959295567956e-001
 2.108000000000000e+001, 1.139372863953108e+000, 1.478755507827618e-001,-1.992544049575179e-003, 1.242986527339388e+000,-4.552961521165628e-001,-3.662040520278324e-001
 2.109000000000000e+001, 1.149303169796162e+000, 1.492689744452214e-001,-2.961036318278352e-003, 1.251553069868367e+000,-4.586093793561213e-001,-3.689279348423176e-001
 2.110000000000000e+001, 1.159099747775089e+000, 1.506406677181085e-001,-4.007251078750323e-003, 1.259950298790501e+000,-4.618386874759219e-001,-3.715810751240986e-001
 2.111000000000000e+001, 1.168729873303950e+000, 1.520021702664309e-001,-5.136495858637849e-003, 1.268208708656939e+000,-4.650043891441642e-001,-3.741809294991298e-001
 2.112000000000000e+001, 1.178171291380084e+000, 1.533580335158196e-001,-6.351603788424452e-003, 1.276361082153903e+000,-4.681267264509698e-001,-3.767430927959328e-001
 2.113000000000000e+001, 1.187411913932442e+000, 1.546977703110761e-001,-7.646812821351691e-003, 1.284438907674897e+000,-4.712243844876477e-001,-3.792782666313175e-001
 2.114000000000000e+001, 1.196447036999955e+000, 1.560000737384291e-001,-9.006076671754144e-003, 1.292470442871001e+000,-4.743129437578955e-001,-3.817943928590846e-001
 2.115000000000000e+001, 1.205273355359166e+000, 1.572452105573472e-001,-1.040584553412819e-002, 1.300480006249192e+000,-4.774045929176563e-001,-3.843019048346343e-001
 2.116000000000000e+001, 1.213884061493908e+000, 1.584235838503660e-001,-1.181863614751646e-002, 1.308487019627512e+000,-4.805090212461481e-001,-3.868164078735388e-001
 2.117000000000000e+001, 1.222267966001957e+000, 1.595368683392011e-001,-1.321581810892897e-002, 1.316504373204149e+000,-4.836340613849366e-001,-3.893565550330506e-001
 2.118000000000000e+001, 1.230411717757131e+000, 1.605959305599995e-001,-1.457178770756769e-002, 1.324536764741519e+000,-4.867850482528011e-001,-3.919399904538888e-001
 2.119000000000000e+001, 1.238303373397729e+000, 1.616171336962842e-001,-1.586951187707909e-002, 1.332579174932908e+000,-4.899629060020327e-001,-3.945795723114433e-001
 2.120000000000000e+001, 1.245936589206179e+000, 1.626168607707952e-001,-1.710399842624844e-002, 1.340615490342251e+000,-4.931621535946669e-001,-3.972798304935425e-001
 2.121000000000000e+001, 1.253314575100697e+000, 1.636055306426438e-001,-1.828190238827330e-002, 1.348617852504469e+000,-4.963701813414080e-001,-4.000338065257335e-001
 2.122000000000000e+001, 1.260452340607984e+000, 1.645832808872909e-001,-1.941902077006607e-002, 1.356547221417144e+000,-4.995676035368138e-001,-4.028213101121456e-001
 2.123000000000000e+001, 1.267377115146264e+000, 1.655390207584095e-001,-2.053753288985972e-002, 1.364355152639554e+000,-5.027287809943707e-001,-4.056093688124471e-001
 2.124000000000000e+001, 1.274127744951314e+000, 1.664529468079579e-001,-2.166323142158593e-002, 1.371986549890152e+000,-5.058226520888866e-001,-4.083549926731238e-001
 2.125000000000000e+001, 1.280753194903529e+000, 1.673021717484997e-001,-2.282316244304175e-002, 1.379383204613257e+000,-5.088141908064323e-001,-4.110105023101603e-001
 2.126000000000000e+001, 1.287310011877807e+000, 1.680685732840983e-001,-2.404450985085133e-002, 1.386488323543701e+000,-5.116662594498925e-001,-4.135310472740065e-001
 2.127000000000000e+001, 1.293858455958957e+000, 1.687456987911227e-001,-2.535430340765607e-002, 1.393252082448580e+000,-5.143422948430897e-001,-4.158820967162229e-001
 2.128000000000000e+001, 1.300457234636019e+000, 1.693409138194846e-001,-2.677840602882050e-002, 1.399636592391379e+000,-5.168101597487550e-001,-4.180440288998703e-001
 2.129000000000000e+001, 1.307158361698715e+000, 1.698720702917391e-001,-2.833922410517761e-002, 1.405618419941563e+000,-5.190457810868938e-001,-4.200129674627334e-001
 2.130000000000000e+001, 1.314003431166453e+000, 1.703616566052109e-001,-3.005311269205651e-002, 1.411189279570950e+000,-5.210349917939393e-001,-4.217996062623816e-001
 2.131000000000000e+001, 1.321020679812537e+000, 1.708317733618809e-001,-3.192803421637443e-002, 1.416356381974538e+000,-5.227736455697866e-001,-4.234277642674296e-001
 2.132000000000000e+001, 1.328223119405611e+000, 1.713015136114586e-001,-3.396144777880404e-002, 1.421142533658402e+000,-5.242672137155018e-001,-4.249328957485890e-001
 2.133000000000000e+001, 1.335608099489173e+000, 1.717855831835271e-001,-3.613877117432637e-002, 1.425585125976121e+000,-5.255304438844761e-001,-4.263600658293675e-001
 2.134000000000000e+001, 1.343157049216287e+000, 1.722914708380641e-001,-3.843218798130944e-002, 1.429733330200422e+000,-5.265864860747933e-001,-4.277604606564546e-001
 2.135000000000000e+001, 1.350835475537280e+000, 1.728161131375259e-001,-4.080007301052428e-002, 1.433644019611853e+000,-5.274654441733183e-001,-4.291857302698427e-001
 2.136000000000000e+001, 1.358593504767038e+000, 1.733443974206728e-001,-4.318556313786327e-002, 1.437376738608425e+000,-5.282028932010870e-001,-4.306805859759160e-001
 2.137000000000000e+001, 1.366368663750274e+000, 1.738552926615460e-001,-4.553011139115992e-002, 1.440991123512772e+000,-5.288396576975872e-001,-4.322787976321952e-001
 2.138000000000000e+001, 1.374087059870873e+000, 1.743217499569811e-001,-4.776731961565383e-002, 1.444540827499977e+000,-5.294175765873944e-001,-4.339975842136843e-001
 2.139000000000000e+001, 1.381669495363196e+000, 1.747188593154734e-001,-4.983959826953310e-002, 1.448073740957435e+000,-5.299775694975976e-001,-4.358391198676537e-001
 2.140000000000000e+001, 1.389037900468797e+000, 1.750261788719822e-001,-5.170224768001211e-002, 1.451631023144006e+000,-5.305577469542923e-001,-4.377901507460236e-001
 2.141000000000000e+001, 1.396119311857616e+000, 1.752242646514097e-001,-5.331858069736697e-002, 1.455244127487540e+000,-5.311923414741591e-001,-4.398198295766196e-001
 2.142000000000000e+001, 1.402855410094233e+000, 1.753009139143393e-001,-5.468222671946232e-002, 1.458938101338714e+000,-5.319105014013239e-001,-4.418860626987840e-001
 2.143000000000000e+001, 1.409201592852851e+000, 1.752376299165579e-001,-5.578772897611297e-002, 1.462726113161261e+000,-5.327347161780397e-001,-4.439302533837699e-001
 2.144000000000000e+001, 1.415138628984456e+000, 1.750188948550737e-001,-5.665187088657882e-002, 1.466616343979922e+000,-5.336809382323049e-001,-4.458868791992678e-001
 2.145000000000000e+001, 1.420677062144536e+000, 1.746320489560407e-001,-5.730593294534372e-002, 1.470612641113073e+000,-5.347580371847188e-001,-4.476878589525217e-001
 2.146000000000000e+001, 1.425866619403000e+000, 1.740800206587190e-001,-5.781868450550647e-002, 1.474720562296443e+000,-5.359664882487187e-001,-4.492783466742464e-001
 2.147000000000000e+001, 1.430790801513624e+000, 1.733755468487548e-001,-5.826584485246594e-002, 1.478940522097748e+000,-5.372959335909852e-001,-4.506186366174534e-001
 2.148000000000000e+001, 1.435563573557171e+000, 1.725497663689890e-001,-5.874182823134449e-002, 1.483269210137838e+000,-5.387242274193587e-001,-4.516948462144269e-001
 2.149000000000000e+001, 1.440304555843016e+000, 1.716438900532815e-001,-5.933646244398020e-002, 1.487693507381355e+000,-5.402191954169252e-001,-4.525138854606507e-001
 2.150000000000000e+001, 1.445108508235458e+000, 1.706981996475350e-001,-6.011121126652327e-002, 1.492184724933267e+000,-5.417428972788958e-001,-4.530943182801094e-001
 2.151000000000000e+001, 1.450030427477966e+000, 1.697458859937304e-001,-6.108680760760343e-002, 1.496696642638501e+000,-5.432555221140755e-001,-4.534610085273154e-001
 2.152000000000000e+001, 1.455092122748324e+000, 1.688149580920801e-001,-6.225285697832884e-002, 1.501170446308882e+000,-5.447178286806416e-001,-4.536465115354878e-001
 2.153000000000000e+001, 1.460289767152222e+000, 1.679232500736432e-001,-6.355969261026739e-002, 1.505536809031819e+000,-5.460918784377778e-001,-4.536853385698678e-001
 2.154000000000000e+001, 1.465609091294428e+000, 1.670874772562319e-001,-6.495618617496228e-002, 1.509728164279953e+000,-5.473401159310996e-001,-4.536206850441042e-001
 2.155000000000000e+001, 1.471025143517714e+000, 1.663156986976726e-001,-6.637471942903454e-002, 1.513678652054235e+000,-5.484254716281740e-001,-4.534960969833483e-001
 2.156000000000000e+001, 1.476506900832014e+000, 1.656107449274240e-001,-6.774285686374072e-002, 1.517329929430204e+000,-5.493147071025700e-001,-4.533552131372945e-001
 2.157000000000000e+001, 1.482021141529854e+000, 1.649742428966650e-001,-6.899333266973282e-002, 1.520635961085557e+000,-5.499828781034042e-001,-4.532412882343113e-001
 2.158000000000000e+001, 1.487535771026971e+000, 1.644090572231212e-001,-7.007408971785198e-002, 1.523566704691882e+000,-5.504161180052570e-001,-4.531962538596969e-001
 2.159000000000000e+001, 1.493023059833051e+000, 1.639182424263379e-001,-7.095537133864890e-002, 1.526109943068899e+000,-5.506119955224672e-001,-4.532581666585300e-001
 2.160000000000000e+001, 1.498460704596446e+000, 1.634989585679347e-001,-7.162262860850180e-002, 1.528269363848038e+000,-5.505782167776187e-001,-4.534557460834349e-001
 2.161000000000000e+001, 1.503835131096592e+000, 1.631437908685047e-001,-7.208818565604257e-002, 1.530066624650889e+000,-5.503307949794087e-001,-4.538106935522598e-001
 2.162000000000000e+001, 1.509129582338722e+000, 1.628317421559120e-001,-7.235312707051689e-002, 1.531531406338435e+000,-5.498925289346264e-001,-4.543290394433077e-001
 2.163000000000000e+001, 1.514325565296399e+000, 1.625372830065175e-001,-7.242752077008303e-002, 1.532702668932878e+000,-5.492899512146513e-001,-4.550090560482370e-001
 2.164000000000000e+001, 1.519402908175734e+000, 1.622312476096171e-001,-7.232641687340698e-002, 1.533623537827418e+000,-5.485499264623931e-001,-4.558412365796621e-001
 2.165000000000000e+001, 1.524349607852510e+000, 1.618894069179135e-001,-7.209611977633694e-002, 1.534343457687419e+000,-5.476974033445888e-001,-4.568162310294137e-001
 2.166000000000000e+001, 1.529157495093192e+000, 1.614879099419875e-001,-7.178433307672168e-002, 1.534909411290395e+000,-5.467559963155610e-001,-4.579198324812239e-001
 2.167000000000000e+001, 1.533823260935692e+000, 1.610111345793914e-001,-7.145227624662159e-002, 1.535368455256300e+000,-5.457492339929410e-001,-4.591383555955455e-001
 2.168000000000000e+001, 1.538337959705939e+000, 1.604513396233529e-001,-7.115609142769139e-002, 1.535764726081584e+000,-5.447029559973876e-001,-4.604540780935538e-001
 2.169000000000000e+001, 1.542677699977929e+000, 1.598093514591499e-001,-7.093461862242849e-002, 1.536138386592378e+000,-5.436474469423097e-001,-4.618433328208873e-001
 2.170000000000000e+001, 1.546802634555779e+000, 1.590973819680888e-001,-7.081073551172409e-002, 1.536527046784340e+000,-5.426172214629174e-001,-4.632807770301281e-001
 2.171000000000000e+001, 1.550658378745350e+000, 1.583350645613664e-001,-7.077732509682411e-002, 1.536961828310617e+000,-5.416486844237604e-001,-4.647392486563078e-001
 2.172000000000000e+001, 1.554192001014565e+000, 1.575530441369595e-001,-7.083460674640744e-002, 1.537473323954661e+000,-5.407762321344890e-001,-4.661984387375325e-001
 2.173000000000000e+001, 1.557357346751612e+000, 1.567825103322167e-001,-7.098061234294210e-002, 1.538085895575872e+000,-5.400303221923268e-001,-4.676378087270630e-001
 2.174000000000000e+001, 1.560124426620168e+000, 1.560514370915955e-001,-7.122471766980733e-002, 1.538818436804309e+000,-5.394362017575359e-001,-4.690347067760433e-001
 2.175000000000000e+001, 1.562478214780356e+000, 1.553766924902507e-001,-7.156544945202120e-002, 1.539678506970423e+000,-5.390129499536689e-001,-4.703571669307021e-001
 2.176000000000000e+001, 1.564426052866693e+000, 1.547704812498472e-001,-7.201447627281168e-002, 1.540668166432255e+000,-5.387705941020812e-001,-4.715719418062844e-001
 2.177000000000000e+001, 1.565991392623630e+000, 1.542377981137033e-001,-7.257483729480176e-002, 1.541778906774766e+000,-5.387085331295182e-001,-4.726436534996016e-001
 2.178000000000000e+001, 1.567209706374982e+000, 1.537788140607139e-001,-7.324596362124801e-002, 1.542992522322399e+000,-5.388152899400409e-001,-4.735387255316518e-001
 2.179000000000000e+001, 1.568122802610308e+000, 1.533899042687796e-001,-7.402895390861390e-002, 1.544282582312021e+000,-5.390697241764678e-001,-4.742277952203310e-001
 2.180000000000000e+001, 1.568769265320393e+000, 1.530594204324969e-001,-7.490630903989137e-002, 1.545611099319379e+000,-5.394437334962338e-001,-4.746813463362540e-001
 2.181000000000000e+001, 1.569188247276345e+000, 1.527746637474687e-001,-7.586490994108906e-002, 1.546935834302905e+000,-5.399038347546631e-001,-4.748777990215329e-001
 2.182000000000000e+001, 1.569416776011169e+000, 1.525220652858264e-001,-7.688500232252724e-002, 1.548209563718500e+000,-5.404131426946927e-001,-4.748061347144924e-001
 2.183000000000000e+001, 1.569487701087579e+000, 1.522867891033508e-001,-7.792789034454646e-002, 1.549379645259615e+000,-5.409336226816349e-001,-4.744601054293909e-001
 2.184000000000000e+001, 1.569434778397957e+000, 1.520602380317033e-001,-7.896780373481650e-002, 1.550397510343260e+000,-5.414268886897892e-001,-4.738565251231272e-001
 2.185000000000000e+001, 1.569288060274193e+000, 1.518373875583756e-001,-7.997651429344310e-002, 1.551217925711448e+000,-5.418560071160936e-001,-4.730256090175646e-001
 2.186000000000000e+001, 1.569072967699955e+000, 1.516170021577992e-001,-8.092560661072672e-002, 1.551801404343445e+000,-5.421861423512950e-001,-4.720106814528895e-001
 2.187000000000000e+001, 1.568809422238517e+000, 1.514001669498766e-001,-8.178627662005794e-002, 1.552115233410869e+000,-5.423857437086518e-001,-4.708640713387514e-001
 2.188000000000000e+001, 1.568511412388698e+000, 1.511883747032512e-001,-8.252936195044985e-002, 1.552133819427236e+000,-5.424277823512476e-001,-4.696416898115984e-001
 2.189000000000000e+001, 1.568187207954247e+000, 1.509830518300808e-001,-8.312669807768040e-002, 1.551839090574247e+000,-5.422907799822093e-001,-4.683984664319789e-001
 2.190000000000000e+001, 1.567840082091295e+000, 1.507873137394304e-001,-8.355411715502746e-002, 1.551221233445694e+000,-5.419601282400987e-001,-4.671860161600625e-001
 2.191000000000000e+001, 1.567469515823191e+000, 1.506089973546572e-001,-8.379578590855757e-002, 1.550279444921197e+000,-5.414293439926518e-001,-4.660517367792034e-001
 2.192000000000000e+001, 1.567072755195157e+000, 1.504625871451266e-001,-8.384847393168414e-002, 1.549022461753877e+000,-5.407007711652051e-001,-4.650363990512149e-001
 2.193000000000000e+001, 1.566645127639841e+000, 1.503672547864514e-001,-8.372262678109166e-002, 1.547468282542287e+000,-5.397858262527522e-001,-4.641690611551870e-001
 2.194000000000000e+001, 1.566177455925928e+000, 1.503402834508485e-001,-8.343815449601524e-002, 1.545642108994864e+000,-5.387042585950589e-001,-4.634620214937357e-001
 2.195000000000000e+001, 1.565652715302248e+000, 1.503893946392130e-001,-8.301764693395654e-002, 1.543572767989382e+000,-5.374816962816263e-001,-4.629090893607265e-001
 2.196000000000000e+001, 1.565046246974075e+000, 1.505091982434661e-001,-8.248167743025267e-002, 1.541289597577020e+000,-5.361463565883032e-001,-4.624881690745981e-001
 2.197000000000000e+001, 1.564330225264670e+000, 1.506832829514109e-001,-8.184722700114898e-002, 1.538821291074092e+000,-5.347267891861308e-001,-4.621663382985251e-001
 2.198000000000000e+001, 1.563479293774663e+000, 1.508894328993817e-001,-8.112778474209136e-002, 1.536196115166235e+000,-5.332509626640289e-001,-4.619049302374459e-001
 2.199000000000000e+001, 1.562474136806446e+000, 1.511052568134848e-001,-8.033466906225596e-002, 1.533442191636376e+000,-5.317454499219320e-001,-4.616645025823170e-001
 2.200000000000000e+001, 1.561300547479580e+000, 1.513125778154290e-001,-7.947866181086531e-002, 1.530587049598096e+000,-5.302342545774255e-001,-4.614102573259060e-001
 2.201000000000000e+001, 1.559944655631872e+000, 1.514998049238527e-001,-7.857023203770147e-002, 1.527656451254383e+000,-5.287381095078446e-001,-4.611164263992159e-001
 2.202000000000000e+001, 1.558389791982740e+000, 1.516630970848034e-001,-7.761872249173318e-002, 1.524673302059648e+000,-5.272746542477635e-001,-4.607682915631944e-001
 2.203000000000000e+001, 1.556618468565049e+000, 1.518070595128440e-001,-7.663181348388273e-002, 1.521657056454468e+000,-5.258586815807835e-001,-4.603623095087288e-001
 2.204000000000000e+001, 1.554616470796096e+000, 1.519438364722547e-001,-7.561575123217562e-002, 1.518623275465934e+000,-5.245019297851945e-001,-4.599047029154338e-001
 2.205000000000000e+001, 1.552374885452542e+000, 1.520901175889020e-001,-7.457689567086620e-002, 1.515583117738037e+000,-5.232127062336177e-001,-4.594091310666853e-001
 2.206000000000000e+001, 1.549889000805391e+000, 1.522634860892653e-001,-7.352349963683660e-002, 1.512542682019456e+000,-5.219953162418833e-001,-4.588943160250201e-001
 2.207000000000000e+001, 1.547156305157475e+000, 1.524789780804572e-001,-7.246524261667250e-002, 1.509502409464467e+000,-5.208494754493827e-001,-4.583806411052472e-001
 2.208000000000000e+001, 1.544176399003084e+000, 1.527458960565709e-001,-7.141057630597601e-002, 1.506457181643735e+000,-5.197706870180231e-001,-4.578850470485393e-001
 2.209000000000000e+001, 1.540952429269960e+000, 1.530659867853650e-001,-7.036449705157782e-002, 1.503397263243424e+000,-5.187517112402134e-001,-4.574162314970175e-001
 2.210000000000000e+001, 1.537491425655690e+000, 1.534342721176545e-001,-6.932873797585719e-002, 1.500309623478127e+000,-5.177839534165352e-001,-4.569725160677937e-001
 2.211000000000000e+001, 1.533802322620932e+000, 1.538411513094780e-001,-6.830313438981978e-002, 1.497179217249595e+000,-5.168583486526883e-001,-4.565419933114399e-001
 2.212000000000000e+001, 1.529893457425366e+000, 1.542735034778697e-001,-6.728493657771771e-002, 1.493990028614379e+000,-5.159660279384201e-001,-4.561028506670836e-001
 2.213000000000000e+001, 1.525771992127778e+000, 1.547152707249011e-001,-6.626664517636269e-002, 1.490725946526439e+000,-5.150981371618202e-001,-4.556242734097977e-001
 2.214000000000000e+001, 1.521444851206606e+000, 1.551484829578744e-001,-6.523668580667577e-002, 1.487371496381593e+000,-5.142442297601431e-001,-4.550696155390642e-001
 2.215000000000000e+001, 1.516919355260872e+000, 1.555542016565297e-001,-6.418355275462349e-002, 1.483912199269720e+000,-5.133905165955695e-001,-4.544012551168719e-001
 2.216000000000000e+001, 1.512203212554141e+000, 1.559140160456289e-001,-6.310052111900617e-002, 1.480334841110271e+000,-5.125202353134717e-001,-4.535859526632469e-001
 2.217000000000000e+001, 1.507305342085767e+000, 1.562139841692312e-001,-6.199406967596981e-002, 1.476629480685950e+000,-5.116165388317119e-001,-4.525996878594938e-001
 2.218000000000000e+001, 1.502232275053586e+000, 1.564424161034246e-001,-6.086746143255929e-002, 1.472785975598297e+000,-5.106656286213396e-001,-4.514282924377953e-001
 2.219000000000000e+001, 1.496991659156868e+000, 1.565955011324927e-001,-5.974217607266003e-002, 1.468800712920642e+000,-5.096592813200297e-001,-4.500675188248263e-001
 2.220000000000000e+001, 1.491589122335724e+000, 1.566726531697082e-001,-5.863842736494797e-002, 1.464672786353271e+000,-5.085943992213233e-001,-4.485207282713998e-001
 2.221000000000000e+001, 1.486030656290813e+000, 1.566767698853113e-001,-5.757628431547805e-002, 1.460404762813048e+000,-5.074707504640409e-001,-4.467983547808890e-001
 2.222000000000000e+001, 1.480324683251401e+000, 1.566137590045578e-001,-5.657581802233636e-002, 1.456002128858119e+000,-5.062889523258353e-001,-4.449170434156255e-001
 2.223000000000000e+001, 1.474482291648970e+000, 1.564908255962068e-001,-5.565655495486226e-002, 1.451471493348832e+000,-5.050499286964779e-001,-4.428978185178138e-001
 2.224000000000000e+001, 1.468516936712230e+000, 1.563138033406291e-001,-5.483643059839456e-002, 1.446818339183831e+000,-5.037545591061886e-001,-4.407636235257522e-001
 2.225000000000000e+001, 1.462445214980169e+000, 1.560870322267349e-001,-5.413580349435229e-002, 1.442047355279838e+000,-5.024030523488342e-001,-4.385371221492509e-001
 2.226000000000000e+001, 1.456280016724414e+000, 1.558079749567949e-001,-5.355382221452464e-002, 1.437157278296779e+000,-5.009949340222561e-001,-4.362329419147826e-001
 2.227000000000000e+001, 1.450034741883135e+000, 1.554804947121515e-001,-5.309713830852925e-002, 1.432150555095786e+000,-4.995299597404603e-001,-4.338624755895639e-001
 2.228000000000000e+001, 1.443718963349992e+000, 1.551129806232341e-001,-5.276575495667729e-002, 1.427030804277674e+000,-4.980090188375520e-001,-4.314315894032696e-001
 2.229000000000000e+001, 1.437336374989553e+000, 1.547115990148742e-001,-5.253898396464141e-002, 1.421798924271456e+000,-4.964334013854310e-001,-4.289375689072053e-001
 2.230000000000000e+001, 1.430893626499467e+000, 1.542871625787057e-001,-5.240717762042828e-002, 1.416460496193313e+000,-4.948030161629384e-001,-4.263797540286716e-001
 2.231000000000000e+001, 1.424397126662839e+000, 1.538482562962107e-001,-5.235693317252192e-002, 1.411020828158947e+000,-4.931161712125218e-001,-4.237570705466723e-001
 2.232000000000000e+001, 1.417853914858421e+000, 1.534019037948367e-001,-5.237526027668539e-002, 1.405486292149062e+000,-4.913710192341684e-001,-4.210708100844101e-001
 2.233000000000000e+001, 1.411271129883543e+000, 1.529532863362646e-001,-5.244717432473341e-002, 1.399864655022416e+000,-4.895662095487524e-001,-4.183270332439854e-001
 2.234000000000000e+001, 1.404653359298390e+000, 1.525066718644361e-001,-5.255189888313962e-002, 1.394164408973249e+000,-4.877010952892993e-001,-4.155380200792805e-001
 2.235000000000000e+001, 1.397998276562097e+000, 1.520670177388854e-001,-5.266232546868291e-002, 1.388393091144627e+000,-4.857772503908801e-001,-4.127211020363234e-001
 2.236000000000000e+001, 1.391294532989124e+000, 1.516414220168756e-001,-5.274951172061666e-002, 1.382555810811092e+000,-4.838001711746811e-001,-4.098963991136304e-001
 2.237000000000000e+001, 1.384523784821342e+000, 1.512408699614243e-001,-5.278740853386873e-002, 1.376654818662582e+000,-4.817787703949759e-001,-4.070859804148510e-001
 2.238000000000000e+001, 1.377664527035940e+000, 1.508816694940551e-001,-5.275376154220674e-002, 1.370689668160204e+000,-4.797221404750670e-001,-4.043142763874734e-001
 2.239000000000000e+001, 1.370696316965256e+000, 1.505854691114821e-001,-5.262942027181615e-002, 1.364657609741959e+000,-4.776354916668577e-001,-4.016079846823135e-001
 2.240000000000000e+001, 1.363604878261409e+000, 1.503781423885657e-001,-5.239954897673058e-002, 1.358554409480299e+000,-4.755178727742457e-001,-3.989951559192200e-001
 2.241000000000000e+001, 1.356386483014976e+000, 1.502881520528010e-001,-5.205652134976933e-002, 1.352375258443596e+000,-4.733623979975344e-001,-3.965039515172714e-001
 2.242000000000000e+001, 1.349049061401345e+000, 1.503442464399223e-001,-5.160217425388034e-002, 1.346114903040129e+000,-4.711578027629795e-001,-3.941609052722699e-001
 2.243000000000000e+001, 1.341610508617964e+000, 1.505728451391386e-001,-5.104866428499065e-002, 1.339767141508957e+000,-4.688908397806288e-001,-3.919886484567799e-001
 2.244000000000000e+001, 1.334095647247726e+000, 1.509959289710110e-001,-5.041771230090221e-002, 1.333324532425458e+000,-4.665495187543546e-001,-3.900032714922238e-001
 2.245000000000000e+001, 1.326532474784748e+000, 1.516288018222918e-001,-4.973706149131633e-002, 1.326778588193674e+000,-4.641253569529620e-001,-3.882119297753370e-001
 2.246000000000000e+001, 1.318949104300151e+000, 1.524778554605892e-001,-4.903553037135529e-002, 1.320121161740184e+000,-4.616132783795247e-001,-3.866124726354447e-001
 2.247000000000000e+001, 1.311371254240608e+000, 1.535404247460521e-001,-4.833956232458949e-002, 1.313347022916882e+000,-4.590107081726823e-001,-3.851958368909011e-001
 2.248000000000000e+001, 1.303817017867700e+000, 1.548059854477204e-001,-4.766965412586918e-002, 1.306455056610114e+000,-4.563175984381737e-001,-3.839484862634751e-001
 2.249000000000000e+001, 1.296287168559202e+000, 1.562534088512346e-001,-4.703231923950633e-002, 1.299445978971088e+000,-4.535375512760630e-001,-3.828502239049599e-001
 2.250000000000000e+001, 1.288755140924252e+000, 1.578419511196842e-001,-4.640972389007737e-002, 1.292318341569803e+000,-4.506793239193087e-001,-3.818668622566733e-001
 2.251000000000000e+001, 1.281166667724642e+000, 1.595058747163927e-001,-4.575826749178542e-002, 1.285067923666231e+000,-4.477575379345872e-001,-3.809466039253390e-001
 2.252000000000000e+001, 1.273456124527812e+000, 1.611646131062527e-001,-4.502299650433277e-002, 1.277693245499061e+000,-4.447916752105087e-001,-3.800292388603301e-001
 2.253000000000000e+001, 1.265568833067342e+000, 1.627394072902271e-001,-4.415284603531391e-002, 1.270201012402411e+000,-4.418033215372243e-001,-3.790611225063151e-001
 2.254000000000000e+001, 1.257477397912058e+000, 1.641744707761934e-001,-4.312872434150096e-002, 1.262611765102938e+000,-4.388136924348601e-001,-3.780118339344945e-001
 2.255000000000000e+001, 1.249169527618214e+000, 1.654237878064113e-001,-4.193236572379846e-002, 1.254948037039385e+000,-4.358403186334520e-001,-3.768628725551511e-001
 2.256000000000000e+001, 1.240642085066092e+000, 1.664581762507915e-001,-4.056014990232489e-002, 1.247233688259410e+000,-4.328961540952617e-001,-3.756080181051556e-001
 2.257000000000000e+001, 1.231891137776619e+000, 1.672586040294619e-001,-3.901325170618171e-002, 1.239487631674655e+000,-4.299889266015685e-001,-3.742456279791583e-001
 2.258000000000000e+001, 1.222914129816064e+000, 1.678260030626406e-001,-3.731741598740732e-002, 1.231726166891658e+000,-4.271219460861575e-001,-3.727855060319356e-001
 2.259000000000000e+001, 1.213705054013766e+000, 1.681674983823605e-001,-3.549775874082820e-002, 1.223955248732199e+000,-4.242932367658552e-001,-3.712416301744804e-001
 2.260000000000000e+001, 1.204261709257778e+000, 1.683048969288041e-001,-3.359375101589268e-002, 1.216174677061020e+000,-4.214963966304951e-001,-3.696411535008485e-001
 2.261000000000000e+001, 1.194584952891618e+000, 1.682672884327123e-001,-3.164485401082025e-002, 1.208375518974207e+000,-4.187211552546645e-001,-3.680190712647341e-001
 2.262000000000000e+001, 1.184679483527997e+000, 1.680918281860702e-001,-2.969326551304204e-002, 1.200542110418784e+000,-4.159559209316439e-001,-3.664158629060623e-001
 2.263000000000000e+001, 1.174555035641458e+000, 1.678115690405151e-001,-2.776197488177863e-002, 1.192649606218156e+000,-4.131861330659466e-001,-3.648631680811633e-001
 2.264000000000000e+001, 1.164229929858013e+000, 1.674570450193507e-001,-2.586348481579207e-002, 1.184669548627261e+000,-4.103973224123685e-001,-3.633808896860108e-001
 2.265000000000000e+001, 1.153732811326776e+000, 1.670525739803312e-001,-2.399755324831909e-002, 1.176573014040464e+000,-4.075774599700252e-001,-3.619700343547750e-001
 2.266000000000000e+001, 1.143101657915614e+000, 1.666142371842947e-001,-2.215514321299395e-002, 1.168333366032250e+000,-4.047186198714568e-001,-3.606125735769877e-001
 2.267000000000000e+001, 1.132380697937886e+000, 1.661493556685798e-001,-2.032561487413925e-002, 1.159928583731169e+000,-4.018169304300523e-001,-3.592791871666983e-001
 2.268000000000000e+001, 1.121616651685214e+000, 1.656586163070415e-001,-1.850292330247128e-002, 1.151344020655266e+000,-3.988723488426239e-001,-3.579380205761485e-001
 2.269000000000000e+001, 1.110854011792643e+000, 1.651396344693981e-001,-1.668778672733128e-002, 1.142574281109444e+000,-3.958883620732231e-001,-3.565589599698136e-001
 2.270000000000000e+001, 1.100129790612770e+000, 1.645893499545363e-001,-1.488601528397682e-002, 1.133622658660994e+000,-3.928706078762851e-001,-3.551144942973824e-001
 2.271000000000000e+001, 1.089469651916609e+000, 1.640049759373445e-001,-1.310625591061309e-002, 1.124499158838887e+000,-3.898245536138703e-001,-3.535798106697153e-001
 2.272000000000000e+001, 1.078886613688640e+000, 1.633843488250877e-001,-1.135946309365696e-002, 1.115218585965097e+000,-3.867527251205274e-001,-3.519330416642053e-001
 2.273000000000000e+001, 1.068382453739709e+000, 1.627260074579371e-001,-9.659119457457611e-003, 1.105798581324432e+000,-3.836524772593989e-001,-3.501550686098520e-001
 2.274000000000000e+001, 1.057949893577000e+000, 1.620303324200885e-001,-8.021626308112298e-003, 1.096257307244694e+000,-3.805160592354187e-001,-3.482287764724623e-001
 2.275000000000000e+001, 1.047571908130409e+000, 1.613028216405417e-001,-6.466171250006930e-003, 1.086610788607818e+000,-3.773331624952779e-001,-3.461390817210442e-001
 2.276000000000000e+001, 1.037218756034054e+000, 1.605557504093200e-001,-5.011305355713775e-003, 1.076869879285383e+000,-3.740942521868651e-001,-3.438737939077660e-001
 2.277000000000000e+001, 1.026849559137274e+000, 1.598029470038223e-001,-3.669612286637751e-003, 1.067038223790331e+000,-3.707923273372696e-001,-3.414234559308950e-001
 2.278000000000000e+001, 1.016422028164791e+000, 1.590514949295927e-001,-2.445965384354518e-003, 1.057113474503988e+000,-3.674220263865455e-001,-3.387807377483624e-001
 2.279000000000000e+001, 1.005904574565962e+000, 1.582990813576370e-001,-1.339547473944218e-003, 1.047091285209407e+000,-3.639784248732934e-001,-3.359415821181758e-001
 2.280000000000000e+001, 9.952828490798241e-001, 1.575376703484062e-001,-3.455974088802210e-004, 1.036968905974370e+000,-3.604572833718692e-001,-3.329068463474432e-001
 2.281000000000000e+001, 9.845592875976770e-001, 1.567596161392746e-001, 5.436618700584695e-004, 1.026747100557199e+000,-3.568551937620142e-001,-3.296831319295197e-001
 2.282000000000000e+001, 9.737493124559631e-001, 1.559637011256820e-001, 1.337769905967956e-003, 1.016431362604815e+000,-3.531694129219463e-001,-3.262840386539387e-001
 2.283000000000000e+001, 9.628768634550415e-001, 1.551579609336762e-001, 2.046690807873733e-003, 1.006032372898966e+000,-3.493989242675390e-001,-3.227307163145963e-001
 2.284000000000000e+001, 9.519705195727263e-001, 1.543585169896176e-001, 2.679105478414028e-003, 9.955653616515724e-001,-3.455465763420482e-001,-3.190500891885481e-001
 2.285000000000000e+001, 9.410603703057069e-001, 1.535864165968408e-001, 3.240994934359370e-003, 9.850487495588999e-001,-3.416209306577631e-001,-3.152724661848952e-001
 2.286000000000000e+001, 9.301742660177863e-001, 1.528633469699126e-001, 3.736036413479078e-003, 9.745020610952166e-001,-3.376363707947341e-001,-3.114291634027933e-001
 2.287000000000000e+001, 9.193333010392565e-001, 1.522073304232836e-001, 4.166839335616632e-003, 9.639433540791602e-001,-3.336108780854556e-001,-3.075487374663375e-001
 2.288000000000000e+001, 9.085482960057878e-001, 1.516296626532903e-001, 4.536283093740842e-003, 9.533867486254199e-001,-3.295629031491152e-001,-3.036527187219073e-001
 2.289000000000000e+001, 8.978187637574829e-001, 1.511332960435261e-001, 4.849521075848787e-003, 9.428407201113065e-001,-3.255088276939429e-001,-2.997535120774060e-001
 2.290000000000000e+001, 8.871341967417301e-001, 1.507132137954046e-001, 5.114726182635225e-003, 9.323079549490303e-001,-3.214610145849020e-001,-2.958549782625705e-001
 2.291000000000000e+001, 8.764771070453091e-001, 1.503580878645157e-001, 5.340703603924950e-003, 9.217864444444547e-001,-3.174264446243800e-001,-2.919530516116557e-001
 2.292000000000000e+001, 8.658278068036205e-001, 1.500514781101379e-001, 5.533524885700170e-003, 9.112705022398785e-001,-3.134062419678269e-001,-2.880347830077229e-001
 2.293000000000000e+001, 8.551693188802512e-001, 1.497734004013358e-001, 5.694626289123006e-003, 9.007514355636568e-001,-3.093961402078425e-001,-2.840781781734689e-001
 2.294000000000000e+001, 8.444905998318630e-001, 1.495036204510654e-001, 5.819846865753868e-003, 8.902190544619657e-001,-3.053878454792618e-001,-2.800548096554721e-001
 2.295000000000000e+001, 8.337886724543968e-001, 1.492249515075770e-001, 5.899090825688141e-003, 8.796640384588370e-001,-3.013708168385947e-001,-2.759331621803689e-001
 2.296000000000000e+001, 8.230698571510002e-001, 1.489248723024521e-001, 5.917641972144640e-003, 8.690794650821343e-001,-2.973340399092120e-001,-2.716807977357281e-001
 2.297000000000000e+001, 8.123490714339252e-001, 1.485961242349951e-001, 5.859218768106484e-003, 8.584610979077624e-001,-2.932683138687904e-001,-2.672664889064852e-001
 2.298000000000000e+001, 8.016468437174386e-001, 1.482366538003153e-001, 5.709861156836972e-003, 8.478069890287139e-001,-2.891692156036534e-001,-2.626629617139885e-001
 2.299000000000000e+001, 7.904989301811295e-001, 1.483736793762174e-001, 4.729244344564342e-003, 8.366617691099739e-001,-2.849093839894496e-001,-2.577436840319666e-001
 2.300000000000000e+001, 7.791914240487160e-001, 1.485206367501308e-001, 3.592227044737277e-003, 8.252276579865211e-001,-2.805347007437532e-001,-2.524843067385584e-001
 2.301000000000000e+001, 7.686492308809390e-001, 1.480740929968691e-001, 3.197781290061557e-003, 8.144623323446298e-001,-2.763662148528369e-001,-2.472086672494145e-001
 2.302000000000000e+001, 7.581893658755298e-001, 1.476169252047523e-001, 2.734408468008122e-003, 8.036610543514376e-001,-2.722012439740146e-001,-2.417186708025043e-001
 2.303000000000000e+001, 7.478172762588993e-001, 1.471623557441075e-001, 2.224210595919964e-003, 7.928224947582174e-001,-2.680499884535866e-001,-2.360391802343412e-001
 2.304000000000000e+001, 7.375299405629202e-001, 1.467196120075263e-001, 1.697520744498787e-003, 7.819408216701599e-001,-2.639155004785156e-001,-2.302037167991312e-001
 2.305000000000000e+001, 7.273464451213275e-001, 1.462996577024169e-001, 1.176291036732702e-003, 7.710158883471832e-001,-2.597901734612111e-001,-2.242425678135492e-001
 2.306000000000000e+001, 7.172528333947932e-001, 1.459071026339776e-001, 6.945822196063612e-004, 7.600378854417034e-001,-2.556634394621639e-001,-2.181993598078916e-001
 2.307000000000000e+001, 7.072613969933767e-001, 1.455474555875600e-001, 2.721868170855308e-004, 7.490074103273031e-001,-2.515208920289146e-001,-2.121064861922879e-001
 2.308000000000000e+001, 6.973815352651427e-001, 1.452227876188348e-001,-7.636120519449972e-005, 7.379268763404994e-001,-2.473507506543444e-001,-2.059903057944581e-001
 2.309000000000000e+001, 6.876225910291204e-001, 1.449321238565124e-001,-3.454278957574514e-004, 7.268012849289156e-001,-2.431452773117953e-001,-1.998657000324438e-001
 2.310000000000000e+001, 6.779905906754474e-001, 1.446708679666935e-001,-5.384874576349169e-004, 7.156380966876268e-001,-2.389019178390971e-001,-1.937351235066340e-001
 2.311000000000000e+001, 6.684862334769102e-001, 1.444298625666514e-001,-6.681355304658695e-004, 7.044482839041220e-001,-2.346241600016744e-001,-1.875889700710967e-001
 2.312000000000000e+001, 6.591047289781208e-001, 1.441950149988847e-001,-7.557220450688298e-004, 6.932469207482812e-001,-2.303208627493607e-001,-1.814058087638423e-001
 2.313000000000000e+001, 6.498389064367509e-001, 1.439494361132676e-001,-8.299297093062385e-004, 6.820524423874763e-001,-2.260038783833898e-001,-1.751543180027139e-001
 2.314000000000000e+001, 6.406845768181171e-001, 1.436775228304481e-001,-9.236556796812726e-004, 6.708853589911586e-001,-2.216857053593200e-001,-1.687988910558432e-001
 2.315000000000000e+001, 6.316433345039486e-001, 1.433681093700687e-001,-1.069205119594867e-003, 6.597675935614299e-001,-2.173782144480490e-001,-1.623074168897855e-001
 2.316000000000000e+001, 6.227214023600287e-001, 1.430157644013752e-001,-1.293139421728692e-003, 6.487229585071858e-001,-2.130923393930848e-001,-1.556590441139185e-001
 2.317000000000000e+001, 6.139285276414976e-001, 1.426211620389601e-001,-1.612306476514650e-003, 6.377784730643018e-001,-2.088388777616685e-001,-1.488505374467460e-001
 2.318000000000000e+001, 6.052797041914146e-001, 1.421911788293151e-001,-2.031803272897452e-003, 6.269658800289679e-001,-2.046303706117505e-001,-1.418996434582953e-001
 2.319000000000000e+001, 5.967978734433448e-001, 1.417380959149281e-001,-2.544643054896641e-003, 6.163228329440791e-001,-2.004830714895875e-001,-1.348442070232658e-001
 2.320000000000000e+001, 5.885145610524667e-001, 1.412766686488198e-001,-3.133073305113260e-003, 6.058933137930799e-001,-1.964177044292530e-001,-1.277373053313761e-001
 2.321000000000000e+001, 5.804688491407410e-001, 1.408199116703970e-001,-3.772238070795163e-003, 5.957271438808013e-001,-1.924586298144825e-001,-1.206397562835057e-001
 2.322000000000000e+001, 5.727066190984484e-001, 1.403758464835041e-001,-4.435128330174555e-003, 5.858787293288802e-001,-1.886320540778991e-001,-1.136117795099125e-001
 2.323000000000000e+001, 5.652779231796832e-001, 1.399460643034090e-001,-5.096189246310711e-003, 5.764051378739123e-001,-1.849640490506595e-001,-1.067075572158004e-001
 2.324000000000000e+001, 5.582296840296972e-001, 1.395260147276398e-001,-5.732635623283583e-003, 5.673639578659514e-001,-1.814792502677311e-001,-9.997582484603482e-002
 2.325000000000000e+001, 5.515969538396461e-001, 1.391063651162241e-001,-6.324235546539224e-003, 5.588112773327051e-001,-1.782003700998917e-001,-9.346400323624322e-002
 2.326000000000000e+001, 5.453974694291522e-001, 1.386747099153387e-001,-6.852782605238163e-003, 5.507995945340536e-001,-1.751472894404997e-001,-8.722101507386502e-002
 2.327000000000000e+001, 5.396302214824202e-001, 1.382180361030683e-001,-7.302805502521772e-003, 5.433757793012985e-001,-1.723358313459619e-001,-8.129684102484124e-002
 2.328000000000000e+001, 5.342774615642308e-001, 1.377261800024636e-001,-7.663563915903116e-003, 5.365788951657374e-001,-1.697778705652920e-001,-7.574004268205720e-002
 2.329000000000000e+001, 5.293096714047949e-001, 1.371957504651329e-001,-7.930859695564842e-003, 5.304374603524910e-001,-1.674825974724022e-001,-7.059573184926224e-002
 2.330000000000000e+001, 5.246926621635915e-001, 1.366334538533889e-001,-8.107949394529945e-003, 5.249671628411076e-001,-1.654571430202612e-001,-6.590432845506898e-002
 2.331000000000000e+001, 5.203967381029324e-001, 1.360566811632074e-001,-8.204602569880218e-003, 5.201704904763652e-001,-1.637054752185830e-001,-6.169966154054021e-002
 2.332000000000000e+001, 5.164064439258688e-001, 1.354900621351911e-001,-8.233378272707481e-003, 5.160380523120237e-001,-1.622260015279385e-001,-5.800715254931674e-002
 2.333000000000000e+001, 5.127253988012603e-001, 1.349595016883165e-001,-8.204905299716361e-003, 5.125499591650021e-001,-1.610093591772306e-001,-5.484328639168375e-002
 2.334000000000000e+001, 5.093718913808483e-001, 1.344864821365308e-001,-8.125918992774974e-003, 5.096754388374586e-001,-1.600375456637843e-001,-5.221365304642096e-002
 2.335000000000000e+001, 5.063825408532252e-001, 1.340872339140997e-001,-8.001245266270007e-003, 5.073884906029231e-001,-1.592916902473595e-001,-5.012361158400757e-002
 2.336000000000000e+001, 5.037584574996784e-001, 1.337619174791376e-001,-7.845524910405152e-003, 5.055967545048321e-001,-1.587282343507899e-001,-4.850377883973765e-002
 2.337000000000000e+001, 5.014282125009214e-001, 1.334931983192091e-001,-7.675981811472228e-003, 5.041496081813653e-001,-1.582873625630623e-001,-4.721470844215105e-002
