Main.Studies.MarkerTracking.t,Main.Studies.MarkerTracking.JointAngleOutputs.OutputFile_LeftLeg.HipFlexion,Main.Studies.MarkerTracking.JointAngleOutputs.OutputFile_LeftLeg.HipAbduction,Main.Studies.MarkerTracking.JointAngleOutputs.OutputFile_LeftLeg.HipExternalRotation,Main.Studies.MarkerTracking.JointAngleOutputs.OutputFile_LeftLeg.KneeFlexion,Main.Studies.MarkerTracking.JointAngleOutputs.OutputFile_LeftLeg.AnklePlantarFlexion,Main.Studies.MarkerTracking.JointAngleOutputs.OutputFile_LeftLeg.SubTalarEversion
 5.620000000000000e+000, 5.280480479611049e-001, 1.228160314399163e-001,-1.974249765205591e-002, 6.167877323541878e-001,-2.414867667108742e-001,-1.261366488238470e-001
 5.630000000000000e+000, 5.264523344977669e-001, 1.228415646644845e-001,-2.017172426999988e-002, 6.163082241330335e-001,-2.414771039657409e-001,-1.249645770110211e-001
 5.640000000000000e+000, 5.252118532056049e-001, 1.229142431019750e-001,-2.059190424017198e-002, 6.162807687046559e-001,-2.416242182119041e-001,-1.239996121776422e-001
 5.650000000000000e+000, 5.245860594664027e-001, 1.230604823604378e-001,-2.099288830926926e-002, 6.170049395704547e-001,-2.420426706820253e-001,-1.233830535022126e-001
 5.660000000000000e+000, 5.248226853737670e-001, 1.233003389314038e-001,-2.135625086760097e-002, 6.187527321104804e-001,-2.428434315443089e-001,-1.232412653296385e-001
 5.670000000000000e+000, 5.260647562350090e-001, 1.236408236774724e-001,-2.165674341163702e-002, 6.216741991567010e-001,-2.440920795573295e-001,-1.236484194466020e-001
 5.680000000000000e+000, 5.284236186215656e-001, 1.240826096117698e-001,-2.186196151032076e-002, 6.258914408388971e-001,-2.458427170767069e-001,-1.246680143966339e-001
 5.690000000000000e+000, 5.319771969984246e-001, 1.246196908016124e-001,-2.194830501994139e-002, 6.314726763924031e-001,-2.481284903284637e-001,-1.263343787256359e-001
 5.700000000000000e+000, 5.367357425677677e-001, 1.252369530323159e-001,-2.190054008101230e-002, 6.384178805925924e-001,-2.509659058527207e-001,-1.286353112818860e-001
 5.710000000000000e+000, 5.426667330858710e-001, 1.259183000439070e-001,-2.172431158754026e-002, 6.466722258792880e-001,-2.543567064738407e-001,-1.315220986584121e-001
 5.720000000000000e+000, 5.496887333772332e-001, 1.266483402554308e-001,-2.144480688245357e-002, 6.561319327771863e-001,-2.582872250001130e-001,-1.349205903924502e-001
 5.730000000000000e+000, 5.576693552039781e-001, 1.274110708908649e-001,-2.109957464053610e-002, 6.666532819680866e-001,-2.627279293496190e-001,-1.387469317827521e-001
 5.740000000000000e+000, 5.664294120990736e-001, 1.281888399132714e-001,-2.072768822133828e-002, 6.780635301951048e-001,-2.676334425014820e-001,-1.429219843726863e-001
 5.750000000000000e+000, 5.757584170371723e-001, 1.289660624215117e-001,-2.035971558155096e-002, 6.901750142711911e-001,-2.729423062951060e-001,-1.473822962093886e-001
 5.760000000000000e+000, 5.854377638082354e-001, 1.297342242619246e-001,-2.001154056887462e-002, 7.028000032668941e-001,-2.785783063682139e-001,-1.520836556661184e-001
 5.770000000000001e+000, 5.952628003931043e-001, 1.304902106130097e-001,-1.968442833594386e-002, 7.157611915580924e-001,-2.844560323010069e-001,-1.569933902115066e-001
 5.780000000000000e+000, 6.050595775710751e-001, 1.312288728835205e-001,-1.937018387209144e-002, 7.288978839518447e-001,-2.904888782046599e-001,-1.620785363356300e-001
 5.790000000000000e+000, 6.146962951351894e-001, 1.319377575667169e-001,-1.905588624749178e-002, 7.420717240002385e-001,-2.965945863521624e-001,-1.673027884364253e-001
 5.800000000000000e+000, 6.240883637095681e-001, 1.325976985520017e-001,-1.872493902081498e-002, 7.551716215493111e-001,-3.026969193141231e-001,-1.726333905842610e-001
 5.810000000000001e+000, 6.331965059222529e-001, 1.331884216757853e-001,-1.835695044592722e-002, 7.681150830246967e-001,-3.087266313880842e-001,-1.780493165297906e-001
 5.820000000000000e+000, 6.420195214860239e-001, 1.336965982475893e-001,-1.792943377764599e-002, 7.808460488038217e-001,-3.146242860380708e-001,-1.835457046723094e-001
 5.830000000000000e+000, 6.505832205234474e-001, 1.341222277759604e-001,-1.742074177993681e-002, 7.933310087091056e-001,-3.203445955244265e-001,-1.891335076525285e-001
 5.840000000000000e+000, 6.589272773600626e-001, 1.344801480421194e-001,-1.681211343463222e-002, 8.055538797236745e-001,-3.258605180582124e-001,-1.948338349729187e-001
 5.850000000000000e+000, 6.670935799610364e-001, 1.347965866834091e-001,-1.608817867395038e-002, 8.175097604161574e-001,-3.311644676339806e-001,-2.006691412115380e-001
 5.860000000000000e+000, 6.751193042400302e-001, 1.351031449532787e-001,-1.523756349576190e-002, 8.291994599153210e-001,-3.362650275424633e-001,-2.066544854501791e-001
 5.870000000000000e+000, 6.830361577215136e-001, 1.354306935210232e-001,-1.425525462549340e-002, 8.406268684184073e-001,-3.411804091707386e-001,-2.127899732761990e-001
 5.880000000000000e+000, 6.908748227658468e-001, 1.358035585724673e-001,-1.314646935323966e-002, 8.517986090857329e-001,-3.459318565820794e-001,-2.190544578429129e-001
 5.890000000000000e+000, 6.986703876408772e-001, 1.362334908052723e-001,-1.193057374055352e-002, 8.627240116410864e-001,-3.505395649230618e-001,-2.254016063465462e-001
 5.900000000000000e+000, 7.064656237887285e-001, 1.367151791146632e-001,-1.064301633468972e-002, 8.734148315507837e-001,-3.550211584889705e-001,-2.317604021458986e-001
 5.910000000000000e+000, 7.143123258741837e-001, 1.372264023468517e-001,-9.333575383836544e-003, 8.838854741667150e-001,-3.593913405415617e-001,-2.380410388676079e-001
 5.920000000000000e+000, 7.222699969582224e-001, 1.377332597163350e-001,-8.060665623990944e-003, 8.941536703783671e-001,-3.636616391529857e-001,-2.441458153592734e-001
 5.930000000000000e+000, 7.303998435123077e-001, 1.381985349856911e-001,-6.882897779541577e-003, 9.042403614706395e-001,-3.678401017237863e-001,-2.499841882302169e-001
 5.940000000000000e+000, 7.387545313862339e-001, 1.385908152921147e-001,-5.849983410425439e-003, 9.141682530901725e-001,-3.719318904161593e-001,-2.554880483883436e-001
 5.950000000000000e+000, 7.473668071657849e-001, 1.388911913958570e-001,-4.994688616707161e-003, 9.239595926983681e-001,-3.759412973994945e-001,-2.606210425622177e-001
 5.960000000000000e+000, 7.562410510061264e-001, 1.390956329161917e-001,-4.326721325714758e-003, 9.336341131561073e-001,-3.798731834824391e-001,-2.653819996802250e-001
 5.970000000000000e+000, 7.653464258565610e-001, 1.392116162342201e-001,-3.826322958404646e-003, 9.432060799812189e-001,-3.837319786023681e-001,-2.697943037032943e-001
 5.980000000000000e+000, 7.750262896543096e-001, 1.390129380053169e-001,-2.995608263945718e-003, 9.532031665221671e-001,-3.876849794592621e-001,-2.741491834393191e-001
 5.990000000000000e+000, 7.847706333186538e-001, 1.388041098073674e-001,-2.292116617596499e-003, 9.629974195693308e-001,-3.915239262560202e-001,-2.782169799424349e-001
 6.000000000000000e+000, 7.942808052623069e-001, 1.387706768174599e-001,-1.944280834369828e-003, 9.723230018439877e-001,-3.951694165802290e-001,-2.819470031047197e-001
 6.010000000000000e+000, 8.038250742767418e-001, 1.387347118400739e-001,-1.521951807346436e-003, 9.815575709038757e-001,-3.987368240860861e-001,-2.855733966560956e-001
 6.020000000000000e+000, 8.133834378769057e-001, 1.387123099820191e-001,-9.803038796643384e-004, 9.906955041714459e-001,-4.022205299891134e-001,-2.891395430044251e-001
 6.030000000000000e+000, 8.229479916235352e-001, 1.387120647194233e-001,-2.974410420309112e-004, 9.997291817098000e-001,-4.056151187535778e-001,-2.926678115665622e-001
 6.040000000000000e+000, 8.325175088474361e-001, 1.387362727766590e-001, 5.253321580918909e-004, 1.008650654537457e+000,-4.089188976157417e-001,-2.961584468016602e-001
 6.050000000000000e+000, 8.420933443275342e-001, 1.387845512116708e-001, 1.466037842658421e-003, 1.017454131933258e+000,-4.121356544491038e-001,-2.995936224218075e-001
 6.060000000000000e+000, 8.516861530589971e-001, 1.388585086128842e-001, 2.482294551500360e-003, 1.026139457357084e+000,-4.152710449204332e-001,-3.029394421283322e-001
 6.070000000000000e+000, 8.612776407770217e-001, 1.389601843618828e-001, 3.533385755736359e-003, 1.034702345019033e+000,-4.183346338468841e-001,-3.061736951522270e-001
 6.080000000000000e+000, 8.708728448917459e-001, 1.390964781864201e-001, 4.563836812442437e-003, 1.043144603488056e+000,-4.213282538802413e-001,-3.092579186223717e-001
 6.090000000000000e+000, 8.804605048680502e-001, 1.392716525071629e-001, 5.528878149418705e-003, 1.051463105916819e+000,-4.242511885729197e-001,-3.121614905903165e-001
 6.100000000000000e+000, 8.900213095836723e-001, 1.394867674773552e-001, 6.396244919463243e-003, 1.059651264597255e+000,-4.271005633960938e-001,-3.148605570594482e-001
 6.110000000000000e+000, 8.995302275759736e-001, 1.397410154655521e-001, 7.146966616344964e-003, 1.067699361141700e+000,-4.298741811687827e-001,-3.173427516676471e-001
 6.120000000000000e+000, 9.089608749488694e-001, 1.400337716374072e-001, 7.772492018798476e-003, 1.075596091596600e+000,-4.325705696575132e-001,-3.196132211689203e-001
 6.130000000000000e+000, 9.182895956935954e-001, 1.403656404759406e-001, 8.270313159204115e-003, 1.083331705860239e+000,-4.351863139006665e-001,-3.216996029825509e-001
 6.140000000000000e+000, 9.274985446952045e-001, 1.407373348142620e-001, 8.641356685245974e-003, 1.090901097332972e+000,-4.377154986003852e-001,-3.236493488028254e-001
 6.150000000000000e+000, 9.365776579717278e-001, 1.411476089409645e-001, 8.890827261244485e-003, 1.098304665230766e+000,-4.401540162024331e-001,-3.255178994826863e-001
 6.160000000000000e+000, 9.455254171917236e-001, 1.415919588277892e-001, 9.029406430975103e-003, 1.105546883529575e+000,-4.425052046078632e-001,-3.273545783016844e-001
 6.170000000000000e+000, 9.543491877403906e-001, 1.420616129322501e-001, 9.071879448143444e-003, 1.112634297510974e+000,-4.447811178758708e-001,-3.291936173249256e-001
 6.180000000000000e+000, 9.630656938115203e-001, 1.425437807044825e-001, 9.033666488158306e-003, 1.119575176673126e+000,-4.469988739895453e-001,-3.310520529008338e-001
 6.190000000000000e+000, 9.717010531757183e-001, 1.430248250455335e-001, 8.927259088613153e-003, 1.126381413413751e+000,-4.491763246186901e-001,-3.329315868725362e-001
 6.200000000000000e+000, 9.802892864395523e-001, 1.434950975458553e-001, 8.761276745415925e-003, 1.133070673348839e+000,-4.513289482851666e-001,-3.348228334206879e-001
 6.210000000000000e+000, 9.888687699034517e-001, 1.439532386487976e-001, 8.542221130531878e-003, 1.139666616515924e+000,-4.534671141078789e-001,-3.367128061399026e-001
 6.220000000000000e+000, 9.974772873872886e-001, 1.444080120022631e-001, 8.275017116103723e-003, 1.146196645503199e+000,-4.555949436636858e-001,-3.385934087817777e-001
 6.230000000000000e+000, 1.006147399568861e+000, 1.448763626984981e-001, 7.960207043941540e-003, 1.152688514486070e+000,-4.577119122678519e-001,-3.404652644184633e-001
 6.240000000000000e+000, 1.014904329355211e+000, 1.453787966727762e-001, 7.590354713107564e-003, 1.159167599478753e+000,-4.598152607793103e-001,-3.423336463558309e-001
 6.250000000000000e+000, 1.023765985232605e+000, 1.459342299336024e-001, 7.148802114057348e-003, 1.165654958048958e+000,-4.619016071776916e-001,-3.441997518468842e-001
 6.260000000000000e+000, 1.032741962390516e+000, 1.465556059564972e-001, 6.610828725099492e-003, 1.172165928646776e+000,-4.639681662355155e-001,-3.460548964921965e-001
 6.270000000000000e+000, 1.041830928282945e+000, 1.472473281426328e-001, 5.946147199361101e-003, 1.178709932826753e+000,-4.660135135521316e-001,-3.478822700113934e-001
 6.280000000000000e+000, 1.051018071674513e+000, 1.480056677546933e-001, 5.123106688088119e-003, 1.185291349307733e+000,-4.680373002631392e-001,-3.496635905066535e-001
 6.290000000000000e+000, 1.060272645545333e+000, 1.488222526796670e-001, 4.115004961643862e-003, 1.191910301391829e+000,-4.700401302032009e-001,-3.513846731047065e-001
 6.300000000000000e+000, 1.069545838710501e+000, 1.496882905603183e-001, 2.907505147178148e-003, 1.198562642991292e+000,-4.720248204164013e-001,-3.530373328632486e-001
 6.310000000000000e+000, 1.078771548425939e+000, 1.505964711089325e-001, 1.504613626242050e-003, 1.205239643022280e+000,-4.739973810266321e-001,-3.546190643915260e-001
 6.320000000000000e+000, 1.087872979325274e+000, 1.515405455252512e-001,-6.961275018684545e-005, 1.211928480184855e+000,-4.759656852280024e-001,-3.561324828936616e-001
 6.330000000000000e+000, 1.096774677024364e+000, 1.525150464550997e-001,-1.774792682462832e-003, 1.218614096091078e+000,-4.779370153769372e-001,-3.575851515603555e-001
 6.340000000000000e+000, 1.105414748202306e+000, 1.535144921627019e-001,-3.562230455781718e-003, 1.225282056152570e+000,-4.799172948319341e-001,-3.589874683895995e-001
 6.350000000000000e+000, 1.113752040845269e+000, 1.545284571237837e-001,-5.383704214803490e-003, 1.231921053119504e+000,-4.819118393663032e-001,-3.603461586623930e-001
 6.359999999999999e+000, 1.121767920829536e+000, 1.555355036156012e-001,-7.197804162541864e-003, 1.238523598856056e+000,-4.839250725606593e-001,-3.616569922175637e-001
 6.370000000000000e+000, 1.129464639576491e+000, 1.565042467624069e-001,-8.973135270860322e-003, 1.245084691939894e+000,-4.859587197770491e-001,-3.629028205954684e-001
 6.380000000000000e+000, 1.136861961048718e+000, 1.574014340669527e-001,-1.068872356046286e-002, 1.251599263385543e+000,-4.880098251902327e-001,-3.640579438044507e-001
 6.390000000000000e+000, 1.143993157619688e+000, 1.582002983117585e-001,-1.233291277385479e-002, 1.258059975395185e+000,-4.900699765606866e-001,-3.650960141875852e-001
 6.400000000000000e+000, 1.150899969703700e+000, 1.588864519794437e-001,-1.390224663017953e-002, 1.264456671118077e+000,-4.921268251093401e-001,-3.659984102010980e-001
 6.410000000000000e+000, 1.157626537124851e+000, 1.594608968445510e-001,-1.539973947115189e-002, 1.270776946829787e+000,-4.941669136585168e-001,-3.667607076331308e-001
 6.420000000000000e+000, 1.164211988260909e+000, 1.599383222240085e-001,-1.683080509503524e-002, 1.277006368333311e+000,-4.961785497829679e-001,-3.673921029617543e-001
 6.430000000000000e+000, 1.170703973065788e+000, 1.603469991676845e-001,-1.820533343908931e-002, 1.283129462143675e+000,-4.981452204159360e-001,-3.679352280881354e-001
 6.440000000000000e+000, 1.177139273692387e+000, 1.607184064440630e-001,-1.952942016653457e-002, 1.289128387599256e+000,-5.000530547481983e-001,-3.684384612529800e-001
 6.450000000000000e+000, 1.183555603997482e+000, 1.610867982159139e-001,-2.080903720661064e-002, 1.294985047408203e+000,-5.018859766523180e-001,-3.689631817364587e-001
 6.460000000000000e+000, 1.189985466417776e+000, 1.614850289806349e-001,-2.204816018639176e-002, 1.300682982983780e+000,-5.036299924539633e-001,-3.695655824184438e-001
 6.470000000000000e+000, 1.196454196189058e+000, 1.619399396168979e-001,-2.325004590943449e-002, 1.306209592495375e+000,-5.052753021007371e-001,-3.702883682983378e-001
 6.480000000000000e+000, 1.202976942240467e+000, 1.624659875670003e-001,-2.441948341854898e-002, 1.311557064834366e+000,-5.068169665586507e-001,-3.711601983040531e-001
 6.490000000000000e+000, 1.209555828345245e+000, 1.630612352703542e-001,-2.556398787054743e-002, 1.316722168232024e+000,-5.082554620992591e-001,-3.721970709603268e-001
 6.500000000000000e+000, 1.216179612653683e+000, 1.637086944557109e-001,-2.669345383369274e-002, 1.321706021785711e+000,-5.095978100221618e-001,-3.734034212926955e-001
 6.510000000000000e+000, 1.222825315398494e+000, 1.643815071438941e-001,-2.781912393935455e-002, 1.326514638056122e+000,-5.108593815037225e-001,-3.747726842757623e-001
 6.520000000000000e+000, 1.229462371192583e+000, 1.650487195097659e-001,-2.895354228993340e-002, 1.331160498754606e+000,-5.120649328061205e-001,-3.762874865359059e-001
 6.529999999999999e+000, 1.236060215024697e+000, 1.656794035250739e-001,-3.011113745957391e-002, 1.335664468940999e+000,-5.132459319613600e-001,-3.779211687098711e-001
 6.540000000000000e+000, 1.242596991264119e+000, 1.662450822180834e-001,-3.130659334052459e-002, 1.340057095263962e+000,-5.144334578978177e-001,-3.796408631636151e-001
 6.550000000000000e+000, 1.249065968456845e+000, 1.667217822323872e-001,-3.255199843174789e-002, 1.344379349398008e+000,-5.156495460297137e-001,-3.814119342171457e-001
 6.560000000000000e+000, 1.255475701906507e+000, 1.670921727075672e-001,-3.385579956607054e-002, 1.348682149863463e+000,-5.169024618746774e-001,-3.832048748496708e-001
 6.570000000000000e+000, 1.261841636273134e+000, 1.673468183281714e-001,-3.522108597431414e-002, 1.353022566047269e+000,-5.181904510928332e-001,-3.850025446361186e-001
 6.580000000000000e+000, 1.268174639713006e+000, 1.674845969173093e-001,-3.664111259490891e-002, 1.357457345839249e+000,-5.195108586652399e-001,-3.868027733927503e-001
 6.590000000000000e+000, 1.274474397845361e+000, 1.675134344220732e-001,-3.809628515875693e-002, 1.362037466892373e+000,-5.208664453784450e-001,-3.886155985464415e-001
 6.600000000000000e+000, 1.280727781192258e+000, 1.674502970055294e-001,-3.955623712113845e-002, 1.366804909742460e+000,-5.222662989439603e-001,-3.904585147407431e-001
 6.609999999999999e+000, 1.286909114350092e+000, 1.673186376068141e-001,-4.098540705877662e-002, 1.371789999296068e+000,-5.237241235270954e-001,-3.923510442225004e-001
 6.620000000000000e+000, 1.292983491307029e+000, 1.671444605567358e-001,-4.234893489187556e-002, 1.377009027604115e+000,-5.252555828616081e-001,-3.943082273037493e-001
 6.630000000000000e+000, 1.298913404172872e+000, 1.669535993113254e-001,-4.361783530791272e-002, 1.382462957128161e+000,-5.268749290040183e-001,-3.963357724261922e-001
 6.640000000000000e+000, 1.304665484377586e+000, 1.667708195761519e-001,-4.477318217007365e-002, 1.388136895808165e+000,-5.285912808803014e-001,-3.984300769289980e-001
 6.650000000000000e+000, 1.310216152360928e+000, 1.666193096570348e-001,-4.580809880446390e-002, 1.394000188663052e+000,-5.304055959922041e-001,-4.005808789153338e-001
 6.660000000000000e+000, 1.315556005010533e+000, 1.665192883540829e-001,-4.672709738302779e-002, 1.400007645008977e+000,-5.323091081108383e-001,-4.027724002493708e-001
 6.670000000000000e+000, 1.320691608455039e+000, 1.664859033026171e-001,-4.754396876009935e-002, 1.406101855029089e+000,-5.342826036672321e-001,-4.049827652229086e-001
 6.680000000000000e+000, 1.325644350284822e+000, 1.665271467117573e-001,-4.827961973986773e-002, 1.412216482764818e+000,-5.362967697314961e-001,-4.071835747389608e-001
 6.690000000000000e+000, 1.330446729768848e+000, 1.666413670572662e-001,-4.895934429980565e-002, 1.418280059748778e+000,-5.383151573395764e-001,-4.093401825814672e-001
 6.699999999999999e+000, 1.335137587520548e+000, 1.668143139799700e-001,-4.960929525917325e-002, 1.424219558239885e+000,-5.402990754410246e-001,-4.114129424067213e-001
 6.710000000000000e+000, 1.339757927027730e+000, 1.670182510547464e-001,-5.025475308863926e-002, 1.429964399359184e+000,-5.422118221725504e-001,-4.133608124679778e-001
 6.720000000000000e+000, 1.344347113912602e+000, 1.672154926271228e-001,-5.092150527989970e-002, 1.435451622369061e+000,-5.440209491911627e-001,-4.151475054742198e-001
 6.730000000000000e+000, 1.348939974725475e+000, 1.673649441347029e-001,-5.163751588651867e-002, 1.440631290898686e+000,-5.456989709115818e-001,-4.167472132812301e-001
 6.740000000000000e+000, 1.353565507327782e+000, 1.674278269485781e-001,-5.243129844948986e-002, 1.445470486805171e+000,-5.472241408156291e-001,-4.181460069161846e-001
 6.750000000000000e+000, 1.358246004515771e+000, 1.673709143887132e-001,-5.332703546121990e-002, 1.449955051192313e+000,-5.485822636868609e-001,-4.193391990739396e-001
 6.760000000000000e+000, 1.362996593580766e+000, 1.671687970814071e-001,-5.433962133149060e-002, 1.454089615739183e+000,-5.497681524780691e-001,-4.203288609246882e-001
 6.770000000000000e+000, 1.367825938059200e+000, 1.668062730442224e-001,-5.547155466494936e-002, 1.457896539358524e+000,-5.507856921256179e-001,-4.211230549164021e-001
 6.779999999999999e+000, 1.372736252331531e+000, 1.662797363835529e-001,-5.671110621108610e-002, 1.461413177892199e+000,-5.516473932411055e-001,-4.217354132139546e-001
 6.790000000000000e+000, 1.377721336743953e+000, 1.655962838607346e-001,-5.803156761046248e-002, 1.464687243402730e+000,-5.523735734308175e-001,-4.221851937938148e-001
 6.800000000000000e+000, 1.382764900764356e+000, 1.647709064911991e-001,-5.939327037933113e-002, 1.467771818503086e+000,-5.529903530697440e-001,-4.224982618809033e-001
 6.810000000000000e+000, 1.387841083209762e+000, 1.638229722608346e-001,-6.074852731635705e-002, 1.470721188233918e+000,-5.535269354215031e-001,-4.227070847993601e-001
 6.820000000000000e+000, 1.392915861664260e+000, 1.627726139011518e-001,-6.204582920793005e-002, 1.473586508282891e+000,-5.540131091017899e-001,-4.228478141025252e-001
 6.830000000000000e+000, 1.397947846040861e+000, 1.616376262324322e-001,-6.323148550461960e-002, 1.476411133935773e+000,-5.544770216050052e-001,-4.229554948213860e-001
 6.840000000000000e+000, 1.402889641974353e+000, 1.604330059673682e-001,-6.425311422595006e-002, 1.479228119875789e+000,-5.549435401113971e-001,-4.230604168099335e-001
 6.850000000000000e+000, 1.407692874986843e+000, 1.591752261880619e-001,-6.506902580031550e-002, 1.482061623111405e+000,-5.554338363392559e-001,-4.231875967569085e-001
 6.859999999999999e+000, 1.412318883724947e+000, 1.578899767014843e-001,-6.566116306256425e-002, 1.484930668375131e+000,-5.559654945525323e-001,-4.233593429380210e-001
 6.870000000000000e+000, 1.416751875063291e+000, 1.566190007585666e-001,-6.604573747753449e-002, 1.487852612516443e+000,-5.565515377523944e-001,-4.235995499705015e-001
 6.880000000000000e+000, 1.421003959118663e+000, 1.554195023877254e-001,-6.627356975234580e-002, 1.490843497207129e+000,-5.571984819943516e-001,-4.239350128664673e-001
 6.890000000000000e+000, 1.425102685186942e+000, 1.543512296119500e-001,-6.641417634013484e-002, 1.493912945989757e+000,-5.579056745449671e-001,-4.243879442685039e-001
 6.900000000000000e+000, 1.429069554926642e+000, 1.534581579061884e-001,-6.653214868997409e-002, 1.497056689229520e+000,-5.586670287980524e-001,-4.249634354461238e-001
 6.910000000000000e+000, 1.432909537976871e+000, 1.527589240057616e-001,-6.667253677873132e-002, 1.500253725658393e+000,-5.594733079202943e-001,-4.256428133794444e-001
 6.920000000000000e+000, 1.436616541427325e+000, 1.522494765073490e-001,-6.685945313605801e-002, 1.503469600426700e+000,-5.603129326294082e-001,-4.263865512428730e-001
 6.930000000000000e+000, 1.440184779970580e+000, 1.519112318101723e-001,-6.710186365190529e-002, 1.506661928318290e+000,-5.611718011231162e-001,-4.271426553070131e-001
 6.940000000000000e+000, 1.443618730507671e+000, 1.517190034319582e-001,-6.740213543208741e-002, 1.509786086200571e+000,-5.620335805246240e-001,-4.278566025837189e-001
 6.950000000000000e+000, 1.446938297462018e+000, 1.516459064492557e-001,-6.776392794660160e-002, 1.512800557222093e+000,-5.628807346242268e-001,-4.284802220460045e-001
 6.960000000000000e+000, 1.450177229862379e+000, 1.516651950706103e-001,-6.819547216810402e-002, 1.515670332808726e+000,-5.636958679021915e-001,-4.289774182071184e-001
 6.970000000000000e+000, 1.453376877861242e+000, 1.517515786295438e-001,-6.870662856291573e-002, 1.518368040649167e+000,-5.644626060999690e-001,-4.293263155049966e-001
 6.980000000000000e+000, 1.456579447474559e+000, 1.518828289024401e-001,-6.930212547709647e-002, 1.520874428020441e+000,-5.651658435358807e-001,-4.295190619436989e-001
 6.990000000000000e+000, 1.459822300979316e+000, 1.520403439884677e-001,-6.997610266536554e-002, 1.523178857401681e+000,-5.657927756992609e-001,-4.295607760678833e-001
 7.000000000000000e+000, 1.463132186004145e+000, 1.522096701942428e-001,-7.071259946707686e-002, 1.525279536423787e+000,-5.663346966729659e-001,-4.294690239690788e-001
 7.010000000000000e+000, 1.466520092970442e+000, 1.523818926340901e-001,-7.149125914942481e-002, 1.527183638319937e+000,-5.667877483559294e-001,-4.292738631282680e-001
 7.020000000000000e+000, 1.469979189480068e+000, 1.525536967103356e-001,-7.229181306040777e-002, 1.528907153057880e+000,-5.671528694995226e-001,-4.290166423187822e-001
 7.029999999999999e+000, 1.473485859521939e+000, 1.527252466374218e-001,-7.309306030688682e-002, 1.530473756385796e+000,-5.674360330497258e-001,-4.287466944534141e-001
 7.040000000000000e+000, 1.477002597568391e+000, 1.528972277595140e-001,-7.386875218202436e-002, 1.531912504990059e+000,-5.676479136723729e-001,-4.285164174770609e-001
 7.050000000000000e+000, 1.480482054592270e+000, 1.530676905593806e-001,-7.458466636644390e-002, 1.533255013439382e+000,-5.678022512566199e-001,-4.283751573411940e-001
 7.060000000000000e+000, 1.483871339739657e+000, 1.532297984934947e-001,-7.519941956737238e-002, 1.534533055863737e+000,-5.679137091502989e-001,-4.283636702245526e-001
 7.070000000000000e+000, 1.487116901971107e+000, 1.533723637952675e-001,-7.567036419341675e-002, 1.535777326379791e+000,-5.679964769748879e-001,-4.285112225886438e-001
 7.080000000000000e+000, 1.490170106287937e+000, 1.534828653387586e-001,-7.596228808413914e-002, 1.537017051262928e+000,-5.680643037092510e-001,-4.288344087629670e-001
 7.090000000000000e+000, 1.492991126736306e+000, 1.535505000015975e-001,-7.605403089314976e-002, 1.538279324442938e+000,-5.681308160522601e-001,-4.293361318783519e-001
 7.100000000000000e+000, 1.495550383104535e+000, 1.535674277289867e-001,-7.594172005909840e-002, 1.539587693803238e+000,-5.682087223460114e-001,-4.300050248685134e-001
 7.109999999999999e+000, 1.497828608237943e+000, 1.535281013964081e-001,-7.563856665024001e-002, 1.540960080316941e+000,-5.683091442907974e-001,-4.308156970291560e-001
 7.119999999999999e+000, 1.499815242918968e+000, 1.534285238215911e-001,-7.517046196599991e-002, 1.542406636797711e+000,-5.684429325383033e-001,-4.317304281246340e-001
 7.130000000000000e+000, 1.501506944723261e+000, 1.532675155758911e-001,-7.457185059119835e-002, 1.543929208306407e+000,-5.686231045655880e-001,-4.327029003978027e-001
 7.140000000000000e+000, 1.502909214517211e+000, 1.530489526935466e-001,-7.388525237181447e-002, 1.545522849415685e+000,-5.688647553982642e-001,-4.336828046365139e-001
 7.150000000000000e+000, 1.504039281433483e+000, 1.527820183318800e-001,-7.315864209449992e-002, 1.547177358728302e+000,-5.691801021019498e-001,-4.346199013957196e-001
 7.160000000000000e+000, 1.504926415813325e+000, 1.524788881758417e-001,-7.243722113021618e-002, 1.548877127639481e+000,-5.695727217974193e-001,-4.354666432443202e-001
 7.170000000000000e+000, 1.505609107430890e+000, 1.521515602826202e-001,-7.175567608756238e-002, 1.550599944379393e+000,-5.700363620943565e-001,-4.361791687655482e-001
 7.180000000000000e+000, 1.506130636961655e+000, 1.518091371261328e-001,-7.113664653357439e-002, 1.552316738039165e+000,-5.705565572017985e-001,-4.367186697790068e-001
 7.190000000000000e+000, 1.506534586251484e+000, 1.514562464797116e-001,-7.059405551309858e-002, 1.553993291139211e+000,-5.711115127132551e-001,-4.370544035894365e-001
 7.199999999999999e+000, 1.506859491198018e+000, 1.510935138612288e-001,-7.013997368444853e-002, 1.555592944035228e+000,-5.716734814750327e-001,-4.371747440673073e-001
 7.210000000000000e+000, 1.507142992504703e+000, 1.507153970086304e-001,-6.977742389387333e-002, 1.557077220269213e+000,-5.722164510919165e-001,-4.370666143186703e-001
 7.220000000000000e+000, 1.507407954191026e+000, 1.503152850745291e-001,-6.951652513860218e-002, 1.558408430631635e+000,-5.727189963431559e-001,-4.367588353163560e-001
 7.230000000000000e+000, 1.507665974469843e+000, 1.498868680770875e-001,-6.935966264379670e-002, 1.559550803730869e+000,-5.731694569856491e-001,-4.363005324414078e-001
 7.239999999999999e+000, 1.507917481141884e+000, 1.494287259437581e-001,-6.930027056619351e-002, 1.560474192579860e+000,-5.735627050008774e-001,-4.357542097825422e-001
 7.250000000000000e+000, 1.508158393652916e+000, 1.489454658322451e-001,-6.932529445248400e-002, 1.561157547920347e+000,-5.738946575694462e-001,-4.351779216124333e-001
 7.260000000000000e+000, 1.508384829156852e+000, 1.484462001016467e-001,-6.941938490285918e-002, 1.561591082494287e+000,-5.741597573498498e-001,-4.346146435883136e-001
 7.270000000000000e+000, 1.508592624545846e+000, 1.479426186053490e-001,-6.956548808597129e-002, 1.561776658128061e+000,-5.743524248206405e-001,-4.340923608459915e-001
 7.279999999999999e+000, 1.508774292598735e+000, 1.474475230319499e-001,-6.974250380388901e-002, 1.561726448132122e+000,-5.744695673629043e-001,-4.336278829286533e-001
 7.290000000000000e+000, 1.508916879674543e+000, 1.469736241141761e-001,-6.992382716566345e-002, 1.561460440847615e+000,-5.745123709809198e-001,-4.332291517165275e-001
 7.300000000000000e+000, 1.509002855167102e+000, 1.465323946566328e-001,-7.008002186976557e-002, 1.561003801130356e+000,-5.744869186846391e-001,-4.328966329198277e-001
 7.310000000000000e+000, 1.509013621802647e+000, 1.461331071745968e-001,-7.018474704020915e-002, 1.560384471010945e+000,-5.744028442408048e-001,-4.326258158521852e-001
 7.319999999999999e+000, 1.508932820865528e+000, 1.457825726931070e-001,-7.021925454867892e-002, 1.559630815121809e+000,-5.742706906842147e-001,-4.324103505515518e-001
 7.330000000000000e+000, 1.508747127854566e+000, 1.454854439911413e-001,-7.017329918951547e-002, 1.558769366648389e+000,-5.741004490447597e-001,-4.322436053410760e-001
 7.340000000000000e+000, 1.508445259873819e+000, 1.452441885240057e-001,-7.004444708806445e-002, 1.557822775558675e+000,-5.739011230217409e-001,-4.321185318587763e-001
 7.350000000000000e+000, 1.508016941316356e+000, 1.450586069122903e-001,-6.983622241831773e-002, 1.556808206492032e+000,-5.736795081755258e-001,-4.320274326862522e-001
 7.359999999999999e+000, 1.507452548513640e+000, 1.449257712163232e-001,-6.955505736645307e-002, 1.555736683273746e+000,-5.734396135304501e-001,-4.319617855017094e-001
 7.369999999999999e+000, 1.506743996814921e+000, 1.448407928867146e-001,-6.920879329030101e-002, 1.554613398615270e+000,-5.731842848792613e-001,-4.319114574024521e-001
 7.380000000000000e+000, 1.505885786394656e+000, 1.447973076323603e-001,-6.880633108422832e-002, 1.553438372166490e+000,-5.729170319985127e-001,-4.318634044033078e-001
 7.390000000000000e+000, 1.504873896924041e+000, 1.447864640398633e-001,-6.835533226667742e-002, 1.552207042123963e+000,-5.726420901756713e-001,-4.318003636871962e-001
 7.400000000000000e+000, 1.503703347382358e+000, 1.447956665378043e-001,-6.786006878432579e-002, 1.550911076570508e+000,-5.723632387583202e-001,-4.317008516982834e-001
 7.410000000000000e+000, 1.502367419720488e+000, 1.448095172341917e-001,-6.732316660454732e-002, 1.549539726580530e+000,-5.720828309089928e-001,-4.315419491135267e-001
 7.420000000000000e+000, 1.500859403913329e+000, 1.448130854056116e-001,-6.674971746913914e-002, 1.548081618782252e+000,-5.718018417649240e-001,-4.313038189114976e-001
 7.430000000000000e+000, 1.499175838073545e+000, 1.447958022891469e-001,-6.615061323277052e-002, 1.546526744020839e+000,-5.715205275970539e-001,-4.309735504833475e-001
 7.440000000000000e+000, 1.497319978151842e+000, 1.447544278537023e-001,-6.554446186332320e-002, 1.544868310977499e+000,-5.712391221742894e-001,-4.305470658009954e-001
 7.449999999999999e+000, 1.495303543000481e+000, 1.446935994717298e-001,-6.495709296436668e-002, 1.543104001337893e+000,-5.709583516838785e-001,-4.300282271763583e-001
 7.460000000000000e+000, 1.493145558865935e+000, 1.446233039575708e-001,-6.441788854101532e-002, 1.541236141322147e+000,-5.706794610598258e-001,-4.294255097001865e-001
 7.470000000000000e+000, 1.490869278972175e+000, 1.445548460566473e-001,-6.395619611275233e-002, 1.539270870423781e+000,-5.704043671644222e-001,-4.287485155374400e-001
 7.480000000000000e+000, 1.488498444741622e+000, 1.444982195793931e-001,-6.360085606168672e-002, 1.537217105698933e+000,-5.701362350956961e-001,-4.280066173605074e-001
 7.490000000000000e+000, 1.486053426407647e+000, 1.444620864067545e-001,-6.338050939582689e-002, 1.535085543752558e+000,-5.698790198983974e-001,-4.272102407393082e-001
 7.500000000000000e+000, 1.483547957127378e+000, 1.444542351815603e-001,-6.332156013143983e-002, 1.532887229454293e+000,-5.696359782629591e-001,-4.263696566133194e-001
 7.510000000000000e+000, 1.480985585703579e+000, 1.444799691536280e-001,-6.343776527678401e-002, 1.530630158594893e+000,-5.694104524686036e-001,-4.255000516624173e-001
 7.520000000000000e+000, 1.478360522200326e+000, 1.445402771977151e-001,-6.372962300642987e-002, 1.528318752330322e+000,-5.692051596923662e-001,-4.246058324719912e-001
 7.529999999999999e+000, 1.475656343538440e+000, 1.446323236123013e-001,-6.417700695197622e-002, 1.525952462973124e+000,-5.690225011227104e-001,-4.236882142846308e-001
 7.540000000000000e+000, 1.472846191285674e+000, 1.447526854481587e-001,-6.473642328531094e-002, 1.523526213444319e+000,-5.688617821926735e-001,-4.227469594893106e-001
 7.550000000000000e+000, 1.469892746858270e+000, 1.448996686898458e-001,-6.533616516480666e-002, 1.521030585041973e+000,-5.687159292686359e-001,-4.217835258397847e-001
 7.560000000000000e+000, 1.466751003465695e+000, 1.450728134650383e-001,-6.587994889104822e-002, 1.518452610569980e+000,-5.685700175102516e-001,-4.208020276536488e-001
 7.569999999999999e+000, 1.463379788737450e+000, 1.452715009488750e-001,-6.627291528975017e-002, 1.515778147755694e+000,-5.684041448848233e-001,-4.198091314682577e-001
 7.580000000000000e+000, 1.459758465197389e+000, 1.454940334733683e-001,-6.645777192594483e-002, 1.512994768938695e+000,-5.681992077169555e-001,-4.188133612328149e-001
 7.590000000000000e+000, 1.455893904384677e+000, 1.457362237473543e-001,-6.642817723178013e-002, 1.510093101682280e+000,-5.679407198540030e-001,-4.178232829591038e-001
 7.600000000000000e+000, 1.451812835851883e+000, 1.459902070598362e-001,-6.621300007169863e-002, 1.507066986238144e+000,-5.676188182212743e-001,-4.168456175915372e-001
 7.609999999999999e+000, 1.447549987784965e+000, 1.462453838109592e-001,-6.585440184978864e-002, 1.503914105240163e+000,-5.672267920840389e-001,-4.158844717347485e-001
 7.619999999999999e+000, 1.443140030544590e+000, 1.464903902925852e-001,-6.539470910088635e-002, 1.500636676246032e+000,-5.667602553914470e-001,-4.149403454485661e-001
 7.629999999999999e+000, 1.438612907888663e+000, 1.467138121483689e-001,-6.487099087213885e-002, 1.497240808860767e+000,-5.662166157212248e-001,-4.140077824788492e-001
 7.640000000000000e+000, 1.433991093565205e+000, 1.469042004278636e-001,-6.431305442141105e-002, 1.493734849003011e+000,-5.655934894773285e-001,-4.130741394496735e-001
 7.650000000000000e+000, 1.429288147732814e+000, 1.470512839394351e-001,-6.374216840709480e-002, 1.490127914087679e+000,-5.648873004640517e-001,-4.121221439244616e-001
 7.660000000000000e+000, 1.424508264005310e+000, 1.471487868085764e-001,-6.317048424061612e-002, 1.486428609202630e+000,-5.640947266233847e-001,-4.111354306724110e-001
 7.670000000000000e+000, 1.419647501590872e+000, 1.471973253638719e-001,-6.260189552034880e-002, 1.482643463869038e+000,-5.632152638362016e-001,-4.101042554792210e-001
 7.680000000000000e+000, 1.414695827166747e+000, 1.472049170543250e-001,-6.203275239510772e-002, 1.478775541824165e+000,-5.622512779612391e-001,-4.090280918362167e-001
 7.690000000000000e+000, 1.409638105169471e+000, 1.471846939179320e-001,-6.145211700787386e-002, 1.474824002847602e+000,-5.612062553365712e-001,-4.079138520889224e-001
 7.699999999999999e+000, 1.404454939114872e+000, 1.471516063507088e-001,-6.084352332692361e-002, 1.470784539622383e+000,-5.600834219725893e-001,-4.067719268287643e-001
 7.709999999999999e+000, 1.399124954576006e+000, 1.471191340569049e-001,-6.018785539513272e-002, 1.466649766647561e+000,-5.588852951499470e-001,-4.056122870558592e-001
 7.720000000000000e+000, 1.393628430732645e+000, 1.470969791357679e-001,-5.946618299032708e-002, 1.462409872344078e+000,-5.576147813347420e-001,-4.044418667642327e-001
 7.730000000000000e+000, 1.387951586573571e+000, 1.470908493712722e-001,-5.866267553773205e-002, 1.458055067089477e+000,-5.562772434575134e-001,-4.032642339788268e-001
 7.740000000000000e+000, 1.382089298448726e+000, 1.471036847676142e-001,-5.776681782281139e-002, 1.453579197898418e+000,-5.548810172833301e-001,-4.020811701795433e-001
 7.750000000000000e+000, 1.376044593699045e+000, 1.471374591880470e-001,-5.677405791975797e-002, 1.448982123581288e+000,-5.534358359020296e-001,-4.008944181537718e-001
 7.760000000000000e+000, 1.369826697719621e+000, 1.471953026339088e-001,-5.568551319109284e-002, 1.444270034878505e+000,-5.519515429581949e-001,-3.997059478313511e-001
 7.770000000000000e+000, 1.363449436579545e+000, 1.472834315271088e-001,-5.450852188348515e-002, 1.439454437928462e+000,-5.504375969298655e-001,-3.985174999549798e-001
 7.779999999999999e+000, 1.356930325094680e+000, 1.474127334760322e-001,-5.325846782305730e-002, 1.434550454800174e+000,-5.489017970493112e-001,-3.973314700044594e-001
 7.789999999999999e+000, 1.350290593178853e+000, 1.475992971439901e-001,-5.195920455159780e-002, 1.429574917823124e+000,-5.473491248559497e-001,-3.961519338314259e-001
 7.800000000000000e+000, 1.343555947869654e+000, 1.478625293048768e-001,-5.064056488856326e-002, 1.424544873861932e+000,-5.457824884140257e-001,-3.949835564119240e-001
 7.810000000000000e+000, 1.336756485627699e+000, 1.482223422930324e-001,-4.933498698982307e-002, 1.419476831036460e+000,-5.442046277353850e-001,-3.938294954714442e-001
 7.820000000000000e+000, 1.329923353796031e+000, 1.486976123666490e-001,-4.807428658769281e-002, 1.414386051987597e+000,-5.426193833824831e-001,-3.926904574515887e-001
 7.830000000000000e+000, 1.323082061448507e+000, 1.493037071621131e-001,-4.688490736265844e-002, 1.409284805930665e+000,-5.410312346080468e-001,-3.915650413411863e-001
 7.840000000000000e+000, 1.316244597462636e+000, 1.500467898800058e-001,-4.578107054447239e-002, 1.404179786367592e+000,-5.394436184670749e-001,-3.904496238401363e-001
 7.850000000000000e+000, 1.309402058757277e+000, 1.509165969671493e-001,-4.475799151614664e-002, 1.399070005650360e+000,-5.378582120688336e-001,-3.893357757243857e-001
 7.859999999999999e+000, 1.302519888814170e+000, 1.518806620537052e-001,-4.378830432475232e-002, 1.393945924356904e+000,-5.362759817453642e-001,-3.882059682917509e-001
 7.869999999999999e+000, 1.295540821835863e+000, 1.528851121279335e-001,-4.282586782582813e-002, 1.388790885244443e+000,-5.346978092871132e-001,-3.870329326447820e-001
 7.880000000000000e+000, 1.288400552040558e+000, 1.538674182689983e-001,-4.181999011759523e-002, 1.383586635655797e+000,-5.331233701074283e-001,-3.857871565966949e-001
 7.890000000000000e+000, 1.281049746980589e+000, 1.547755171306029e-001,-4.073341122185417e-002, 1.378321084318479e+000,-5.315501872072158e-001,-3.844479510884606e-001
 7.900000000000000e+000, 1.273466140091104e+000, 1.555787322236750e-001,-3.955051737108847e-002, 1.372992767254348e+000,-5.299746106722516e-001,-3.830087788987702e-001
 7.910000000000000e+000, 1.265650656504241e+000, 1.562655029563318e-001,-3.827213149856033e-002, 1.367609871700086e+000,-5.283940478714806e-001,-3.814746326155322e-001
 7.920000000000000e+000, 1.257616455295075e+000, 1.568354034220245e-001,-3.690563694500094e-002, 1.362186210016994e+000,-5.268087012526918e-001,-3.798565781944686e-001
 7.930000000000000e+000, 1.249380393404444e+000, 1.572928829137419e-001,-3.545881821897593e-002, 1.356736632221798e+000,-5.252213155065236e-001,-3.781679476407988e-001
 7.940000000000000e+000, 1.240959814804315e+000, 1.576450288465594e-001,-3.393904413241659e-002, 1.351273426976271e+000,-5.236350308599951e-001,-3.764230988891048e-001
 7.949999999999999e+000, 1.232372814738721e+000, 1.579015233583028e-001,-3.235435451993626e-002, 1.345804213638661e+000,-5.220515231810855e-001,-3.746372110342238e-001
 7.959999999999999e+000, 1.223638738075478e+000, 1.580737930052392e-001,-3.071246742127544e-002, 1.340330396299742e+000,-5.204707898017251e-001,-3.728250602078372e-001
 7.969999999999999e+000, 1.214777323974196e+000, 1.581725733226560e-001,-2.901757191145066e-002, 1.334845470121705e+000,-5.188910108085896e-001,-3.709981944099426e-001
 7.980000000000000e+000, 1.205807176897594e+000, 1.582053584135206e-001,-2.726770330421945e-002, 1.329333886361232e+000,-5.173073945231994e-001,-3.691615277385432e-001
 7.989999999999999e+000, 1.196745046699160e+000, 1.581755029317207e-001,-2.545490417542759e-002, 1.323771785799759e+000,-5.157111218226316e-001,-3.673115177047348e-001
 8.000000000000000e+000, 1.187605932507989e+000, 1.580827632118367e-001,-2.356794310557278e-002, 1.318129361222761e+000,-5.140889612785065e-001,-3.654372052518201e-001
 8.010000000000000e+000, 1.178402459625025e+000, 1.579238460891923e-001,-2.159593784803502e-002, 1.312372961780367e+000,-5.124237168734571e-001,-3.635223993475217e-001
 8.020000000000000e+000, 1.169143390530430e+000, 1.576933574724431e-001,-1.953252194637317e-002, 1.306466365031779e+000,-5.106959066929374e-001,-3.615474733717667e-001
 8.029999999999999e+000, 1.159832663319473e+000, 1.573862467352747e-001,-1.738016729709901e-002, 1.300371998652142e+000,-5.088861080565729e-001,-3.594921163192232e-001
 8.039999999999999e+000, 1.150469042869380e+000, 1.570008115388510e-001,-1.515269185536110e-002, 1.294052268963542e+000,-5.069772525805951e-001,-3.573406001095714e-001
 8.049999999999999e+000, 1.141045095138579e+000, 1.565401165615858e-001,-1.287499490782547e-002, 1.287471142854339e+000,-5.049563689538834e-001,-3.550875112097555e-001
 8.059999999999999e+000, 1.131546079862860e+000, 1.560099889980173e-001,-1.057996405599644e-002, 1.280596327397095e+000,-5.028148647889790e-001,-3.527386112644191e-001
 8.070000000000000e+000, 1.121952520505175e+000, 1.554132584675652e-001,-8.302091135217854e-003, 1.273401804935818e+000,-5.005475738190468e-001,-3.503051691430811e-001
 8.080000000000000e+000, 1.112248002099681e+000, 1.547445596641250e-001,-6.069962224560620e-003, 1.265870466908407e+000,-4.981523435544515e-001,-3.477975177506297e-001
 8.090000000000000e+000, 1.102427212968028e+000, 1.539924631652268e-001,-3.902949797354224e-003, 1.257996778968487e+000,-4.956306987975598e-001,-3.452243952052061e-001
 8.100000000000000e+000, 1.092499249193456e+000, 1.531491084782986e-001,-1.814251101456111e-003, 1.249788928780248e+000,-4.929877815656025e-001,-3.425982739022349e-001
 8.109999999999999e+000, 1.082486714561095e+000, 1.522200533808398e-001, 1.838258155433300e-004, 1.241269373115928e+000,-4.902305616337690e-001,-3.399414915015666e-001
 8.119999999999999e+000, 1.072421719076102e+000, 1.512272440751357e-001, 2.077735348445818e-003, 1.232472952114332e+000,-4.873660556004190e-001,-3.372881788793354e-001
 8.129999999999999e+000, 1.062338634539164e+000, 1.502041860831165e-001, 3.854832941979113e-003, 1.223442978012388e+000,-4.844010113659537e-001,-3.346810041922951e-001
 8.140000000000001e+000, 1.052265337012810e+000, 1.491883674043191e-001, 5.506992525408507e-003, 1.214226165877393e+000,-4.813422967101818e-001,-3.321642978071576e-001
 8.149999999999999e+000, 1.042216885864723e+000, 1.482150961699336e-001, 7.033855593183191e-003, 1.204867129750557e+000,-4.781969468351033e-001,-3.297742066518181e-001
 8.160000000000000e+000, 1.032195887940845e+000, 1.473133980604020e-001, 8.444746876903428e-003, 1.195404497853202e+000,-4.749710646394746e-001,-3.275278705971491e-001
 8.170000000000000e+000, 1.022198968210127e+000, 1.465040566108855e-001, 9.757665437871018e-003, 1.185870365974719e+000,-4.716670437758942e-001,-3.254160551418005e-001
 8.180000000000000e+000, 1.012222470361551e+000, 1.457991984395772e-001, 1.099556294051240e-002, 1.176291347208655e+000,-4.682814231389797e-001,-3.234029650229876e-001
 8.190000000000000e+000, 1.002262652152254e+000, 1.452023177691029e-001, 1.218078166081779e-002, 1.166688533078840e+000,-4.648070786262764e-001,-3.214356637420243e-001
 8.199999999999999e+000, 9.923145983767872e-001, 1.447090541323965e-001, 1.332860453474768e-002, 1.157076690382169e+000,-4.612386907357148e-001,-3.194592533676384e-001
 8.209999999999999e+000, 9.823752603727851e-001, 1.443092120536047e-001, 1.444334329434544e-002, 1.147464369937436e+000,-4.575769779795474e-001,-3.174276020869994e-001
 8.219999999999999e+000, 9.724474886081865e-001, 1.439891597572744e-001, 1.551916382521692e-002, 1.137854836755800e+000,-4.538304027516142e-001,-3.153068169724534e-001
 8.230000000000000e+000, 9.625406619683687e-001, 1.437339936527973e-001, 1.654378974681269e-002, 1.128247086789279e+000,-4.500151162234533e-001,-3.130767280176870e-001
 8.239999999999998e+000, 9.526699129585755e-001, 1.435296480966657e-001, 1.750337604367029e-002, 1.118637126942868e+000,-4.461530007831174e-001,-3.107294477769788e-001
 8.250000000000000e+000, 9.428553571024083e-001, 1.433644594159764e-001, 1.838747341306509e-002, 1.109019606839683e+000,-4.422686339461209e-001,-3.082607060357007e-001
 8.260000000000000e+000, 9.331189285607755e-001, 1.432288983059968e-001, 1.919114707471254e-002, 1.099388800372794e+000,-4.383862433262411e-001,-3.056599379542270e-001
 8.270000000000000e+000, 9.234788263835337e-001, 1.431135198971005e-001, 1.991342191854061e-002, 1.089737705531394e+000,-4.345264353142874e-001,-3.029088216097227e-001
 8.279999999999999e+000, 9.139448247735885e-001, 1.430075996409197e-001, 2.055519505019818e-002, 1.080055954112656e+000,-4.307029652998733e-001,-2.999877243444583e-001
 8.289999999999999e+000, 9.045157694856578e-001, 1.429001060402140e-001, 2.111854425730787e-002, 1.070328533209994e+000,-4.269205461127761e-001,-2.968830555035594e-001
 8.299999999999999e+000, 8.951784420023567e-001, 1.427813474195361e-001, 2.160717333176792e-002, 1.060535771041811e+000,-4.231739010338173e-001,-2.935908497979579e-001
 8.309999999999999e+000, 8.859085062122567e-001, 1.426427688918612e-001, 2.202782549576061e-002, 1.050653933443234e+000,-4.194482323125778e-001,-2.901156955537079e-001
 8.320000000000000e+000, 8.766748841012061e-001, 1.424753134838728e-001, 2.239175223610356e-002, 1.040656877634205e+000,-4.157218915323684e-001,-2.864670894463122e-001
 8.330000000000000e+000, 8.674468241837069e-001, 1.422697703426703e-001, 2.271412954344933e-002, 1.030519641784827e+000,-4.119703229065894e-001,-2.826569621496674e-001
 8.340000000000000e+000, 8.582010929190996e-001, 1.420197902422671e-001, 2.301071796365771e-002, 1.020222993722856e+000,-4.081693165576565e-001,-2.786997300489716e-001
 8.350000000000000e+000, 8.489223050186777e-001, 1.417224796780068e-001, 2.329520347547628e-002, 1.009755609504303e+000,-4.042987395750993e-001,-2.746166237601376e-001
 8.359999999999999e+000, 8.396217869059510e-001, 1.413814069412180e-001, 2.356902731341309e-002, 9.991186215943839e-001,-4.003404854679616e-001,-2.704128200866414e-001
 8.369999999999999e+000, 8.300813947675972e-001, 1.413643212121341e-001, 2.312728599624335e-002, 9.877140373631067e-001,-3.961200831824520e-001,-2.658608564016933e-001
 8.379999999999999e+000, 8.204681673972947e-001, 1.413875642059557e-001, 2.250833279040108e-002, 9.759210824683762e-001,-3.917218507763255e-001,-2.611072849999938e-001
 8.390000000000001e+000, 8.111817614872832e-001, 1.409319978417367e-001, 2.267595649019974e-002, 9.648455308874266e-001,-3.874688897018543e-001,-2.565772461262538e-001
 8.399999999999999e+000, 8.019436286630670e-001, 1.404256292122013e-001, 2.277469142794242e-002, 9.536646111937031e-001,-3.831326357824871e-001,-2.519549833649180e-001
 8.410000000000000e+000, 7.927895157260745e-001, 1.398674706275960e-001, 2.278172133532892e-002, 9.424074508175007e-001,-3.787216222287934e-001,-2.472154771627573e-001
 8.420000000000000e+000, 7.837269464967783e-001, 1.392558014693079e-001, 2.269008855687826e-002, 9.310975780587102e-001,-3.742523748890380e-001,-2.423659347245793e-001
 8.430000000000000e+000, 7.747592115900449e-001, 1.385948475975241e-001, 2.249904537761101e-002, 9.197566442612589e-001,-3.697408989763413e-001,-2.374156745319679e-001
 8.440000000000000e+000, 7.658798625399517e-001, 1.378948692129436e-001, 2.221522784777649e-002, 9.084018542216593e-001,-3.652017457350151e-001,-2.323829788002440e-001
 8.449999999999999e+000, 7.570745553704119e-001, 1.371723945728083e-001, 2.185168245664481e-002, 8.970457406307941e-001,-3.606472541512922e-001,-2.272942890881080e-001
 8.459999999999999e+000, 7.483254709731615e-001, 1.364472706967386e-001, 2.142643874827944e-002, 8.856968568368565e-001,-3.560875274948708e-001,-2.221813046509820e-001
 8.469999999999999e+000, 7.396158515026914e-001, 1.357377532128457e-001, 2.095993494794821e-002, 8.743609847594659e-001,-3.515300347843620e-001,-2.170754982503499e-001
 8.480000000000000e+000, 7.309333979106247e-001, 1.350568959082656e-001, 2.047134245711862e-002, 8.630430660006421e-001,-3.469788015063339e-001,-2.120030974975705e-001
 8.489999999999998e+000, 7.222727608777348e-001, 1.344116101177131e-001, 1.997458549961739e-002, 8.517497582940969e-001,-3.424339071301528e-001,-2.069832492812103e-001
 8.500000000000000e+000, 7.136365770918210e-001, 1.338029052158010e-001, 1.947589768061442e-002, 8.404909715892596e-001,-3.378920175211140e-001,-2.020274861335112e-001
 8.510000000000000e+000, 7.050353249742293e-001, 1.332263209684030e-001, 1.897361309761426e-002, 8.292798145787088e-001,-3.333481717647814e-001,-1.971385080956334e-001
 8.520000000000000e+000, 6.964872516669011e-001, 1.326731741579632e-001, 1.845888652459370e-002, 8.181325364032924e-001,-3.287980994910383e-001,-1.923098611230271e-001
 8.529999999999999e+000, 6.880180042810966e-001, 1.321322663973157e-001, 1.791642626797281e-002, 8.070687144860395e-001,-3.242398899621678e-001,-1.875277853775224e-001
 8.539999999999999e+000, 6.796584414577145e-001, 1.315917017742276e-001, 1.732598107749953e-002, 7.961105866986128e-001,-3.196747729431642e-001,-1.827745570111835e-001
 8.549999999999999e+000, 6.714407406982406e-001, 1.310415171735415e-001, 1.666548283613826e-002, 7.852818246970948e-001,-3.151079213202023e-001,-1.780327201860992e-001
 8.559999999999999e+000, 6.633944390156282e-001, 1.304762031495657e-001, 1.591478036280990e-002, 7.746064397423175e-001,-3.105492377270779e-001,-1.732892665797833e-001
 8.570000000000000e+000, 6.555435107318570e-001, 1.298949381357830e-001, 1.505827105684524e-002, 7.641074668336272e-001,-3.060128962759866e-001,-1.685376985455381e-001
 8.579999999999998e+000, 6.479052761251133e-001, 1.292995334947249e-001, 1.408673659255690e-002, 7.538051592424379e-001,-3.015153661402952e-001,-1.637764866778780e-001
 8.590000000000000e+000, 6.404921190778294e-001, 1.286925627580298e-001, 1.299932010989382e-002, 7.437158149831049e-001,-2.970724195009236e-001,-1.590057239864157e-001
 8.600000000000000e+000, 6.333152939713195e-001, 1.280768384533506e-001, 1.180545345100660e-002, 7.338522799333241e-001,-2.926960658366501e-001,-1.542249072891482e-001
 8.609999999999999e+000, 6.263881302869405e-001, 1.274547628026719e-001, 1.052610712792084e-002, 7.242250741307670e-001,-2.883934091200749e-001,-1.494322944324771e-001
 8.619999999999999e+000, 6.197276923894612e-001, 1.268274638057547e-001, 9.193406786836830e-003, 7.148434471464059e-001,-2.841680980606099e-001,-1.446275305523545e-001
 8.629999999999999e+000, 6.133569730565888e-001, 1.261953209037721e-001, 7.847631724031218e-003, 7.057174318030798e-001,-2.800226064168689e-001,-1.398187386080031e-001
 8.639999999999999e+000, 6.073091071656025e-001, 1.255592512838464e-001, 6.532320722062752e-003, 6.968607176108524e-001,-2.759596040760071e-001,-1.350285852351695e-001
 8.649999999999999e+000, 6.016318636942724e-001, 1.249211153449941e-001, 5.289339327117621e-003, 6.882928711009839e-001,-2.719821071103023e-001,-1.302948749043018e-001
 8.660000000000000e+000, 5.963894267670286e-001, 1.242837273796642e-001, 4.154165340838410e-003, 6.800404142790306e-001,-2.680935423724330e-001,-1.256679176165431e-001
 8.670000000000000e+000, 5.916607129318221e-001, 1.236513009188487e-001, 3.150968261842095e-003, 6.721367604666069e-001,-2.642988798197885e-001,-1.212061315714232e-001
 8.680000000000000e+000, 5.875340425025828e-001, 1.230299076604060e-001, 2.288854878441003e-003, 6.646208284362958e-001,-2.606068009537151e-001,-1.169693038801043e-001
 8.690000000000000e+000, 5.840968001143405e-001, 1.224274784176165e-001, 1.561020876597832e-003, 6.575346864045216e-001,-2.570321192941725e-001,-1.130115301303510e-001
 8.699999999999999e+000, 5.814219900932159e-001, 1.218525694591217e-001, 9.472654226342754e-004, 6.509206304029541e-001,-2.535968977366944e-001,-1.093755153539334e-001
 8.709999999999999e+000, 5.795558089628146e-001, 1.213119416938631e-001, 4.194332562046020e-004, 6.448177618227370e-001,-2.503293409167385e-001,-1.060877593447738e-001
 8.719999999999999e+000, 5.785063241148442e-001, 1.208092680906270e-001,-5.154154630751909e-005, 6.392588840483149e-001,-2.472612447443682e-001,-1.031571086843166e-001
 8.730000000000000e+000, 5.782335965278170e-001, 1.203460602336031e-001,-4.887095958763384e-004, 6.342688239985921e-001,-2.444243903774477e-001,-1.005797675130558e-001
 8.739999999999998e+000, 5.786468940306873e-001, 1.199230132361104e-001,-9.045833601291050e-004, 6.298633070760377e-001,-2.418463930024818e-001,-9.834651713340441e-002
 8.750000000000000e+000, 5.796125089671870e-001, 1.195404036695482e-001,-1.301607065223439e-003, 6.260462690896870e-001,-2.395478661285672e-001,-9.644472734521700e-002
 8.760000000000000e+000, 5.809768989469772e-001, 1.191994194586661e-001,-1.674949818711301e-003, 6.228264833192224e-001,-2.375521785485306e-001,-9.486625415119146e-002
 8.770000000000000e+000, 5.825464745306898e-001, 1.188989421614892e-001,-2.020905305327642e-003, 6.201449463681845e-001,-2.358468161412183e-001,-9.356803374929695e-002
 8.779999999999999e+000, 5.841783659722692e-001, 1.186320783237724e-001,-2.343970681338593e-003, 6.178613134842318e-001,-2.343658265826464e-001,-9.247103161900967e-002
