Main.Studies.MarkerTracking.t,Main.Studies.MarkerTracking.JointAngleOutputs.OutputFile_LeftLeg.HipFlexion,Main.Studies.MarkerTracking.JointAngleOutputs.OutputFile_LeftLeg.HipAbduction,Main.Studies.MarkerTracking.JointAngleOutputs.OutputFile_LeftLeg.HipExternalRotation,Main.Studies.MarkerTracking.JointAngleOutputs.OutputFile_LeftLeg.KneeFlexion,Main.Studies.MarkerTracking.JointAngleOutputs.OutputFile_LeftLeg.AnklePlantarFlexion,Main.Studies.MarkerTracking.JointAngleOutputs.OutputFile_LeftLeg.SubTalarEversion
 5.620000000000000e+000, 5.280480458925524e-001, 1.228160309523774e-001,-1.974249729867917e-002, 6.167877314769433e-001,-2.414867666415663e-001,-1.261366469443288e-001
 5.630000000000000e+000, 5.264523344927108e-001, 1.228415646650101e-001,-2.017172428158079e-002, 6.163082241246651e-001,-2.414771039569682e-001,-1.249645769771709e-001
 5.640000000000000e+000, 5.252118531981032e-001, 1.229142431028671e-001,-2.059190425045439e-002, 6.162807686955865e-001,-2.416242182033083e-001,-1.239996121475676e-001
 5.650000000000000e+000, 5.245860594589257e-001, 1.230604823613282e-001,-2.099288831954041e-002, 6.170049395613926e-001,-2.420426706734219e-001,-1.233830534721599e-001
 5.660000000000000e+000, 5.248226853662961e-001, 1.233003389322853e-001,-2.135625087785336e-002, 6.187527321014240e-001,-2.428434315356954e-001,-1.232412652996182e-001
 5.670000000000000e+000, 5.260647562275299e-001, 1.236408236783468e-001,-2.165674342186509e-002, 6.216741991476529e-001,-2.440920795487050e-001,-1.236484194166387e-001
 5.680000000000000e+000, 5.284236186140517e-001, 1.240826096126320e-001,-2.186196152052394e-002, 6.258914408298568e-001,-2.458427170680724e-001,-1.246680143667554e-001
 5.690000000000000e+000, 5.319771969908640e-001, 1.246196908024575e-001,-2.194830503010445e-002, 6.314726763833767e-001,-2.481284903198212e-001,-1.263343786958728e-001
 5.700000000000000e+000, 5.367357425601399e-001, 1.252369530331461e-001,-2.190054009111133e-002, 6.384178805835811e-001,-2.509659058440684e-001,-1.286353112522647e-001
 5.710000000000000e+000, 5.426667330781611e-001, 1.259183000447184e-001,-2.172431159757297e-002, 6.466722258702982e-001,-2.543567064651812e-001,-1.315220986289633e-001
 5.720000000000000e+000, 5.496887333694268e-001, 1.266483402562217e-001,-2.144480689240476e-002, 6.561319327682221e-001,-2.582872249914477e-001,-1.349205903631957e-001
 5.730000000000000e+000, 5.576693551960669e-001, 1.274110708916316e-001,-2.109957465040802e-002, 6.666532819591514e-001,-2.627279293409481e-001,-1.387469317537134e-001
 5.740000000000000e+000, 5.664294120910480e-001, 1.281888399140119e-001,-2.072768823113018e-002, 6.780635301862016e-001,-2.676334424928043e-001,-1.429219843438808e-001
 5.750000000000000e+000, 5.757584170290317e-001, 1.289660624222278e-001,-2.035971559124168e-002, 6.901750142623235e-001,-2.729423062864224e-001,-1.473822961808304e-001
 5.760000000000000e+000, 5.854377637999829e-001, 1.297342242626149e-001,-2.001154057847315e-002, 7.028000032580688e-001,-2.785783063595264e-001,-1.520836556378180e-001
 5.770000000000001e+000, 5.952628003847432e-001, 1.304902106136729e-001,-1.968442834543114e-002, 7.157611915493105e-001,-2.844560322923153e-001,-1.569933901834679e-001
 5.780000000000000e+000, 6.050595775626133e-001, 1.312288728841558e-001,-1.937018388149187e-002, 7.288978839431103e-001,-2.904888781959640e-001,-1.620785363078555e-001
 5.790000000000000e+000, 6.146962951266372e-001, 1.319377575673220e-001,-1.905588625678504e-002, 7.420717239915532e-001,-2.965945863434656e-001,-1.673027884089130e-001
 5.800000000000000e+000, 6.240883637009332e-001, 1.325976985525768e-001,-1.872493903001750e-002, 7.551716215406766e-001,-3.026969193054252e-001,-1.726333905570072e-001
 5.810000000000001e+000, 6.331965059135454e-001, 1.331884216763324e-001,-1.835695045504203e-002, 7.681150830161160e-001,-3.087266313793872e-001,-1.780493165027932e-001
 5.820000000000000e+000, 6.420195214772506e-001, 1.336965982481098e-001,-1.792943378664990e-002, 7.808460487952954e-001,-3.146242860293773e-001,-1.835457046455643e-001
 5.830000000000000e+000, 6.505832205146171e-001, 1.341222277764556e-001,-1.742074178886582e-002, 7.933310087006381e-001,-3.203445955157384e-001,-1.891335076260295e-001
 5.840000000000000e+000, 6.589272773511804e-001, 1.344801480425946e-001,-1.681211344346840e-002, 8.055538797152668e-001,-3.258605180495331e-001,-1.948338349466660e-001
 5.850000000000000e+000, 6.670935799521071e-001, 1.347965866838636e-001,-1.608817868272866e-002, 8.175097604078130e-001,-3.311644676253130e-001,-2.006691411855298e-001
 5.860000000000000e+000, 6.751193042310568e-001, 1.351031449537177e-001,-1.523756350443998e-002, 8.291994599070403e-001,-3.362650275338060e-001,-2.066544854244118e-001
 5.870000000000000e+000, 6.830361577124979e-001, 1.354306935214480e-001,-1.425525463408404e-002, 8.406268684101925e-001,-3.411804091620964e-001,-2.127899732506698e-001
 5.880000000000000e+000, 6.908748227567955e-001, 1.358035585728794e-001,-1.314646936179472e-002, 8.517986090775878e-001,-3.459318565734530e-001,-2.190544578176222e-001
 5.890000000000000e+000, 6.986703876317859e-001, 1.362334908056773e-001,-1.193057374904052e-002, 8.627240116330083e-001,-3.505395649144498e-001,-2.254016063214911e-001
 5.900000000000000e+000, 7.064656237795970e-001, 1.367151791150609e-001,-1.064301634310807e-002, 8.734148315427746e-001,-3.550211584803751e-001,-2.317604021210764e-001
 5.910000000000000e+000, 7.143123258650130e-001, 1.372264023472469e-001,-9.333575392139332e-003, 8.838854741587775e-001,-3.593913405329818e-001,-2.380410388430153e-001
 5.920000000000000e+000, 7.222699969490107e-001, 1.377332597167309e-001,-8.060665632268812e-003, 8.941536703704995e-001,-3.636616391444204e-001,-2.441458153349045e-001
 5.930000000000000e+000, 7.303998435030493e-001, 1.381985349860861e-001,-6.882897787735768e-003, 9.042403614628437e-001,-3.678401017152380e-001,-2.499841882060664e-001
 5.940000000000000e+000, 7.387545313769259e-001, 1.385908152925117e-001,-5.849983418529187e-003, 9.141682530824487e-001,-3.719318904076274e-001,-2.554880483644089e-001
 5.950000000000000e+000, 7.473668071564237e-001, 1.388911913962569e-001,-4.994688624775984e-003, 9.239595926907183e-001,-3.759412973909780e-001,-2.606210425384907e-001
 5.960000000000000e+000, 7.562410510124196e-001, 1.390956328854294e-001,-4.326721339442731e-003, 9.336341131476298e-001,-3.798731834637690e-001,-2.653819993004984e-001
 5.970000000000000e+000, 7.653464258467430e-001, 1.392116162345760e-001,-3.826322966325871e-003, 9.432060799736227e-001,-3.837319785939136e-001,-2.697943036797331e-001
 5.980000000000000e+000, 7.750262896447451e-001, 1.390129380057252e-001,-2.995608271802808e-003, 9.532031665147616e-001,-3.876849794508037e-001,-2.741491834162065e-001
 5.990000000000000e+000, 7.847706333090116e-001, 1.388041098077684e-001,-2.292116625491670e-003, 9.629974195620150e-001,-3.915239262475852e-001,-2.782169799195240e-001
 6.000000000000000e+000, 7.942808052525983e-001, 1.387706768178716e-001,-1.944280842249907e-003, 9.723230018367574e-001,-3.951694165718137e-001,-2.819470030819986e-001
 6.010000000000000e+000, 8.038250742669637e-001, 1.387347118404965e-001,-1.521951815005908e-003, 9.815575708967296e-001,-3.987368240776889e-001,-2.855733966335599e-001
 6.020000000000000e+000, 8.133834378670589e-001, 1.387123099824550e-001,-9.803038872522869e-004, 9.906955041643846e-001,-4.022205299807333e-001,-2.891395429820741e-001
 6.030000000000000e+000, 8.229479916136162e-001, 1.387120647198741e-001,-2.974410494960748e-004, 9.997291817028244e-001,-4.056151187452162e-001,-2.926678115443953e-001
 6.040000000000000e+000, 8.325175088374497e-001, 1.387362727771258e-001, 5.253321502724088e-004, 1.008650654530571e+000,-4.089188976073998e-001,-2.961584467796792e-001
 6.050000000000000e+000, 8.420933443174749e-001, 1.387845512121533e-001, 1.466037834934009e-003, 1.017454131926461e+000,-4.121356544407795e-001,-2.995936224000043e-001
 6.060000000000000e+000, 8.516861530488783e-001, 1.388585086133840e-001, 2.482294544031165e-003, 1.026139457350381e+000,-4.152710449121291e-001,-3.029394421067066e-001
 6.070000000000000e+000, 8.612776407668285e-001, 1.389601843624004e-001, 3.533385748226738e-003, 1.034702345012418e+000,-4.183346338385957e-001,-3.061736951307756e-001
 6.080000000000000e+000, 8.708728448814771e-001, 1.390964781869557e-001, 4.563836804949841e-003, 1.043144603481530e+000,-4.213282538719724e-001,-3.092579186010888e-001
 6.090000000000000e+000, 8.804605048577052e-001, 1.392716525077153e-001, 5.528878142029066e-003, 1.051463105910382e+000,-4.242511885646667e-001,-3.121614905691977e-001
 6.100000000000000e+000, 8.900213095732513e-001, 1.394867674779243e-001, 6.396244912034217e-003, 1.059651264590907e+000,-4.271005633878595e-001,-3.148605570384887e-001
 6.110000000000000e+000, 8.995302275654751e-001, 1.397410154661367e-001, 7.146966608919560e-003, 1.067699361135438e+000,-4.298741811605660e-001,-3.173427516468397e-001
 6.120000000000000e+000, 9.089608749382900e-001, 1.400337716380053e-001, 7.772492011456424e-003, 1.075596091590423e+000,-4.325705696493143e-001,-3.196132211482571e-001
 6.130000000000000e+000, 9.182895956829367e-001, 1.403656404765541e-001, 8.270313151874421e-003, 1.083331705854145e+000,-4.351863138924858e-001,-3.216996029620283e-001
 6.140000000000000e+000, 9.274985446844668e-001, 1.407373348148873e-001, 8.641356677986885e-003, 1.090901097326958e+000,-4.377154985922215e-001,-3.236493487824333e-001
 6.150000000000000e+000, 9.365776579609129e-001, 1.411476089415973e-001, 8.890827254014251e-003, 1.098304665224834e+000,-4.401540161942898e-001,-3.255178994624217e-001
 6.160000000000000e+000, 9.455254171808284e-001, 1.415919588284313e-001, 9.029406423806648e-003, 1.105546883523719e+000,-4.425052045997358e-001,-3.273545782815391e-001
 6.170000000000000e+000, 9.543491877294207e-001, 1.420616129328984e-001, 9.071879441008551e-003, 1.112634297505195e+000,-4.447811178677623e-001,-3.291936173048971e-001
 6.180000000000000e+000, 9.630656938004762e-001, 1.425437807051357e-001, 9.033666481066974e-003, 1.119575176667422e+000,-4.469988739814543e-001,-3.310520528809192e-001
 6.190000000000000e+000, 9.717010531646007e-001, 1.430248250461936e-001, 8.927259081561664e-003, 1.126381413408120e+000,-4.491763246106157e-001,-3.329315868527318e-001
 6.200000000000000e+000, 9.802892864283647e-001, 1.434950975465172e-001, 8.761276738344898e-003, 1.133070673343284e+000,-4.513289482771113e-001,-3.348228334009952e-001
 6.210000000000000e+000, 9.888687698921927e-001, 1.439532386494633e-001, 8.542221123500475e-003, 1.139666616510442e+000,-4.534671140998393e-001,-3.367128061203156e-001
 6.220000000000000e+000, 9.974772873759618e-001, 1.444080120029323e-001, 8.275017109194113e-003, 1.146196645497792e+000,-4.555949436556623e-001,-3.385934087622987e-001
 6.230000000000000e+000, 1.006147399557466e+000, 1.448763626991696e-001, 7.960207037023675e-003, 1.152688514480736e+000,-4.577119122598433e-001,-3.404652643990892e-001
 6.240000000000000e+000, 1.014904329343750e+000, 1.453787966734503e-001, 7.590354706203667e-003, 1.159167599473493e+000,-4.598152607713162e-001,-3.423336463365611e-001
 6.250000000000000e+000, 1.023765985221074e+000, 1.459342299342767e-001, 7.148802107161882e-003, 1.165654958043772e+000,-4.619016071697117e-001,-3.441997518277187e-001
 6.260000000000000e+000, 1.032741962378917e+000, 1.465556059571707e-001, 6.610828718230693e-003, 1.172165928641665e+000,-4.639681662275512e-001,-3.460548964731342e-001
 6.270000000000000e+000, 1.041830928271279e+000, 1.472473281433024e-001, 5.946147192564708e-003, 1.178709932821715e+000,-4.660135135441804e-001,-3.478822699924305e-001
 6.280000000000000e+000, 1.051018071662774e+000, 1.480056677553585e-001, 5.123106681370113e-003, 1.185291349302768e+000,-4.680373002552017e-001,-3.496635904877903e-001
 6.290000000000000e+000, 1.060272645533521e+000, 1.488222526803251e-001, 4.115004954979815e-003, 1.191910301386936e+000,-4.700401301952750e-001,-3.513846730859404e-001
 6.300000000000000e+000, 1.069545838698612e+000, 1.496882905609662e-001, 2.907505140457626e-003, 1.198562642986471e+000,-4.720248204084901e-001,-3.530373328445781e-001
 6.310000000000000e+000, 1.078771548413968e+000, 1.505964711095671e-001, 1.504613619822499e-003, 1.205239643017529e+000,-4.739973810187344e-001,-3.546190643729488e-001
 6.320000000000000e+000, 1.087872979313221e+000, 1.515405455258716e-001,-6.961275656626859e-005, 1.211928480180172e+000,-4.759656852201169e-001,-3.561324828751759e-001
 6.330000000000000e+000, 1.096774677012229e+000, 1.525150464557046e-001,-1.774792688906008e-003, 1.218614096086463e+000,-4.779370153690648e-001,-3.575851515419576e-001
 6.340000000000000e+000, 1.105414748190088e+000, 1.535144921632907e-001,-3.562230462326699e-003, 1.225282056148022e+000,-4.799172948240734e-001,-3.589874683712899e-001
 6.350000000000000e+000, 1.113752040832967e+000, 1.545284571243553e-001,-5.383704221258182e-003, 1.231921053115019e+000,-4.819118393584538e-001,-3.603461586441709e-001
 6.359999999999999e+000, 1.121767920817153e+000, 1.555355036161565e-001,-7.197804168896800e-003, 1.238523598851635e+000,-4.839250725528209e-001,-3.616569921994280e-001
 6.370000000000000e+000, 1.129464639564027e+000, 1.565042467629463e-001,-8.973135277219997e-003, 1.245084691935534e+000,-4.859587197692205e-001,-3.629028205774166e-001
 6.380000000000000e+000, 1.136861961036176e+000, 1.574014340674770e-001,-1.068872356677820e-002, 1.251599263381243e+000,-4.880098251824140e-001,-3.640579437864823e-001
 6.390000000000000e+000, 1.143993157607068e+000, 1.582002983122695e-001,-1.233291278011142e-002, 1.258059975390945e+000,-4.900699765528774e-001,-3.650960141697004e-001
 6.400000000000000e+000, 1.150899969691006e+000, 1.588864519799420e-001,-1.390224663642472e-002, 1.264456671113895e+000,-4.921268251015397e-001,-3.659984101832944e-001
 6.410000000000000e+000, 1.157626537112087e+000, 1.594608968450368e-001,-1.539973947737382e-002, 1.270776946825666e+000,-4.941669136507259e-001,-3.667607076154054e-001
 6.420000000000000e+000, 1.164211988248072e+000, 1.599383222244817e-001,-1.683080510122953e-002, 1.277006368329247e+000,-4.961785497751868e-001,-3.673921029441049e-001
 6.430000000000000e+000, 1.170703973052885e+000, 1.603469991681457e-001,-1.820533344527947e-002, 1.283129462139670e+000,-4.981452204081644e-001,-3.679352280705602e-001
 6.440000000000000e+000, 1.177139273679416e+000, 1.607184064445124e-001,-1.952942017268031e-002, 1.289128387595309e+000,-5.000530547404367e-001,-3.684384612354771e-001
 6.450000000000000e+000, 1.183555603984445e+000, 1.610867982163502e-001,-2.080903721273600e-002, 1.294985047404313e+000,-5.018859766445663e-001,-3.689631817190238e-001
 6.460000000000000e+000, 1.189985466404674e+000, 1.614850289810594e-001,-2.204816019250025e-002, 1.300682982979945e+000,-5.036299924462204e-001,-3.695655824010773e-001
 6.470000000000000e+000, 1.196454196175891e+000, 1.619399396173082e-001,-2.325004591553290e-002, 1.306209592491595e+000,-5.052753020930025e-001,-3.702883682810392e-001
 6.480000000000000e+000, 1.202976942227231e+000, 1.624659875673957e-001,-2.441948342461001e-002, 1.311557064830640e+000,-5.068169665509258e-001,-3.711601982868183e-001
 6.490000000000000e+000, 1.209555828331942e+000, 1.630612352707355e-001,-2.556398787657606e-002, 1.316722168228352e+000,-5.082554620915442e-001,-3.721970709431574e-001
 6.500000000000000e+000, 1.216179612640310e+000, 1.637086944560779e-001,-2.669345383970759e-002, 1.321706021782092e+000,-5.095978100144553e-001,-3.734034212755893e-001
 6.510000000000000e+000, 1.222825315385050e+000, 1.643815071442456e-001,-2.781912394533763e-002, 1.326514638052557e+000,-5.108593814960240e-001,-3.747726842587187e-001
 6.520000000000000e+000, 1.229462371179067e+000, 1.650487195101031e-001,-2.895354229590839e-002, 1.331160498751093e+000,-5.120649327984307e-001,-3.762874865189252e-001
 6.529999999999999e+000, 1.236060215011110e+000, 1.656794035253970e-001,-3.011113746550364e-002, 1.335664468937540e+000,-5.132459319536789e-001,-3.779211686929537e-001
 6.540000000000000e+000, 1.242596991250457e+000, 1.662450822183927e-001,-3.130659334644077e-002, 1.340057095260556e+000,-5.144334578901456e-001,-3.796408631467617e-001
 6.550000000000000e+000, 1.249065968443107e+000, 1.667217822326816e-001,-3.255199843764588e-002, 1.344379349394655e+000,-5.156495460220506e-001,-3.814119342003548e-001
 6.560000000000000e+000, 1.255475701892695e+000, 1.670921727078494e-001,-3.385579957194484e-002, 1.348682149860163e+000,-5.169024618670225e-001,-3.832048748329426e-001
 6.570000000000000e+000, 1.261841636259249e+000, 1.673468183284412e-001,-3.522108598017836e-002, 1.353022566044025e+000,-5.181904510851882e-001,-3.850025446194547e-001
 6.580000000000000e+000, 1.268174639699049e+000, 1.674845969175667e-001,-3.664111260075204e-002, 1.357457345836063e+000,-5.195108586576068e-001,-3.868027733761553e-001
 6.590000000000000e+000, 1.274474397831331e+000, 1.675134344223219e-001,-3.809628516458394e-002, 1.362037466889246e+000,-5.208664453708214e-001,-3.886155985299141e-001
 6.600000000000000e+000, 1.280727781178158e+000, 1.674502970057676e-001,-3.955623712696386e-002, 1.366804909739390e+000,-5.222662989363477e-001,-3.904585147242863e-001
 6.609999999999999e+000, 1.286909114335922e+000, 1.673186376070435e-001,-4.098540706458055e-002, 1.371789999293058e+000,-5.237241235194921e-001,-3.923510442061166e-001
 6.620000000000000e+000, 1.292983491292794e+000, 1.671444605569588e-001,-4.234893489768416e-002, 1.377009027601166e+000,-5.252555828540169e-001,-3.943082272874420e-001
 6.630000000000000e+000, 1.298913404158572e+000, 1.669535993115430e-001,-4.361783531371030e-002, 1.382462957125272e+000,-5.268749289964372e-001,-3.963357724099657e-001
 6.640000000000000e+000, 1.304665484363223e+000, 1.667708195763646e-001,-4.477318217587304e-002, 1.388136895805336e+000,-5.285912808727323e-001,-3.984300769128540e-001
 6.650000000000000e+000, 1.310216152346504e+000, 1.666193096572453e-001,-4.580809881024388e-002, 1.394000188660281e+000,-5.304055959846460e-001,-4.005808788992757e-001
 6.660000000000000e+000, 1.315556004996047e+000, 1.665192883542910e-001,-4.672709738881539e-002, 1.400007645006264e+000,-5.323091081032905e-001,-4.027724002333977e-001
 6.670000000000000e+000, 1.320691608440493e+000, 1.664859033028237e-001,-4.754396876588102e-002, 1.406101855026431e+000,-5.342826036596944e-001,-4.049827652070241e-001
 6.680000000000000e+000, 1.325644350270217e+000, 1.665271467119602e-001,-4.827961974564190e-002, 1.412216482762212e+000,-5.362967697239670e-001,-4.071835747231630e-001
 6.690000000000000e+000, 1.330446729754185e+000, 1.666413670574671e-001,-4.895934430557230e-002, 1.418280059746224e+000,-5.383151573320565e-001,-4.093401825657552e-001
 6.699999999999999e+000, 1.335137587505826e+000, 1.668143139801674e-001,-4.960929526492710e-002, 1.424219558237380e+000,-5.402990754335137e-001,-4.114129423910945e-001
 6.710000000000000e+000, 1.339757927012949e+000, 1.670182510549398e-001,-5.025475309439220e-002, 1.429964399356726e+000,-5.422118221650465e-001,-4.133608124524276e-001
 6.720000000000000e+000, 1.344347113897761e+000, 1.672154926273102e-001,-5.092150528564281e-002, 1.435451622366650e+000,-5.440209491836661e-001,-4.151475054587448e-001
 6.730000000000000e+000, 1.348939974710574e+000, 1.673649441348835e-001,-5.163751589225320e-002, 1.440631290896320e+000,-5.456989709040916e-001,-4.167472132658220e-001
 6.740000000000000e+000, 1.353565507312819e+000, 1.674278269487504e-001,-5.243129845520756e-002, 1.445470486802850e+000,-5.472241408081466e-001,-4.181460069008404e-001
 6.750000000000000e+000, 1.358246004500749e+000, 1.673709143888771e-001,-5.332703546693538e-002, 1.449955051190039e+000,-5.485822636793877e-001,-4.193391990586523e-001
 6.760000000000000e+000, 1.362996593565682e+000, 1.671687970815596e-001,-5.433962133719576e-002, 1.454089615736954e+000,-5.497681524706048e-001,-4.203288609094505e-001
 6.770000000000000e+000, 1.367825938044055e+000, 1.668062730443627e-001,-5.547155467065235e-002, 1.457896539356343e+000,-5.507856921181626e-001,-4.211230549012104e-001
 6.779999999999999e+000, 1.372736252316322e+000, 1.662797363836817e-001,-5.671110621677426e-002, 1.461413177890066e+000,-5.516473932336594e-001,-4.217354131988026e-001
 6.790000000000000e+000, 1.377721336728682e+000, 1.655962838608496e-001,-5.803156761615534e-002, 1.464687243400646e+000,-5.523735734233821e-001,-4.221851937786976e-001
 6.800000000000000e+000, 1.382764900749022e+000, 1.647709064913014e-001,-5.939327038501894e-002, 1.467771818501053e+000,-5.529903530623184e-001,-4.224982618658199e-001
 6.810000000000000e+000, 1.387841083194366e+000, 1.638229722609255e-001,-6.074852732205344e-002, 1.470721188231935e+000,-5.535269354140884e-001,-4.227070847843080e-001
 6.820000000000000e+000, 1.392915861648803e+000, 1.627726139012315e-001,-6.204582921363640e-002, 1.473586508280962e+000,-5.540131090943858e-001,-4.228478140875048e-001
 6.830000000000000e+000, 1.397947846025345e+000, 1.616376262325046e-001,-6.323148551033153e-002, 1.476411133933899e+000,-5.544770215976109e-001,-4.229554948063995e-001
 6.840000000000000e+000, 1.402889641958777e+000, 1.604330059674350e-001,-6.425311423167505e-002, 1.479228119873969e+000,-5.549435401040124e-001,-4.230604167949813e-001
 6.850000000000000e+000, 1.407692874971211e+000, 1.591752261881274e-001,-6.506902580606611e-002, 1.482061623109642e+000,-5.554338363318812e-001,-4.231875967419952e-001
 6.859999999999999e+000, 1.412318883709259e+000, 1.578899767015523e-001,-6.566116306833585e-002, 1.484930668373424e+000,-5.559654945451654e-001,-4.233593429231480e-001
 6.870000000000000e+000, 1.416751875047550e+000, 1.566190007586394e-001,-6.604573748333645e-002, 1.487852612514794e+000,-5.565515377450365e-001,-4.235995499556737e-001
 6.880000000000000e+000, 1.421003959102868e+000, 1.554195023878058e-001,-6.627356975817646e-002, 1.490843497205534e+000,-5.571984819870005e-001,-4.239350128516867e-001
 6.890000000000000e+000, 1.425102685171093e+000, 1.543512296120386e-001,-6.641417634598495e-002, 1.493912945988218e+000,-5.579056745376231e-001,-4.243879442537737e-001
 6.900000000000000e+000, 1.429069554910738e+000, 1.534581579062853e-001,-6.653214869584057e-002, 1.497056689228032e+000,-5.586670287907157e-001,-4.249634354314427e-001
 6.910000000000000e+000, 1.432909537960912e+000, 1.527589240058653e-001,-6.667253678461713e-002, 1.500253725656951e+000,-5.594733079129638e-001,-4.256428133648146e-001
 6.920000000000000e+000, 1.436616541411309e+000, 1.522494765074580e-001,-6.685945314195564e-002, 1.503469600425303e+000,-5.603129326220840e-001,-4.263865512282934e-001
 6.930000000000000e+000, 1.440184779954505e+000, 1.519112318102838e-001,-6.710186365781144e-002, 1.506661928316934e+000,-5.611718011157975e-001,-4.271426552924808e-001
 6.940000000000000e+000, 1.443618730491538e+000, 1.517190034320701e-001,-6.740213543799367e-002, 1.509786086199254e+000,-5.620335805173122e-001,-4.278566025692316e-001
 6.950000000000000e+000, 1.446938297445825e+000, 1.516459064493667e-001,-6.776392795250917e-002, 1.512800557220810e+000,-5.628807346169219e-001,-4.284802220315581e-001
 6.960000000000000e+000, 1.450177229846130e+000, 1.516651950707173e-001,-6.819547217400684e-002, 1.515670332807475e+000,-5.636958678948925e-001,-4.289774181927112e-001
 6.970000000000000e+000, 1.453376877844935e+000, 1.517515786296466e-001,-6.870662856881675e-002, 1.518368040647947e+000,-5.644626060926757e-001,-4.293263154906228e-001
 6.980000000000000e+000, 1.456579447458195e+000, 1.518828289025360e-001,-6.930212548299496e-002, 1.520874428019248e+000,-5.651658435285928e-001,-4.295190619293546e-001
 6.990000000000000e+000, 1.459822300962898e+000, 1.520403439885563e-001,-6.997610267124700e-002, 1.523178857400516e+000,-5.657927756919781e-001,-4.295607760535670e-001
 7.000000000000000e+000, 1.463132185987678e+000, 1.522096701943236e-001,-7.071259947295533e-002, 1.525279536422649e+000,-5.663346966656870e-001,-4.294690239547836e-001
 7.010000000000000e+000, 1.466520092953922e+000, 1.523818926341616e-001,-7.149125915529063e-002, 1.527183638318826e+000,-5.667877483486556e-001,-4.292738631139907e-001
 7.020000000000000e+000, 1.469979189463503e+000, 1.525536967103982e-001,-7.229181306626409e-002, 1.528907153056798e+000,-5.671528694922540e-001,-4.290166423045215e-001
 7.029999999999999e+000, 1.473485859505326e+000, 1.527252466374758e-001,-7.309306031273835e-002, 1.530473756384740e+000,-5.674360330424597e-001,-4.287466944391692e-001
 7.040000000000000e+000, 1.477002597551732e+000, 1.528972277595591e-001,-7.386875218785667e-002, 1.531912504989031e+000,-5.676479136651124e-001,-4.285164174628294e-001
 7.050000000000000e+000, 1.480482054575565e+000, 1.530676905594177e-001,-7.458466637227544e-002, 1.533255013438380e+000,-5.678022512493605e-001,-4.283751573269774e-001
 7.060000000000000e+000, 1.483871339722906e+000, 1.532297984935249e-001,-7.519941957319477e-002, 1.534533055862761e+000,-5.679137091430428e-001,-4.283636702103496e-001
 7.070000000000000e+000, 1.487116901954309e+000, 1.533723637952928e-001,-7.567036419923381e-002, 1.535777326378840e+000,-5.679964769676343e-001,-4.285112225744560e-001
 7.080000000000000e+000, 1.490170106271093e+000, 1.534828653387801e-001,-7.596228808996022e-002, 1.537017051262004e+000,-5.680643037020011e-001,-4.288344087487973e-001
 7.090000000000000e+000, 1.492991126719413e+000, 1.535505000016189e-001,-7.605403089895799e-002, 1.538279324442039e+000,-5.681308160450133e-001,-4.293361318642014e-001
 7.100000000000000e+000, 1.495550383087592e+000, 1.535674277290089e-001,-7.594172006490789e-002, 1.539587693802365e+000,-5.682087223387697e-001,-4.300050248543883e-001
 7.109999999999999e+000, 1.497828608220949e+000, 1.535281013964354e-001,-7.563856665604629e-002, 1.540960080316093e+000,-5.683091442835604e-001,-4.308156970150537e-001
 7.119999999999999e+000, 1.499815242901923e+000, 1.534285238216251e-001,-7.517046197180828e-002, 1.542406636796888e+000,-5.684429325310690e-001,-4.317304281105587e-001
 7.130000000000000e+000, 1.501506944706167e+000, 1.532675155759342e-001,-7.457185059701003e-002, 1.543929208305606e+000,-5.686231045583586e-001,-4.327029003837565e-001
 7.140000000000000e+000, 1.502909214500070e+000, 1.530489526935985e-001,-7.388525237763044e-002, 1.545522849414908e+000,-5.688647553910426e-001,-4.336828046224969e-001
 7.150000000000000e+000, 1.504039281416300e+000, 1.527820183319428e-001,-7.315864210031886e-002, 1.547177358727545e+000,-5.691801020947338e-001,-4.346199013817308e-001
 7.160000000000000e+000, 1.504926415796102e+000, 1.524788881759140e-001,-7.243722113603929e-002, 1.548877127638743e+000,-5.695727217902091e-001,-4.354666432303574e-001
 7.170000000000000e+000, 1.505609107413632e+000, 1.521515602827011e-001,-7.175567609338804e-002, 1.550599944378670e+000,-5.700363620871524e-001,-4.361791687516105e-001
 7.180000000000000e+000, 1.506130636944368e+000, 1.518091371262211e-001,-7.113664653940068e-002, 1.552316738038458e+000,-5.705565571946003e-001,-4.367186697650912e-001
 7.190000000000000e+000, 1.506534586234170e+000, 1.514562464798077e-001,-7.059405551892550e-002, 1.553993291138515e+000,-5.711115127060622e-001,-4.370544035755375e-001
 7.199999999999999e+000, 1.506859491180683e+000, 1.510935138613299e-001,-7.013997369028144e-002, 1.555592944034543e+000,-5.716734814678460e-001,-4.371747440534234e-001
 7.210000000000000e+000, 1.507142992487350e+000, 1.507153970087356e-001,-6.977742389971101e-002, 1.557077220268538e+000,-5.722164510847347e-001,-4.370666143047989e-001
 7.220000000000000e+000, 1.507407954173657e+000, 1.503152850746385e-001,-6.951652514444096e-002, 1.558408430630967e+000,-5.727189963359796e-001,-4.367588353024912e-001
 7.230000000000000e+000, 1.507665974452462e+000, 1.498868680771985e-001,-6.935966264963264e-002, 1.559550803730212e+000,-5.731694569784772e-001,-4.363005324275477e-001
 7.239999999999999e+000, 1.507917481124491e+000, 1.494287259438714e-001,-6.930027057202483e-002, 1.560474192579211e+000,-5.735627049937103e-001,-4.357542097686853e-001
 7.250000000000000e+000, 1.508158393635517e+000, 1.489454658323572e-001,-6.932529445832444e-002, 1.561157547919707e+000,-5.738946575622844e-001,-4.351779215985754e-001
 7.260000000000000e+000, 1.508384829139444e+000, 1.484462001017595e-001,-6.941938490870131e-002, 1.561591082493649e+000,-5.741597573426892e-001,-4.346146435744529e-001
 7.270000000000000e+000, 1.508592624528432e+000, 1.479426186054611e-001,-6.956548809181394e-002, 1.561776658127430e+000,-5.743524248134839e-001,-4.340923608321294e-001
 7.279999999999999e+000, 1.508774292581316e+000, 1.474475230320615e-001,-6.974250380973439e-002, 1.561726448131495e+000,-5.744695673557493e-001,-4.336278829147847e-001
 7.290000000000000e+000, 1.508916879657117e+000, 1.469736241142863e-001,-6.992382717150322e-002, 1.561460440846989e+000,-5.745123709737662e-001,-4.332291517026533e-001
 7.300000000000000e+000, 1.509002855149672e+000, 1.465323946567421e-001,-7.008002187561455e-002, 1.561003801129734e+000,-5.744869186774877e-001,-4.328966329059493e-001
 7.310000000000000e+000, 1.509013621785213e+000, 1.461331071747063e-001,-7.018474704605891e-002, 1.560384471010326e+000,-5.744028442336547e-001,-4.326258158382992e-001
 7.319999999999999e+000, 1.508932820848088e+000, 1.457825726932183e-001,-7.021925455453373e-002, 1.559630815121188e+000,-5.742706906770637e-001,-4.324103505376598e-001
 7.330000000000000e+000, 1.508747127837120e+000, 1.454854439912547e-001,-7.017329919537252e-002, 1.558769366647769e+000,-5.741004490376097e-001,-4.322436053271780e-001
 7.340000000000000e+000, 1.508445259856369e+000, 1.452441885241214e-001,-7.004444709392910e-002, 1.557822775558052e+000,-5.739011230145910e-001,-4.321185318448729e-001
 7.350000000000000e+000, 1.508016941298904e+000, 1.450586069124102e-001,-6.983622242418869e-002, 1.556808206491407e+000,-5.736795081683760e-001,-4.320274326723433e-001
 7.359999999999999e+000, 1.507452548496184e+000, 1.449257712164480e-001,-6.955505737232695e-002, 1.555736683273115e+000,-5.734396135232978e-001,-4.319617854877950e-001
 7.369999999999999e+000, 1.506743996797465e+000, 1.448407928868440e-001,-6.920879329618015e-002, 1.554613398614635e+000,-5.731842848721079e-001,-4.319114573885334e-001
 7.380000000000000e+000, 1.505885786377200e+000, 1.447973076324947e-001,-6.880633109011111e-002, 1.553438372165846e+000,-5.729170319913568e-001,-4.318634043893819e-001
 7.390000000000000e+000, 1.504873896906587e+000, 1.447864640400045e-001,-6.835533227256808e-002, 1.552207042123311e+000,-5.726420901685142e-001,-4.318003636732625e-001
 7.400000000000000e+000, 1.503703347364910e+000, 1.447956665379515e-001,-6.786006879022336e-002, 1.550911076569845e+000,-5.723632387511617e-001,-4.317008516843430e-001
 7.410000000000000e+000, 1.502367419703047e+000, 1.448095172343451e-001,-6.732316661045554e-002, 1.549539726579856e+000,-5.720828309018321e-001,-4.315419490995767e-001
 7.420000000000000e+000, 1.500859403895896e+000, 1.448130854057719e-001,-6.674971747504811e-002, 1.548081618781563e+000,-5.718018417577607e-001,-4.313038188975363e-001
 7.430000000000000e+000, 1.499175838056128e+000, 1.447958022893146e-001,-6.615061323869934e-002, 1.546526744020135e+000,-5.715205275898894e-001,-4.309735504693745e-001
 7.440000000000000e+000, 1.497319978134438e+000, 1.447544278538779e-001,-6.554446186925930e-002, 1.544868310976780e+000,-5.712391221671226e-001,-4.305470657870061e-001
 7.449999999999999e+000, 1.495303542983097e+000, 1.446935994719130e-001,-6.495709297029823e-002, 1.543104001337154e+000,-5.709583516767091e-001,-4.300282271623522e-001
 7.460000000000000e+000, 1.493145558848575e+000, 1.446233039577609e-001,-6.441788854697231e-002, 1.541236141321389e+000,-5.706794610526528e-001,-4.294255096861636e-001
 7.470000000000000e+000, 1.490869278954841e+000, 1.445548460568429e-001,-6.395619611870883e-002, 1.539270870423000e+000,-5.704043671572444e-001,-4.287485155233958e-001
 7.480000000000000e+000, 1.488498444724321e+000, 1.444982195795936e-001,-6.360085606766423e-002, 1.537217105698131e+000,-5.701362350885160e-001,-4.280066173464424e-001
 7.490000000000000e+000, 1.486053426390381e+000, 1.444620864069584e-001,-6.338050940180938e-002, 1.535085543751731e+000,-5.698790198912112e-001,-4.272102407252171e-001
 7.500000000000000e+000, 1.483547957110152e+000, 1.444542351817657e-001,-6.332156013743139e-002, 1.532887229453439e+000,-5.696359782557688e-001,-4.263696565992016e-001
 7.510000000000000e+000, 1.480985585686396e+000, 1.444799691538337e-001,-6.343776528278737e-002, 1.530630158594010e+000,-5.694104524614067e-001,-4.255000516482722e-001
 7.520000000000000e+000, 1.478360522183190e+000, 1.445402771979183e-001,-6.372962301243366e-002, 1.528318752329409e+000,-5.692051596851624e-001,-4.246058324578146e-001
 7.529999999999999e+000, 1.475656343521353e+000, 1.446323236125011e-001,-6.417700695797976e-002, 1.525952462972180e+000,-5.690225011154998e-001,-4.236882142704216e-001
 7.540000000000000e+000, 1.472846191268641e+000, 1.447526854483536e-001,-6.473642329132275e-002, 1.523526213443340e+000,-5.688617821854559e-001,-4.227469594750662e-001
 7.550000000000000e+000, 1.469892746841293e+000, 1.448996686900355e-001,-6.533616517082116e-002, 1.521030585040956e+000,-5.687159292614104e-001,-4.217835258255054e-001
 7.560000000000000e+000, 1.466751003448775e+000, 1.450728134652206e-001,-6.587994889706375e-002, 1.518452610568925e+000,-5.685700175030179e-001,-4.208020276393317e-001
 7.569999999999999e+000, 1.463379788720586e+000, 1.452715009490526e-001,-6.627291529576361e-002, 1.515778147754600e+000,-5.684041448775818e-001,-4.198091314539055e-001
 7.580000000000000e+000, 1.459758465180576e+000, 1.454940334735415e-001,-6.645777193195496e-002, 1.512994768937559e+000,-5.681992077097056e-001,-4.188133612184229e-001
 7.590000000000000e+000, 1.455893904367917e+000, 1.457362237475248e-001,-6.642817723779962e-002, 1.510093101681100e+000,-5.679407198467459e-001,-4.178232829446726e-001
 7.600000000000000e+000, 1.451812835835171e+000, 1.459902070600063e-001,-6.621300007771752e-002, 1.507066986236920e+000,-5.676188182140095e-001,-4.168456175770648e-001
 7.609999999999999e+000, 1.447549987768301e+000, 1.462453838111295e-001,-6.585440185580650e-002, 1.503914105238893e+000,-5.672267920767646e-001,-4.158844717202350e-001
 7.619999999999999e+000, 1.443140030527975e+000, 1.464903902927572e-001,-6.539470910691249e-002, 1.500636676244716e+000,-5.667602553841654e-001,-4.149403454340108e-001
 7.629999999999999e+000, 1.438612907872094e+000, 1.467138121485436e-001,-6.487099087816732e-002, 1.497240808859405e+000,-5.662166157139351e-001,-4.140077824642509e-001
 7.640000000000000e+000, 1.433991093548684e+000, 1.469042004280419e-001,-6.431305442743475e-002, 1.493734849001602e+000,-5.655934894700305e-001,-4.130741394350309e-001
 7.650000000000000e+000, 1.429288147716340e+000, 1.470512839396159e-001,-6.374216841313053e-002, 1.490127914086224e+000,-5.648873004567464e-001,-4.121221439097709e-001
 7.660000000000000e+000, 1.424508263988885e+000, 1.471487868087600e-001,-6.317048424665012e-002, 1.486428609201127e+000,-5.640947266160727e-001,-4.111354306576727e-001
 7.670000000000000e+000, 1.419647501574495e+000, 1.471973253640588e-001,-6.260189552639850e-002, 1.482643463867487e+000,-5.632152638288817e-001,-4.101042554644327e-001
 7.680000000000000e+000, 1.414695827150418e+000, 1.472049170545149e-001,-6.203275240115733e-002, 1.478775541822566e+000,-5.622512779539126e-001,-4.090280918213743e-001
 7.690000000000000e+000, 1.409638105153189e+000, 1.471846939181258e-001,-6.145211701392633e-002, 1.474824002845954e+000,-5.612062553292374e-001,-4.079138520740267e-001
 7.699999999999999e+000, 1.404454939098638e+000, 1.471516063509060e-001,-6.084352333299271e-002, 1.470784539620686e+000,-5.600834219652493e-001,-4.067719268138134e-001
 7.709999999999999e+000, 1.399124954559822e+000, 1.471191340571063e-001,-6.018785540120880e-002, 1.466649766645815e+000,-5.588852951425999e-001,-4.056122870408488e-001
 7.720000000000000e+000, 1.393628430716511e+000, 1.470969791359742e-001,-5.946618299640582e-002, 1.462409872342278e+000,-5.576147813273863e-001,-4.044418667491638e-001
 7.730000000000000e+000, 1.387951586557487e+000, 1.470908493714833e-001,-5.866267554382389e-002, 1.458055067087624e+000,-5.562772434501518e-001,-4.032642339636982e-001
 7.740000000000000e+000, 1.382089298432697e+000, 1.471036847678313e-001,-5.776681782890914e-002, 1.453579197896511e+000,-5.548810172759607e-001,-4.020811701643517e-001
 7.750000000000000e+000, 1.376044593683069e+000, 1.471374591882702e-001,-5.677405792586048e-002, 1.448982123579324e+000,-5.534358358946512e-001,-4.008944181385154e-001
 7.760000000000000e+000, 1.369826697703700e+000, 1.471953026341377e-001,-5.568551319719284e-002, 1.444270034876482e+000,-5.519515429508078e-001,-3.997059478160284e-001
 7.770000000000000e+000, 1.363449436563682e+000, 1.472834315273455e-001,-5.450852188959855e-002, 1.439454437926379e+000,-5.504375969224684e-001,-3.985174999395904e-001
 7.779999999999999e+000, 1.356930325078876e+000, 1.474127334762756e-001,-5.325846782917014e-002, 1.434550454798030e+000,-5.489017970419068e-001,-3.973314699890035e-001
 7.789999999999999e+000, 1.350290593163110e+000, 1.475992971442415e-001,-5.195920455771799e-002, 1.429574917820915e+000,-5.473491248485343e-001,-3.961519338158989e-001
 7.800000000000000e+000, 1.343555947853970e+000, 1.478625293051354e-001,-5.064056489466940e-002, 1.424544873859658e+000,-5.457824884065994e-001,-3.949835563963258e-001
 7.810000000000000e+000, 1.336756485612076e+000, 1.482223422932971e-001,-4.933498699593307e-002, 1.419476831034118e+000,-5.442046277279486e-001,-3.938294954557720e-001
 7.820000000000000e+000, 1.329923353780468e+000, 1.486976123669168e-001,-4.807428659379195e-002, 1.414386051985186e+000,-5.426193833750359e-001,-3.926904574358444e-001
 7.830000000000000e+000, 1.323082061433005e+000, 1.493037071623848e-001,-4.688490736874637e-002, 1.409284805928183e+000,-5.410312346005882e-001,-3.915650413253647e-001
 7.840000000000000e+000, 1.316244597447194e+000, 1.500467898802771e-001,-4.578107055053961e-002, 1.404179786365036e+000,-5.394436184596040e-001,-3.904496238242374e-001
 7.850000000000000e+000, 1.309402058741893e+000, 1.509165969674196e-001,-4.475799152217628e-002, 1.399070005647727e+000,-5.378582120613495e-001,-3.893357757084086e-001
 7.859999999999999e+000, 1.302519888798849e+000, 1.518806620539737e-001,-4.378830433076322e-002, 1.393945924354194e+000,-5.362759817378678e-001,-3.882059682756939e-001
 7.869999999999999e+000, 1.295540821820604e+000, 1.528851121281980e-001,-4.282586783181843e-002, 1.388790885241656e+000,-5.346978092796045e-001,-3.870329326286446e-001
 7.880000000000000e+000, 1.288400552025365e+000, 1.538674182692623e-001,-4.181999012355957e-002, 1.383586635652931e+000,-5.331233700999051e-001,-3.857871565804762e-001
 7.890000000000000e+000, 1.281049746965465e+000, 1.547755171308671e-001,-4.073341122780031e-002, 1.378321084315535e+000,-5.315501871996784e-001,-3.844479510721634e-001
 7.900000000000000e+000, 1.273466140076053e+000, 1.555787322239410e-001,-3.955051737702704e-002, 1.372992767251327e+000,-5.299746106646983e-001,-3.830087788823887e-001
 7.910000000000000e+000, 1.265650656489264e+000, 1.562655029566020e-001,-3.827213150449114e-002, 1.367609871696986e+000,-5.283940478639119e-001,-3.814746325990719e-001
 7.920000000000000e+000, 1.257616455280178e+000, 1.568354034223023e-001,-3.690563695093160e-002, 1.362186210013817e+000,-5.268087012451068e-001,-3.798565781779291e-001
 7.930000000000000e+000, 1.249380393389629e+000, 1.572928829140277e-001,-3.545881822489794e-002, 1.356736632218544e+000,-5.252213154989224e-001,-3.781679476241799e-001
 7.940000000000000e+000, 1.240959814789585e+000, 1.576450288468565e-001,-3.393904413835829e-002, 1.351273426972943e+000,-5.236350308523781e-001,-3.764230988724077e-001
 7.949999999999999e+000, 1.232372814724076e+000, 1.579015233586134e-001,-3.235435452587713e-002, 1.345804213635256e+000,-5.220515231734506e-001,-3.746372110174492e-001
 7.959999999999999e+000, 1.223638738060925e+000, 1.580737930055634e-001,-3.071246742723734e-002, 1.340330396296264e+000,-5.204707897940744e-001,-3.728250601909886e-001
 7.969999999999999e+000, 1.214777323959734e+000, 1.581725733229960e-001,-2.901757191742777e-002, 1.334845470118154e+000,-5.188910108009226e-001,-3.709981943930173e-001
 7.980000000000000e+000, 1.205807176883228e+000, 1.582053584138767e-001,-2.726770331022576e-002, 1.329333886357606e+000,-5.173073945155158e-001,-3.691615277215419e-001
 7.989999999999999e+000, 1.196745046684891e+000, 1.581755029320948e-001,-2.545490418146896e-002, 1.323771785796061e+000,-5.157111218149303e-001,-3.673115176876548e-001
 8.000000000000000e+000, 1.187605932493818e+000, 1.580827632122279e-001,-2.356794311164548e-002, 1.318129361218990e+000,-5.140889612707875e-001,-3.654372052346646e-001
 8.010000000000000e+000, 1.178402459610957e+000, 1.579238460896026e-001,-2.159593785411202e-002, 1.312372961776523e+000,-5.124237168657236e-001,-3.635223993302880e-001
 8.020000000000000e+000, 1.169143390516464e+000, 1.576933574728736e-001,-1.953252195250657e-002, 1.306466365027861e+000,-5.106959066851852e-001,-3.615474733544519e-001
 8.029999999999999e+000, 1.159832663305611e+000, 1.573862467357263e-001,-1.738016730324445e-002, 1.300371998648153e+000,-5.088861080488039e-001,-3.594921163018257e-001
 8.039999999999999e+000, 1.150469042855623e+000, 1.570008115393240e-001,-1.515269186152326e-002, 1.294052268959480e+000,-5.069772525728096e-001,-3.573406000920870e-001
 8.049999999999999e+000, 1.141045095124930e+000, 1.565401165620810e-001,-1.287499491406014e-002, 1.287471142850204e+000,-5.049563689460801e-001,-3.550875111921834e-001
 8.059999999999999e+000, 1.131546079849318e+000, 1.560099889985347e-001,-1.057996406226125e-002, 1.280596327392888e+000,-5.028148647811587e-001,-3.527386112467529e-001
 8.070000000000000e+000, 1.121952520491741e+000, 1.554132584681045e-001,-8.302091141529893e-003, 1.273401804931538e+000,-5.005475738112094e-001,-3.503051691253181e-001
 8.080000000000000e+000, 1.112248002086357e+000, 1.547445596646870e-001,-6.069962230870861e-003, 1.265870466904052e+000,-4.981523435465952e-001,-3.477975177327660e-001
 8.090000000000000e+000, 1.102427212954811e+000, 1.539924631658116e-001,-3.902949803782978e-003, 1.257996778964057e+000,-4.956306987896853e-001,-3.452243951872356e-001
 8.100000000000000e+000, 1.092499249180347e+000, 1.531491084789058e-001,-1.814251108126322e-003, 1.249788928775742e+000,-4.929877815577086e-001,-3.425982738841546e-001
 8.109999999999999e+000, 1.082486714548093e+000, 1.522200533814690e-001, 1.838258095037917e-004, 1.241269373111345e+000,-4.902305616258574e-001,-3.399414914833746e-001
 8.119999999999999e+000, 1.072421719063206e+000, 1.512272440757874e-001, 2.077735341766528e-003, 1.232472952109674e+000,-4.873660555924911e-001,-3.372881788610266e-001
 8.129999999999999e+000, 1.062338634526373e+000, 1.502041860837884e-001, 3.854832935441313e-003, 1.223442978007652e+000,-4.844010113580070e-001,-3.346810041738653e-001
 8.140000000000001e+000, 1.052265337000117e+000, 1.491883674050083e-001, 5.506992518836235e-003, 1.214226165872577e+000,-4.813422967022175e-001,-3.321642977886050e-001
 8.149999999999999e+000, 1.042216885852128e+000, 1.482150961706390e-001, 7.033855586474940e-003, 1.204867129745662e+000,-4.781969468271239e-001,-3.297742066331387e-001
 8.160000000000000e+000, 1.032195887928342e+000, 1.473133980611194e-001, 8.444746870132689e-003, 1.195404497848226e+000,-4.749710646314773e-001,-3.275278705783407e-001
 8.170000000000000e+000, 1.022198968197714e+000, 1.465040566116134e-001, 9.757665431044135e-003, 1.185870365969659e+000,-4.716670437678808e-001,-3.254160551228619e-001
 8.180000000000000e+000, 1.012222470349227e+000, 1.457991984403124e-001, 1.099556293368668e-002, 1.176291347203514e+000,-4.682814231309491e-001,-3.234029650039171e-001
 8.190000000000000e+000, 1.002262652140019e+000, 1.452023177698432e-001, 1.218078165389056e-002, 1.166688533073616e+000,-4.648070786182298e-001,-3.214356637228166e-001
 8.199999999999999e+000, 9.923145983646388e-001, 1.447090541331377e-001, 1.332860452778390e-002, 1.157076690376859e+000,-4.612386907276528e-001,-3.194592533482891e-001
 8.209999999999999e+000, 9.823752603607241e-001, 1.443092120543450e-001, 1.444334328735794e-002, 1.147464369932041e+000,-4.575769779714684e-001,-3.174276020675056e-001
 8.219999999999999e+000, 9.724474885962140e-001, 1.439891597580119e-001, 1.551916381816290e-002, 1.137854836750317e+000,-4.538304027435182e-001,-3.153068169528078e-001
 8.230000000000000e+000, 9.625406619564862e-001, 1.437339936535296e-001, 1.654378973971904e-002, 1.128247086783711e+000,-4.500151162153409e-001,-3.130767279978882e-001
 8.239999999999998e+000, 9.526699129467813e-001, 1.435296480973913e-001, 1.750337603654050e-002, 1.118637126937212e+000,-4.461530007749864e-001,-3.107294477570229e-001
 8.250000000000000e+000, 9.428553570907007e-001, 1.433644594166932e-001, 1.838747340587351e-002, 1.109019606833940e+000,-4.422686339379728e-001,-3.082607060155836e-001
 8.260000000000000e+000, 9.331189285491564e-001, 1.432288983067043e-001, 1.919114706748075e-002, 1.099388800366964e+000,-4.383862433180742e-001,-3.056599379339457e-001
 8.270000000000000e+000, 9.234788263720013e-001, 1.431135198977995e-001, 1.991342191126442e-002, 1.089737705525479e+000,-4.345264353061030e-001,-3.029088215892763e-001
 8.279999999999999e+000, 9.139448247621406e-001, 1.430075996416107e-001, 2.055519504288987e-002, 1.080055954106653e+000,-4.307029652916709e-001,-2.999877243238436e-001
 8.289999999999999e+000, 9.045157694742891e-001, 1.429001060408974e-001, 2.111854424995790e-002, 1.070328533203904e+000,-4.269205461045527e-001,-2.968830554827744e-001
 8.299999999999999e+000, 8.951784419910680e-001, 1.427813474202115e-001, 2.160717332437860e-002, 1.060535771035637e+000,-4.231739010255769e-001,-2.935908497770004e-001
 8.309999999999999e+000, 8.859085062010427e-001, 1.426427688925303e-001, 2.202782548830067e-002, 1.050653933436974e+000,-4.194482323043166e-001,-2.901156955325748e-001
 8.320000000000000e+000, 8.766748840900668e-001, 1.424753134845360e-001, 2.239175222861608e-002, 1.040656877627858e+000,-4.157218915240876e-001,-2.864670894250008e-001
 8.330000000000000e+000, 8.674468241726393e-001, 1.422697703433296e-001, 2.271412953593123e-002, 1.030519641778392e+000,-4.119703228982886e-001,-2.826569621281705e-001
 8.340000000000000e+000, 8.582010929081034e-001, 1.420197902429223e-001, 2.301071795609174e-002, 1.020222993716337e+000,-4.081693165493388e-001,-2.786997300272890e-001
 8.350000000000000e+000, 8.489223050077474e-001, 1.417224796786589e-001, 2.329520346784541e-002, 1.009755609497699e+000,-4.042987395667650e-001,-2.746166237382637e-001
 8.359999999999999e+000, 8.396217868950882e-001, 1.413814069418691e-001, 2.356902730572952e-002, 9.991186215876929e-001,-4.003404854596093e-001,-2.704128200645732e-001
 8.369999999999999e+000, 8.300813947568354e-001, 1.413643212128066e-001, 2.312728598847066e-002, 9.877140373563228e-001,-3.961200831740815e-001,-2.658608563794112e-001
 8.379999999999999e+000, 8.204681673866467e-001, 1.413875642066558e-001, 2.250833278253801e-002, 9.759210824614943e-001,-3.917218507679365e-001,-2.611072849774840e-001
 8.390000000000001e+000, 8.111817623600681e-001, 1.409319968267906e-001, 2.267595659919485e-002, 9.648455308847078e-001,-3.874688893708549e-001,-2.565772354025313e-001
 8.399999999999999e+000, 8.019436286532230e-001, 1.404256292072996e-001, 2.277469142104396e-002, 9.536646111857918e-001,-3.831326357729063e-001,-2.519549832938043e-001
 8.410000000000000e+000, 7.927895157156167e-001, 1.398674706282830e-001, 2.278172132729701e-002, 9.424074508103684e-001,-3.787216222203586e-001,-2.472154771394090e-001
 8.420000000000000e+000, 7.837269464863784e-001, 1.392558014700245e-001, 2.269008854876499e-002, 9.310975780515025e-001,-3.742523748805959e-001,-2.423659347012248e-001
 8.430000000000000e+000, 7.747592115797064e-001, 1.385948475982466e-001, 2.249904536943874e-002, 9.197566442539727e-001,-3.697408989678878e-001,-2.374156745083965e-001
 8.440000000000000e+000, 7.658798625296708e-001, 1.378948692136739e-001, 2.221522783952481e-002, 9.084018542142951e-001,-3.652017457265514e-001,-2.323829787764542e-001
 8.449999999999999e+000, 7.570745553601916e-001, 1.371723945735472e-001, 2.185168244834733e-002, 8.970457406233533e-001,-3.606472541428151e-001,-2.272942890640985e-001
 8.459999999999999e+000, 7.483254709630010e-001, 1.364472706974880e-001, 2.142643873988468e-002, 8.856968568293399e-001,-3.560875274863835e-001,-2.221813046267500e-001
 8.469999999999999e+000, 7.396158514925910e-001, 1.357377532136030e-001, 2.095993493949376e-002, 8.743609847518730e-001,-3.515300347758629e-001,-2.170754982258933e-001
 8.480000000000000e+000, 7.309333979005868e-001, 1.350568959090297e-001, 2.047134244860887e-002, 8.630430659929754e-001,-3.469788014978258e-001,-2.120030974728892e-001
 8.489999999999998e+000, 7.222727608677589e-001, 1.344116101184851e-001, 1.997458549102944e-002, 8.517497582863550e-001,-3.424339071216296e-001,-2.069832492563024e-001
 8.500000000000000e+000, 7.136365770819080e-001, 1.338029052165803e-001, 1.947589767197192e-002, 8.404909715814445e-001,-3.378920175125805e-001,-2.020274861083771e-001
 8.510000000000000e+000, 7.050353249643809e-001, 1.332263209691902e-001, 1.897361308886004e-002, 8.292798145708205e-001,-3.333481717562357e-001,-1.971385080702710e-001
 8.520000000000000e+000, 6.964872516571155e-001, 1.326731741587552e-001, 1.845888651579989e-002, 8.181325363953336e-001,-3.287980994824826e-001,-1.923098610974369e-001
 8.529999999999999e+000, 6.880180042713785e-001, 1.321322663981177e-001, 1.791642625909250e-002, 8.070687144780107e-001,-3.242398899535979e-001,-1.875277853517045e-001
 8.539999999999999e+000, 6.796584414480651e-001, 1.315917017750343e-001, 1.732598106856013e-002, 7.961105866905176e-001,-3.196747729345850e-001,-1.827745569851392e-001
 8.549999999999999e+000, 6.714407406886587e-001, 1.310415171743542e-001, 1.666548282711109e-002, 7.852818246889373e-001,-3.151079213116119e-001,-1.780327201598328e-001
 8.559999999999999e+000, 6.633944390061123e-001, 1.304762031503852e-001, 1.591478035372670e-002, 7.746064397340967e-001,-3.105492377184775e-001,-1.732892665532948e-001
 8.570000000000000e+000, 6.555435107224101e-001, 1.298949381366099e-001, 1.505827104768782e-002, 7.641074668253468e-001,-3.060128962673755e-001,-1.685376985188304e-001
 8.579999999999998e+000, 6.479052761157340e-001, 1.292995334955598e-001, 1.408673658334332e-002, 7.538051592341014e-001,-3.015153661316749e-001,-1.637764866509527e-001
 8.590000000000000e+000, 6.404921190685172e-001, 1.286925627588720e-001, 1.299932010059281e-002, 7.437158149747163e-001,-2.970724194922936e-001,-1.590057239592759e-001
 8.600000000000000e+000, 6.333152939620732e-001, 1.280768384541986e-001, 1.180545344163967e-002, 7.338522799248834e-001,-2.926960658280126e-001,-1.542249072617971e-001
 8.609999999999999e+000, 6.263881302777585e-001, 1.274547628035272e-001, 1.052610711848081e-002, 7.242250741222774e-001,-2.883934091114278e-001,-1.494322944049178e-001
 8.619999999999999e+000, 6.197276923803413e-001, 1.268274638066187e-001, 9.193406777320574e-003, 7.148434471378696e-001,-2.841680980519534e-001,-1.446275305245889e-001
 8.629999999999999e+000, 6.133569730475310e-001, 1.261953209046409e-001, 7.847631714453440e-003, 7.057174317945011e-001,-2.800226064082073e-001,-1.398187385800347e-001
 8.639999999999999e+000, 6.073091071566028e-001, 1.255592512847255e-001, 6.532320712460031e-003, 6.968607176022355e-001,-2.759596040673403e-001,-1.350285852070055e-001
 8.649999999999999e+000, 6.016318636853261e-001, 1.249211153458827e-001, 5.289339317336318e-003, 6.882928710923275e-001,-2.719821071016285e-001,-1.302948748759460e-001
 8.660000000000000e+000, 5.963894267581335e-001, 1.242837273805657e-001, 4.154165331083560e-003, 6.800404142703421e-001,-2.680935423637547e-001,-1.256679175880030e-001
 8.670000000000000e+000, 5.916607129229698e-001, 1.236513009197628e-001, 3.150968252011697e-003, 6.721367604578878e-001,-2.642988798111058e-001,-1.212061315427085e-001
 8.680000000000000e+000, 5.875340424937656e-001, 1.230299076613364e-001, 2.288854868691367e-003, 6.646208284275510e-001,-2.606068009450329e-001,-1.169693038512240e-001
 8.690000000000000e+000, 5.840968001055492e-001, 1.224274784185637e-001, 1.561020866640804e-003, 6.575346863957547e-001,-2.570321192854911e-001,-1.130115301013203e-001
 8.699999999999999e+000, 5.814219900844408e-001, 1.218525694600878e-001, 9.472654126720231e-004, 6.509206303941727e-001,-2.535968977280192e-001,-1.093755153247634e-001
 8.709999999999999e+000, 5.795558089540400e-001, 1.213119416948483e-001, 4.194332466755458e-004, 6.448177618139376e-001,-2.503293409080664e-001,-1.060877593154772e-001
 8.719999999999999e+000, 5.785063241060603e-001, 1.208092680916315e-001,-5.154155492365897e-005, 6.392588840395046e-001,-2.472612447357041e-001,-1.031571086549067e-001
 8.730000000000000e+000, 5.782335965190067e-001, 1.203460602346260e-001,-4.887096060991862e-004, 6.342688239897683e-001,-2.444243903687916e-001,-1.005797674835450e-001
 8.739999999999998e+000, 5.786468940218446e-001, 1.199230132371503e-001,-9.045833705614182e-004, 6.298633070672062e-001,-2.418463929938353e-001,-9.834651710380918e-002
 8.750000000000000e+000, 5.796125089583021e-001, 1.195404036706051e-001,-1.301607075544298e-003, 6.260462690808473e-001,-2.395478661199293e-001,-9.644472731554503e-002
 8.760000000000000e+000, 5.809768989380464e-001, 1.191994194597381e-001,-1.674949828720183e-003, 6.228264833103785e-001,-2.375521785399036e-001,-9.486625412146098e-002
 8.770000000000000e+000, 5.825464745217116e-001, 1.188989421625757e-001,-2.020905315545916e-003, 6.201449463593349e-001,-2.358468161325966e-001,-9.356803371951881e-002
 8.779999999999999e+000, 5.841783659632466e-001, 1.186320783248716e-001,-2.343970691569454e-003, 6.178613134753802e-001,-2.343658265740315e-001,-9.247103158919189e-002
