Main.Studies.MarkerTracking.t,Main.Studies.MarkerTracking.JointAngleOutputs.OutputFile_RightShoulder.SternoClavicularProtraction,Main.Studies.MarkerTracking.JointAngleOutputs.OutputFile_RightShoulder.ScapulaClavicularElevation,Main.Studies.MarkerTracking.JointAngleOutputs.OutputFile_RightShoulder.SternoClavicularAxialRotation
 5.620000000000000e+000,-3.612831551628261e-001, 3.171057959162864e-001,-3.490658503988658e-001
 5.630000000000000e+000,-3.612831551628267e-001, 3.171057959162882e-001,-3.490658503988668e-001
 5.640000000000000e+000,-3.612831551628261e-001, 3.171057959162897e-001,-3.490658503988651e-001
 5.650000000000000e+000,-3.612831551628267e-001, 3.171057959162933e-001,-3.490658503988674e-001
 5.660000000000000e+000,-3.612831551628261e-001, 3.171057959162851e-001,-3.490658503988658e-001
 5.670000000000000e+000,-3.612831551628267e-001, 3.171057959162862e-001,-3.490658503988661e-001
 5.680000000000000e+000,-3.612831551628267e-001, 3.171057959162864e-001,-3.490658503988651e-001
 5.690000000000000e+000,-3.612831551628254e-001, 3.171057959162780e-001,-3.490658503988648e-001
 5.700000000000000e+000,-3.612831551628267e-001, 3.171057959162864e-001,-3.490658503988658e-001
 5.710000000000000e+000,-3.612831551628258e-001, 3.171057959162877e-001,-3.490658503988661e-001
 5.720000000000000e+000,-3.612831551628261e-001, 3.171057959162853e-001,-3.490658503988658e-001
 5.730000000000000e+000,-3.612831551628261e-001, 3.171057959162837e-001,-3.490658503988661e-001
 5.740000000000000e+000,-3.612831551628261e-001, 3.171057959162906e-001,-3.490658503988658e-001
 5.750000000000000e+000,-3.612831551628267e-001, 3.171057959162935e-001,-3.490658503988658e-001
 5.760000000000000e+000,-3.612831551628264e-001, 3.171057959162809e-001,-3.490658503988655e-001
 5.770000000000001e+000,-3.612831551628267e-001, 3.171057959162904e-001,-3.490658503988658e-001
 5.780000000000000e+000,-3.612831551628267e-001, 3.171057959162866e-001,-3.490658503988658e-001
 5.790000000000000e+000,-3.612831551628261e-001, 3.171057959162860e-001,-3.490658503988661e-001
 5.800000000000000e+000,-3.612831551628261e-001, 3.171057959162866e-001,-3.490658503988668e-001
 5.810000000000001e+000,-3.612831551628261e-001, 3.171057959162800e-001,-3.490658503988668e-001
 5.820000000000000e+000,-3.612831551628254e-001, 3.171057959162882e-001,-3.490658503988651e-001
 5.830000000000000e+000,-3.612831551628254e-001, 3.171057959162846e-001,-3.490658503988658e-001
 5.840000000000000e+000,-3.612831551628261e-001, 3.171057959162911e-001,-3.490658503988661e-001
 5.850000000000000e+000,-3.612831551628264e-001, 3.171057959162851e-001,-3.490658503988655e-001
 5.860000000000000e+000,-3.612831551628267e-001, 3.171057959162873e-001,-3.490658503988658e-001
 5.870000000000000e+000,-3.612831551628261e-001, 3.171057959162886e-001,-3.490658503988661e-001
 5.880000000000000e+000,-3.612831551628264e-001, 3.171057959162871e-001,-3.490658503988668e-001
 5.890000000000000e+000,-3.612831551628261e-001, 3.171057959162851e-001,-3.490658503988668e-001
 5.900000000000000e+000,-3.612831551628261e-001, 3.171057959162869e-001,-3.490658503988661e-001
 5.910000000000000e+000,-3.612831551628267e-001, 3.171057959162851e-001,-3.490658503988658e-001
 5.920000000000000e+000,-3.612831551628261e-001, 3.171057959162922e-001,-3.490658503988661e-001
 5.930000000000000e+000,-3.612831551628261e-001, 3.171057959162842e-001,-3.490658503988651e-001
 5.940000000000000e+000,-3.612831551628261e-001, 3.171057959162797e-001,-3.490658503988668e-001
 5.950000000000000e+000,-3.612831551628261e-001, 3.171057959162855e-001,-3.490658503988658e-001
 5.960000000000000e+000,-3.612831551628248e-001, 3.171057959162840e-001,-3.490658503988661e-001
 5.970000000000000e+000,-3.612831551579125e-001, 3.171057959176373e-001,-3.490658503987658e-001
 5.980000000000000e+000,-3.612831544162348e-001, 3.171057961480752e-001,-3.490658503821995e-001
 5.990000000000000e+000,-3.612831336778921e-001, 3.171058032839782e-001,-3.490658498827418e-001
 6.000000000000000e+000,-3.612829158379866e-001, 3.171058850196045e-001,-3.490658442810541e-001
 6.010000000000000e+000,-3.612816795980137e-001, 3.171063840854145e-001,-3.490658106432146e-001
 6.020000000000000e+000,-3.612770122881955e-001, 3.171083867466560e-001,-3.490656774186726e-001
 6.030000000000000e+000,-3.612637025100299e-001, 3.171143891541233e-001,-3.490652821571880e-001
 6.040000000000000e+000,-3.612326238404255e-001, 3.171289717640702e-001,-3.490643292992160e-001
 6.050000000000000e+000,-3.611699912347003e-001, 3.171592854091396e-001,-3.490623600379723e-001
 6.060000000000000e+000,-3.610572075895674e-001, 3.172152171824754e-001,-3.490587424893518e-001
 6.070000000000000e+000,-3.608715811613202e-001, 3.173091490365227e-001,-3.490526884418050e-001
 6.080000000000000e+000,-3.605883063571017e-001, 3.174552180214088e-001,-3.490433038422143e-001
 6.090000000000000e+000,-3.601840670124437e-001, 3.176679713514077e-001,-3.490296808202760e-001
 6.100000000000000e+000,-3.596422260381496e-001, 3.179603512648286e-001,-3.490110345393468e-001
 6.110000000000000e+000,-3.589587169971740e-001, 3.183411066716726e-001,-3.489868746254027e-001
 6.120000000000000e+000,-3.581467301385197e-001, 3.188120277268194e-001,-3.489571790843211e-001
 6.130000000000000e+000,-3.572378143773434e-001, 3.193657495973730e-001,-3.489225172832118e-001
 6.140000000000000e+000,-3.562778678897857e-001, 3.199850654655625e-001,-3.488840632953124e-001
 6.150000000000000e+000,-3.553186565624390e-001, 3.206444828912618e-001,-3.488434645993345e-001
 6.160000000000000e+000,-3.544077538116564e-001, 3.213140267413848e-001,-3.488025830791298e-001
 6.170000000000000e+000,-3.535804096606199e-001, 3.219643247908079e-001,-3.487631451074111e-001
 6.180000000000000e+000,-3.528564867672504e-001, 3.225711199132029e-001,-3.487266243224930e-001
 6.190000000000000e+000,-3.522406736498362e-001, 3.231184129319682e-001,-3.486938710607015e-001
 6.200000000000000e+000,-3.517267711689556e-001, 3.235989097848866e-001,-3.486652487207967e-001
 6.210000000000000e+000,-3.513022826666686e-001, 3.240127729791429e-001,-3.486406905269920e-001
 6.220000000000000e+000,-3.509524637537557e-001, 3.243653314255903e-001,-3.486198416321081e-001
 6.230000000000000e+000,-3.506630238814714e-001, 3.246647072780953e-001,-3.486021984159985e-001
 6.240000000000000e+000,-3.504215037140447e-001, 3.249199655392308e-001,-3.485872135979020e-001
 6.250000000000000e+000,-3.502177264517623e-001, 3.251399641177375e-001,-3.485743600247574e-001
 6.260000000000000e+000,-3.500437115898393e-001, 3.253327621309747e-001,-3.485631624528690e-001
 6.270000000000000e+000,-3.498932930270805e-001, 3.255053742018124e-001,-3.485532094716363e-001
 6.280000000000000e+000,-3.497616526916309e-001, 3.256637382778242e-001,-3.485441535377608e-001
 6.290000000000000e+000,-3.496449323184017e-001, 3.258127919758458e-001,-3.485357054769355e-001
 6.300000000000000e+000,-3.495399392689021e-001, 3.259565437121350e-001,-3.485276294648005e-001
 6.310000000000000e+000,-3.494439330372914e-001, 3.260980928727981e-001,-3.485197408655225e-001
 6.320000000000000e+000,-3.493545202198720e-001, 3.262396413595567e-001,-3.485119050212303e-001
 6.330000000000000e+000,-3.492696228522526e-001, 3.263825443005932e-001,-3.485040343951827e-001
 6.340000000000000e+000,-3.491874578525879e-001, 3.265274265250397e-001,-3.484960823332808e-001
 6.350000000000000e+000,-3.491065323248428e-001, 3.266743714774592e-001,-3.484880331245009e-001
 6.359999999999999e+000,-3.490256418886399e-001, 3.268231201633485e-001,-3.484798915121499e-001
 6.370000000000000e+000,-3.489438333811048e-001, 3.269732122750442e-001,-3.484716749191372e-001
 6.380000000000000e+000,-3.488603725883174e-001, 3.271240797617778e-001,-3.484634081216760e-001
 6.390000000000000e+000,-3.487747542511741e-001, 3.272751081619956e-001,-3.484551198713261e-001
 6.400000000000000e+000,-3.486867135264970e-001, 3.274256696680424e-001,-3.484468410863102e-001
 6.410000000000000e+000,-3.485962281593840e-001, 3.275751737940977e-001,-3.484386022047549e-001
 6.420000000000000e+000,-3.485035426638175e-001, 3.277231464146531e-001,-3.484304292847647e-001
 6.430000000000000e+000,-3.484091738256490e-001, 3.278692756654007e-001,-3.484223417004920e-001
 6.440000000000000e+000,-3.483138281567813e-001, 3.280134219990554e-001,-3.484143511254413e-001
 6.450000000000000e+000,-3.482182868271285e-001, 3.281556663348284e-001,-3.484064583621355e-001
 6.460000000000000e+000,-3.481233584741754e-001, 3.282963828396808e-001,-3.483986493379868e-001
 6.470000000000000e+000,-3.480298747100097e-001, 3.284362331058444e-001,-3.483908953985744e-001
 6.480000000000000e+000,-3.479386622953747e-001, 3.285760656243189e-001,-3.483831583068831e-001
 6.490000000000000e+000,-3.478505079599253e-001, 3.287167926162968e-001,-3.483753963298787e-001
 6.500000000000000e+000,-3.477661564884739e-001, 3.288592768350775e-001,-3.483675699717317e-001
 6.510000000000000e+000,-3.476863350659254e-001, 3.290042305547898e-001,-3.483596472451078e-001
 6.520000000000000e+000,-3.476117655636723e-001, 3.291521377279896e-001,-3.483516077343817e-001
 6.529999999999999e+000,-3.475431676845852e-001, 3.293031873949448e-001,-3.483434460488433e-001
 6.540000000000000e+000,-3.474812996061253e-001, 3.294572148291814e-001,-3.483351750830784e-001
 6.550000000000000e+000,-3.474270130616818e-001, 3.296137058779398e-001,-3.483268261025874e-001
 6.560000000000000e+000,-3.473812515428862e-001, 3.297718826673106e-001,-3.483184443164320e-001
 6.570000000000000e+000,-3.473450045208369e-001, 3.299307810061527e-001,-3.483100846229120e-001
 6.580000000000000e+000,-3.473192649519161e-001, 3.300892672315379e-001,-3.483018104912146e-001
 6.590000000000000e+000,-3.473049976547059e-001, 3.302460544662962e-001,-3.482936929500651e-001
 6.600000000000000e+000,-3.473031106841216e-001, 3.303997612080571e-001,-3.482858074287643e-001
 6.609999999999999e+000,-3.473144073197933e-001, 3.305489837989033e-001,-3.482782297778058e-001
 6.620000000000000e+000,-3.473395520876386e-001, 3.306923618744420e-001,-3.482710327549862e-001
 6.630000000000000e+000,-3.473791247541455e-001, 3.308286427956386e-001,-3.482642830948894e-001
 6.640000000000000e+000,-3.474337020374417e-001, 3.309567393001280e-001,-3.482580390739195e-001
 6.650000000000000e+000,-3.475038516313724e-001, 3.310757761812475e-001,-3.482523481197332e-001
 6.660000000000000e+000,-3.475900493290788e-001, 3.311851173469780e-001,-3.482472449784969e-001
 6.670000000000000e+000,-3.476925651076040e-001, 3.312843698828472e-001,-3.482427508584462e-001
 6.680000000000000e+000,-3.478113495698086e-001, 3.313734058446893e-001,-3.482388716765322e-001
 6.690000000000000e+000,-3.479459924521838e-001, 3.314523896911834e-001,-3.482355964570705e-001
 6.699999999999999e+000,-3.480957034158515e-001, 3.315217403232684e-001,-3.482328991457343e-001
 6.710000000000000e+000,-3.482591439485704e-001, 3.315820798042080e-001,-3.482307401649706e-001
 6.720000000000000e+000,-3.484342028533549e-001, 3.316342757861182e-001,-3.482290628812958e-001
 6.730000000000000e+000,-3.486179852213458e-001, 3.316795137306996e-001,-3.482277898401250e-001
 6.740000000000000e+000,-3.488069745211286e-001, 3.317192766398358e-001,-3.482268247171724e-001
 6.750000000000000e+000,-3.489972505126470e-001, 3.317552427689106e-001,-3.482260588152019e-001
 6.760000000000000e+000,-3.491849025894334e-001, 3.317891294856681e-001,-3.482253815236803e-001
 6.770000000000000e+000,-3.493665694167772e-001, 3.318224801326546e-001,-3.482246943943151e-001
 6.779999999999999e+000,-3.495397332663950e-001, 3.318564710592347e-001,-3.482239226632938e-001
 6.790000000000000e+000,-3.497026761935330e-001, 3.318918357626481e-001,-3.482230188042753e-001
 6.800000000000000e+000,-3.498543099548344e-001, 3.319289152556946e-001,-3.482219589476803e-001
 6.810000000000000e+000,-3.499940217208233e-001, 3.319677603536988e-001,-3.482207367684434e-001
 6.820000000000000e+000,-3.501215472269708e-001, 3.320081958036116e-001,-3.482193594617606e-001
 6.830000000000000e+000,-3.502368441467178e-001, 3.320498431606542e-001,-3.482178458032501e-001
 6.840000000000000e+000,-3.503399585876463e-001, 3.320921787056330e-001,-3.482162223962385e-001
 6.850000000000000e+000,-3.504309158313524e-001, 3.321346623770325e-001,-3.482145164716756e-001
 6.859999999999999e+000,-3.505096659554873e-001, 3.321769120311866e-001,-3.482127467259452e-001
 6.870000000000000e+000,-3.505760774605930e-001, 3.322188654628109e-001,-3.482109150958190e-001
 6.880000000000000e+000,-3.506299932526436e-001, 3.322608078867568e-001,-3.482090057800854e-001
 6.890000000000000e+000,-3.506714012927582e-001, 3.323031626266904e-001,-3.482069969929189e-001
 6.900000000000000e+000,-3.507006400788754e-001, 3.323461648854820e-001,-3.482048788747916e-001
 6.910000000000000e+000,-3.507184659485632e-001, 3.323896689162467e-001,-3.482026638239902e-001
 6.920000000000000e+000,-3.507259818540316e-001, 3.324331435269972e-001,-3.482003864253653e-001
 6.930000000000000e+000,-3.507245467542354e-001, 3.324757474099738e-001,-3.481980991416418e-001
 6.940000000000000e+000,-3.507157031090133e-001, 3.325164955503936e-001,-3.481958633154731e-001
 6.950000000000000e+000,-3.507010819500025e-001, 3.325545640779419e-001,-3.481937327305946e-001
 6.960000000000000e+000,-3.506822510729384e-001, 3.325895385375439e-001,-3.481917396193430e-001
 6.970000000000000e+000,-3.506605634282478e-001, 3.326213867582264e-001,-3.481898949174528e-001
 6.980000000000000e+000,-3.506371072292474e-001, 3.326502592979608e-001,-3.481881981528542e-001
 6.990000000000000e+000,-3.506127509209334e-001, 3.326763148374412e-001,-3.481866466938326e-001
 7.000000000000000e+000,-3.505882028870159e-001, 3.326996188933507e-001,-3.481852413472331e-001
 7.010000000000000e+000,-3.505640345942758e-001, 3.327201378538200e-001,-3.481839869027316e-001
 7.020000000000000e+000,-3.505406492602117e-001, 3.327378292609085e-001,-3.481828874639960e-001
 7.029999999999999e+000,-3.505182565603770e-001, 3.327526958612812e-001,-3.481819436335372e-001
 7.040000000000000e+000,-3.504969431744311e-001, 3.327646877703656e-001,-3.481811579500710e-001
 7.050000000000000e+000,-3.504768015245486e-001, 3.327735447095575e-001,-3.481805436859949e-001
 7.060000000000000e+000,-3.504580184088794e-001, 3.327787329616170e-001,-3.481801285780201e-001
 7.070000000000000e+000,-3.504408950272902e-001, 3.327795107138414e-001,-3.481799516308395e-001
 7.080000000000000e+000,-3.504257889594176e-001, 3.327750749574610e-001,-3.481800553254072e-001
 7.090000000000000e+000,-3.504129986913009e-001, 3.327647280201096e-001,-3.481804764953661e-001
 7.100000000000000e+000,-3.504026840524576e-001, 3.327480071774818e-001,-3.481812392930364e-001
 7.109999999999999e+000,-3.503948642831802e-001, 3.327247463218026e-001,-3.481823520513553e-001
 7.119999999999999e+000,-3.503894289025924e-001, 3.326950768435335e-001,-3.481838072813867e-001
 7.130000000000000e+000,-3.503861285287414e-001, 3.326594191771477e-001,-3.481855820317495e-001
 7.140000000000000e+000,-3.503845997587037e-001, 3.326184942643802e-001,-3.481876374640345e-001
 7.150000000000000e+000,-3.503844442502516e-001, 3.325732916504218e-001,-3.481899209280921e-001
 7.160000000000000e+000,-3.503853021519054e-001, 3.325249324038990e-001,-3.481923733065059e-001
 7.170000000000000e+000,-3.503868741644852e-001, 3.324744890793470e-001,-3.481949382488200e-001
 7.180000000000000e+000,-3.503888978487690e-001, 3.324228867505994e-001,-3.481975670458838e-001
 7.190000000000000e+000,-3.503911178173254e-001, 3.323709203985807e-001,-3.482002175641317e-001
 7.199999999999999e+000,-3.503932983151094e-001, 3.323193173928867e-001,-3.482028511469859e-001
 7.210000000000000e+000,-3.503952700950045e-001, 3.322687750729567e-001,-3.482054310040535e-001
 7.220000000000000e+000,-3.503969633698095e-001, 3.322199536352357e-001,-3.482079228032208e-001
 7.230000000000000e+000,-3.503984132988973e-001, 3.321734368693243e-001,-3.482102967259016e-001
 7.239999999999999e+000,-3.503997471998519e-001, 3.321296981779471e-001,-3.482125291236063e-001
 7.250000000000000e+000,-3.504011540154161e-001, 3.320890975144861e-001,-3.482146024940535e-001
 7.260000000000000e+000,-3.504028375857852e-001, 3.320518950126055e-001,-3.482165045283230e-001
 7.270000000000000e+000,-3.504049661630540e-001, 3.320182640917562e-001,-3.482182271665710e-001
 7.279999999999999e+000,-3.504076390846360e-001, 3.319883049944408e-001,-3.482197657271690e-001
 7.290000000000000e+000,-3.504108825763299e-001, 3.319620658125231e-001,-3.482211178278796e-001
 7.300000000000000e+000,-3.504146640389816e-001, 3.319395743812899e-001,-3.482222818578655e-001
 7.310000000000000e+000,-3.504189089345048e-001, 3.319208662107305e-001,-3.482232556470267e-001
 7.319999999999999e+000,-3.504235214236898e-001, 3.319059927169092e-001,-3.482240361486854e-001
 7.330000000000000e+000,-3.504284144158703e-001, 3.318950126601790e-001,-3.482246200368916e-001
 7.340000000000000e+000,-3.504335354028819e-001, 3.318879640879568e-001,-3.482250052761956e-001
 7.350000000000000e+000,-3.504388693373983e-001, 3.318848100381699e-001,-3.482251938952060e-001
 7.359999999999999e+000,-3.504444216585749e-001, 3.318853874827141e-001,-3.482251944842140e-001
 7.369999999999999e+000,-3.504502027930846e-001, 3.318894033121957e-001,-3.482250223067999e-001
 7.380000000000000e+000,-3.504570555939173e-001, 3.318968088126579e-001,-3.482249121202998e-001
 7.390000000000000e+000,-3.504633715022276e-001, 3.319064782278185e-001,-3.482244226313587e-001
 7.400000000000000e+000,-3.504693237883110e-001, 3.319177871624948e-001,-3.482236927958614e-001
 7.410000000000000e+000,-3.504765797154059e-001, 3.319311251301742e-001,-3.482230609181772e-001
 7.420000000000000e+000,-3.504844441299657e-001, 3.319458576724796e-001,-3.482223635706098e-001
 7.430000000000000e+000,-3.504929851502368e-001, 3.319619683893720e-001,-3.482216021348407e-001
 7.440000000000000e+000,-3.505022356077278e-001, 3.319796652582234e-001,-3.482207663281657e-001
 7.449999999999999e+000,-3.505122078289004e-001, 3.319993264822978e-001,-3.482198370689147e-001
 7.460000000000000e+000,-3.505229214897427e-001, 3.320214170115055e-001,-3.482187908977386e-001
 7.470000000000000e+000,-3.505344228421450e-001, 3.320464147236737e-001,-3.482176038696804e-001
 7.480000000000000e+000,-3.505467716058753e-001, 3.320747634145607e-001,-3.482162538990712e-001
 7.490000000000000e+000,-3.505600152654110e-001, 3.321068181195632e-001,-3.482147233909657e-001
 7.500000000000000e+000,-3.505741979106398e-001, 3.321427695927177e-001,-3.482130030845944e-001
 7.510000000000000e+000,-3.505893990017008e-001, 3.321825751836298e-001,-3.482110957353943e-001
 7.520000000000000e+000,-3.506057647059525e-001, 3.322259128873020e-001,-3.482090186123900e-001
 7.529999999999999e+000,-3.506235276396754e-001, 3.322721597466669e-001,-3.482068047371191e-001
 7.540000000000000e+000,-3.506430183371305e-001, 3.323203826020276e-001,-3.482045034683599e-001
 7.550000000000000e+000,-3.506646501413545e-001, 3.323693357177631e-001,-3.482021805580847e-001
 7.560000000000000e+000,-3.506888645959077e-001, 3.324175448965967e-001,-3.481999135536329e-001
 7.569999999999999e+000,-3.507160433492840e-001, 3.324635782023346e-001,-3.481977775448298e-001
 7.580000000000000e+000,-3.507464181416566e-001, 3.325063796473935e-001,-3.481958277254772e-001
 7.590000000000000e+000,-3.507800232682025e-001, 3.325453983514881e-001,-3.481940925597027e-001
 7.600000000000000e+000,-3.508166928957096e-001, 3.325804923044438e-001,-3.481925786127251e-001
 7.609999999999999e+000,-3.508560685530759e-001, 3.326118053285290e-001,-3.481912767906492e-001
 7.619999999999999e+000,-3.508976041095758e-001, 3.326397002178967e-001,-3.481901657167680e-001
 7.629999999999999e+000,-3.509405784973299e-001, 3.326646971156586e-001,-3.481892148839542e-001
 7.640000000000000e+000,-3.509841357657177e-001, 3.326873961294452e-001,-3.481883887615344e-001
 7.650000000000000e+000,-3.510273620244633e-001, 3.327084114382151e-001,-3.481876505346583e-001
 7.660000000000000e+000,-3.510693652814816e-001, 3.327283312395974e-001,-3.481869645468634e-001
 7.670000000000000e+000,-3.511093348497318e-001, 3.327476806566247e-001,-3.481862984608393e-001
 7.680000000000000e+000,-3.511466006237385e-001, 3.327668556713281e-001,-3.481856268915801e-001
 7.690000000000000e+000,-3.511806908768656e-001, 3.327860285195365e-001,-3.481849365868533e-001
 7.699999999999999e+000,-3.512113683963687e-001, 3.328050533348801e-001,-3.481842317058015e-001
 7.709999999999999e+000,-3.512386557004278e-001, 3.328234094571605e-001,-3.481835372540282e-001
 7.720000000000000e+000,-3.512628464658583e-001, 3.328402417059668e-001,-3.481828973551399e-001
 7.730000000000000e+000,-3.512844501782098e-001, 3.328545450243274e-001,-3.481823655444091e-001
 7.740000000000000e+000,-3.513040676489792e-001, 3.328654187029183e-001,-3.481819910064337e-001
 7.750000000000000e+000,-3.513222791222775e-001, 3.328722247651588e-001,-3.481818097673539e-001
 7.760000000000000e+000,-3.513395940822688e-001, 3.328746069267641e-001,-3.481818433676015e-001
 7.770000000000000e+000,-3.513564512791507e-001, 3.328724690164771e-001,-3.481820998916161e-001
 7.779999999999999e+000,-3.513732476940686e-001, 3.328659570971828e-001,-3.481825749767219e-001
 7.789999999999999e+000,-3.513903763245440e-001, 3.328554283185814e-001,-3.481832535691021e-001
 7.800000000000000e+000,-3.514082595467920e-001, 3.328414420147703e-001,-3.481841105340536e-001
 7.810000000000000e+000,-3.514273617003505e-001, 3.328247883194022e-001,-3.481851092165632e-001
 7.820000000000000e+000,-3.514481662693862e-001, 3.328064936649320e-001,-3.481862009616195e-001
 7.830000000000000e+000,-3.514711431762012e-001, 3.327877706547149e-001,-3.481873274183673e-001
 7.840000000000000e+000,-3.514967438525937e-001, 3.327699406835478e-001,-3.481884243892281e-001
 7.850000000000000e+000,-3.515253988044906e-001, 3.327543528850707e-001,-3.481894258919733e-001
 7.859999999999999e+000,-3.515574514980921e-001, 3.327423012272910e-001,-3.481902680045914e-001
 7.869999999999999e+000,-3.515930276857253e-001, 3.327349909113024e-001,-3.481908898826163e-001
 7.880000000000000e+000,-3.516319046408885e-001, 3.327336447563860e-001,-3.481912276555427e-001
 7.890000000000000e+000,-3.516734205884584e-001, 3.327396982659909e-001,-3.481912040014363e-001
 7.900000000000000e+000,-3.517164530881070e-001, 3.327548723222595e-001,-3.481907243305937e-001
 7.910000000000000e+000,-3.517595632655000e-001, 3.327809443177261e-001,-3.481896893445638e-001
 7.920000000000000e+000,-3.518013848955353e-001, 3.328192102456056e-001,-3.481880248097150e-001
 7.930000000000000e+000,-3.518410663433119e-001, 3.328699401238353e-001,-3.481857119167258e-001
 7.940000000000000e+000,-3.518784589514632e-001, 3.329322108928663e-001,-3.481827968430323e-001
 7.949999999999999e+000,-3.519140726703457e-001, 3.330040898662201e-001,-3.481793810848199e-001
 7.959999999999999e+000,-3.519489318893639e-001, 3.330829479597053e-001,-3.481756046062625e-001
 7.969999999999999e+000,-3.519843184021050e-001, 3.331658165249527e-001,-3.481716261038477e-001
 7.980000000000000e+000,-3.520215168646896e-001, 3.332496486696910e-001,-3.481676081709855e-001
 7.989999999999999e+000,-3.520617060694773e-001, 3.333313864016676e-001,-3.481637132802711e-001
 8.000000000000000e+000,-3.521059421634124e-001, 3.334078786892967e-001,-3.481601080131397e-001
 8.010000000000000e+000,-3.521551657254417e-001, 3.334756810875341e-001,-3.481569735590495e-001
 8.020000000000000e+000,-3.522102347987985e-001, 3.335308128575829e-001,-3.481545185687914e-001
 8.029999999999999e+000,-3.522719721399763e-001, 3.335685690136681e-001,-3.481529893017156e-001
 8.039999999999999e+000,-3.523411858422405e-001, 3.335833640386670e-001,-3.481526780147897e-001
 8.049999999999999e+000,-3.524186386014965e-001, 3.335685771202999e-001,-3.481539309760452e-001
 8.059999999999999e+000,-3.525049953467191e-001, 3.335164660180026e-001,-3.481571528375174e-001
 8.070000000000000e+000,-3.526008146391370e-001, 3.334182262576635e-001,-3.481628038455485e-001
 8.080000000000000e+000,-3.527066259818090e-001, 3.332642036453699e-001,-3.481713897594582e-001
 8.090000000000000e+000,-3.528230958632039e-001, 3.330441825888360e-001,-3.481834484480461e-001
 8.100000000000000e+000,-3.529512927889326e-001, 3.327476442166799e-001,-3.481995385364639e-001
 8.109999999999999e+000,-3.530931043618499e-001, 3.323639414224873e-001,-3.482202329311422e-001
 8.119999999999999e+000,-3.532519289889111e-001, 3.318823407623890e-001,-3.482461203163631e-001
 8.129999999999999e+000,-3.534337006255168e-001, 3.312919693369010e-001,-3.482778129570063e-001
 8.140000000000001e+000,-3.536479154707916e-001, 3.305821791400767e-001,-3.483159327867159e-001
 8.149999999999999e+000,-3.539080052244117e-001, 3.297441529622243e-001,-3.483610298774473e-001
 8.160000000000000e+000,-3.542305011587514e-001, 3.287740803920121e-001,-3.484134129414614e-001
 8.170000000000000e+000,-3.546326154304490e-001, 3.276773753454294e-001,-3.484729160866938e-001
 8.180000000000000e+000,-3.551280593693458e-001, 3.264726820316386e-001,-3.485386644195704e-001
 8.190000000000000e+000,-3.557215898414031e-001, 3.251939376759716e-001,-3.486089305716619e-001
 8.199999999999999e+000,-3.564038937752542e-001, 3.238888679003895e-001,-3.486811770521496e-001
 8.209999999999999e+000,-3.571491624961727e-001, 3.226133482845108e-001,-3.487523307588069e-001
 8.219999999999999e+000,-3.579173103048510e-001, 3.214228212969794e-001,-3.488192427051302e-001
 8.230000000000000e+000,-3.586611180499255e-001, 3.203633748904822e-001,-3.488792000721613e-001
 8.239999999999998e+000,-3.593361993909527e-001, 3.194652440453860e-001,-3.489303320327875e-001
 8.250000000000000e+000,-3.599100570676295e-001, 3.187403623783871e-001,-3.489717984779898e-001
 8.260000000000000e+000,-3.603669662117262e-001, 3.181839086414660e-001,-3.490037423639185e-001
 8.270000000000000e+000,-3.607076794275224e-001, 3.177785102273807e-001,-3.490270690640646e-001
 8.279999999999999e+000,-3.609452975475200e-001, 3.174993814464031e-001,-3.490431517316284e-001
 8.289999999999999e+000,-3.610996810975480e-001, 3.173190447906720e-001,-3.490535488152866e-001
 8.299999999999999e+000,-3.611923935531344e-001, 3.172109474111535e-001,-3.490597825489512e-001
 8.309999999999999e+000,-3.612431617604406e-001, 3.171518419786876e-001,-3.490631916462653e-001
 8.320000000000000e+000,-3.612679654029538e-001, 3.171230884378016e-001,-3.490648508142032e-001
 8.330000000000000e+000,-3.612784199571287e-001, 3.171110891020772e-001,-3.490655438814249e-001
 8.340000000000000e+000,-3.612820307405301e-001, 3.171070191940664e-001,-3.490657793691983e-001
 8.350000000000000e+000,-3.612829744766655e-001, 3.171059851789830e-001,-3.490658393664303e-001
 8.359999999999999e+000,-3.612831390443575e-001, 3.171058119666830e-001,-3.490658494581883e-001
 8.369999999999999e+000,-3.612831546042395e-001, 3.171057964373814e-001,-3.490658503681076e-001
 8.379999999999999e+000,-3.612831551591443e-001, 3.171057959195780e-001,-3.490658503986766e-001
 8.390000000000001e+000,-3.612831551628254e-001, 3.171057959164212e-001,-3.490658503988658e-001
 8.399999999999999e+000,-3.612831551628264e-001, 3.171057959164298e-001,-3.490658503988655e-001
 8.410000000000000e+000,-3.612831551628261e-001, 3.171057959164350e-001,-3.490658503988661e-001
 8.420000000000000e+000,-3.612831551628267e-001, 3.171057959164432e-001,-3.490658503988661e-001
 8.430000000000000e+000,-3.612831551628264e-001, 3.171057959164432e-001,-3.490658503988655e-001
 8.440000000000000e+000,-3.612831551628261e-001, 3.171057959164418e-001,-3.490658503988658e-001
 8.449999999999999e+000,-3.612831551628264e-001, 3.171057959164498e-001,-3.490658503988655e-001
 8.459999999999999e+000,-3.612831551628264e-001, 3.171057959164574e-001,-3.490658503988655e-001
 8.469999999999999e+000,-3.612831551628261e-001, 3.171057959164496e-001,-3.490658503988665e-001
 8.480000000000000e+000,-3.612831551628270e-001, 3.171057959164563e-001,-3.490658503988668e-001
 8.489999999999998e+000,-3.612831551628267e-001, 3.171057959164563e-001,-3.490658503988658e-001
 8.500000000000000e+000,-3.612831551628261e-001, 3.171057959164543e-001,-3.490658503988658e-001
 8.510000000000000e+000,-3.612831551628267e-001, 3.171057959164503e-001,-3.490658503988658e-001
 8.520000000000000e+000,-3.612831551628264e-001, 3.171057959164512e-001,-3.490658503988655e-001
 8.529999999999999e+000,-3.612831551628267e-001, 3.171057959164492e-001,-3.490658503988658e-001
 8.539999999999999e+000,-3.612831551628261e-001, 3.171057959164454e-001,-3.490658503988668e-001
 8.549999999999999e+000,-3.612831551628267e-001, 3.171057959164365e-001,-3.490658503988674e-001
 8.559999999999999e+000,-3.612831551628261e-001, 3.171057959164256e-001,-3.490658503988645e-001
 8.570000000000000e+000,-3.612831551628264e-001, 3.171057959164214e-001,-3.490658503988661e-001
 8.579999999999998e+000,-3.612831551628261e-001, 3.171057959164192e-001,-3.490658503988651e-001
 8.590000000000000e+000,-3.612831551628261e-001, 3.171057959164032e-001,-3.490658503988658e-001
 8.600000000000000e+000,-3.612831551628261e-001, 3.171057959163914e-001,-3.490658503988658e-001
 8.609999999999999e+000,-3.612831551628254e-001, 3.171057959163819e-001,-3.490658503988645e-001
 8.619999999999999e+000,-3.612831551628261e-001, 3.171057959163761e-001,-3.490658503988651e-001
 8.629999999999999e+000,-3.612831551628261e-001, 3.171057959163663e-001,-3.490658503988658e-001
 8.639999999999999e+000,-3.612831551628261e-001, 3.171057959163499e-001,-3.490658503988658e-001
 8.649999999999999e+000,-3.612831551628267e-001, 3.171057959163439e-001,-3.490658503988674e-001
 8.660000000000000e+000,-3.612831551628261e-001, 3.171057959162824e-001,-3.490658503988661e-001
 8.670000000000000e+000,-3.612831551628261e-001, 3.171057959162806e-001,-3.490658503988658e-001
 8.680000000000000e+000,-3.612831551628261e-001, 3.171057959162875e-001,-3.490658503988668e-001
 8.690000000000000e+000,-3.612831551628270e-001, 3.171057959162877e-001,-3.490658503988661e-001
 8.699999999999999e+000,-3.612831551628267e-001, 3.171057959162931e-001,-3.490658503988665e-001
 8.709999999999999e+000,-3.612831551628267e-001, 3.171057959162924e-001,-3.490658503988665e-001
 8.719999999999999e+000,-3.612831551628261e-001, 3.171057959162966e-001,-3.490658503988658e-001
 8.730000000000000e+000,-3.612831551628261e-001, 3.171057959162908e-001,-3.490658503988661e-001
 8.739999999999998e+000,-3.612831551628267e-001, 3.171057959162931e-001,-3.490658503988661e-001
 8.750000000000000e+000,-3.612831551628261e-001, 3.171057959162897e-001,-3.490658503988668e-001
 8.760000000000000e+000,-3.612831551628261e-001, 3.171057959162889e-001,-3.490658503988661e-001
 8.770000000000000e+000,-3.612831551628267e-001, 3.171057959162857e-001,-3.490658503988671e-001
 8.779999999999999e+000,-3.612831551628267e-001, 3.171057959162897e-001,-3.490658503988655e-001
