Main.Studies.MarkerTracking.t,Main.Studies.MarkerTracking.JointAngleOutputs.OutputFile_LeftShoulder.SternoClavicularProtraction,Main.Studies.MarkerTracking.JointAngleOutputs.OutputFile_LeftShoulder.ScapulaClavicularElevation,Main.Studies.MarkerTracking.JointAngleOutputs.OutputFile_LeftShoulder.SternoClavicularAxialRotation
 5.620000000000000e+000,-3.509184835559900e-001,-3.195422945334554e-001,-3.487382765644251e-001
 5.630000000000000e+000,-3.509663737334255e-001,-3.198474821356450e-001,-3.487180727489174e-001
 5.640000000000000e+000,-3.510140467569611e-001,-3.201511744045837e-001,-3.486979465572010e-001
 5.650000000000000e+000,-3.510607631872344e-001,-3.204495705159360e-001,-3.486781357538189e-001
 5.660000000000000e+000,-3.511053559654973e-001,-3.207372830780471e-001,-3.486589854615219e-001
 5.670000000000000e+000,-3.511468054471932e-001,-3.210100904890714e-001,-3.486407651408713e-001
 5.680000000000000e+000,-3.511837276600330e-001,-3.212635913846067e-001,-3.486237557905630e-001
 5.690000000000000e+000,-3.512147277768487e-001,-3.214939775129944e-001,-3.486081995880894e-001
 5.700000000000000e+000,-3.512384434719505e-001,-3.216981306792064e-001,-3.485942943764109e-001
 5.710000000000000e+000,-3.512536673829545e-001,-3.218737372608520e-001,-3.485821873990279e-001
 5.720000000000000e+000,-3.512594902304392e-001,-3.220193457993075e-001,-3.485719732311099e-001
 5.730000000000000e+000,-3.512554058812082e-001,-3.221343887484132e-001,-3.485636933312077e-001
 5.740000000000000e+000,-3.512413332836055e-001,-3.222191717283427e-001,-3.485573361031252e-001
 5.750000000000000e+000,-3.512175792777670e-001,-3.222747883325290e-001,-3.485528408884106e-001
 5.760000000000000e+000,-3.511847587542650e-001,-3.223029701204283e-001,-3.485501061546421e-001
 5.770000000000001e+000,-3.511436680959851e-001,-3.223059410470954e-001,-3.485489974700364e-001
 5.780000000000000e+000,-3.510951589101169e-001,-3.222862771665909e-001,-3.485493555699148e-001
 5.790000000000000e+000,-3.510400692625465e-001,-3.222467327258702e-001,-3.485510076431723e-001
 5.800000000000000e+000,-3.509792091340632e-001,-3.221900713782926e-001,-3.485537789863080e-001
 5.810000000000001e+000,-3.509133551433244e-001,-3.221189724115630e-001,-3.485574993920000e-001
 5.820000000000000e+000,-3.508431933762027e-001,-3.220359995516775e-001,-3.485620043177232e-001
 5.830000000000000e+000,-3.507691812876345e-001,-3.219435771498316e-001,-3.485671346373960e-001
 5.840000000000000e+000,-3.506913970527534e-001,-3.218439686072090e-001,-3.485727364314742e-001
 5.850000000000000e+000,-3.506094756743283e-001,-3.217392438613320e-001,-3.485786627830677e-001
 5.860000000000000e+000,-3.505226434574724e-001,-3.216311999986852e-001,-3.485847800812833e-001
 5.870000000000000e+000,-3.504297953466532e-001,-3.215212864106751e-001,-3.485909746418932e-001
 5.880000000000000e+000,-3.503295799935456e-001,-3.214105946282182e-001,-3.485971549455521e-001
 5.890000000000000e+000,-3.502205024325539e-001,-3.212998724020022e-001,-3.486032523419783e-001
 5.900000000000000e+000,-3.501010658280410e-001,-3.211895327049028e-001,-3.486092224673671e-001
 5.910000000000000e+000,-3.499699423868610e-001,-3.210796717455975e-001,-3.486150461076008e-001
 5.920000000000000e+000,-3.498261417421436e-001,-3.209700920659677e-001,-3.486207295379128e-001
 5.930000000000000e+000,-3.496691612279208e-001,-3.208603541486235e-001,-3.486263028792487e-001
 5.940000000000000e+000,-3.494991305203972e-001,-3.207499079150686e-001,-3.486318130508573e-001
 5.950000000000000e+000,-3.493169865137566e-001,-3.206382840580657e-001,-3.486373128955898e-001
 5.960000000000000e+000,-3.491246767509301e-001,-3.205252663275409e-001,-3.486428517400985e-001
 5.970000000000000e+000,-3.489251952360443e-001,-3.204109981295504e-001,-3.486484678455187e-001
 5.980000000000000e+000,-3.487221791578943e-001,-3.202959923850757e-001,-3.486541808962126e-001
 5.990000000000000e+000,-3.485192444323856e-001,-3.201810541446930e-001,-3.486599862669275e-001
 6.000000000000000e+000,-3.483195620153774e-001,-3.200672185527056e-001,-3.486658515412757e-001
 6.010000000000000e+000,-3.481257406385654e-001,-3.199557930317902e-001,-3.486717104526355e-001
 6.020000000000000e+000,-3.479396841812772e-001,-3.198484790658789e-001,-3.486774513536649e-001
 6.030000000000000e+000,-3.477622184519150e-001,-3.197474646199952e-001,-3.486829056415404e-001
 6.040000000000000e+000,-3.475925422624835e-001,-3.196554240401688e-001,-3.486878417198401e-001
 6.050000000000000e+000,-3.474277643308761e-001,-3.195755236011100e-001,-3.486919599701571e-001
 6.060000000000000e+000,-3.472627717153811e-001,-3.195115342104031e-001,-3.486948841325939e-001
 6.070000000000000e+000,-3.470904819923334e-001,-3.194679611713693e-001,-3.486961572714968e-001
 6.080000000000000e+000,-3.469025399720634e-001,-3.194500547125383e-001,-3.486952530389865e-001
 6.090000000000000e+000,-3.466906338537953e-001,-3.194636350433553e-001,-3.486916075705806e-001
 6.100000000000000e+000,-3.464484455435666e-001,-3.195146432256226e-001,-3.486846778865079e-001
 6.110000000000000e+000,-3.461738724496566e-001,-3.196083591911754e-001,-3.486740273605755e-001
 6.120000000000000e+000,-3.458708010443958e-001,-3.197483746027463e-001,-3.486594236829477e-001
 6.130000000000000e+000,-3.455495454632405e-001,-3.199355286080965e-001,-3.486409236700086e-001
 6.140000000000000e+000,-3.452253914004871e-001,-3.201670473115772e-001,-3.486189203291628e-001
 6.150000000000000e+000,-3.449155582516814e-001,-3.204361221403969e-001,-3.485941371797945e-001
 6.160000000000000e+000,-3.446356684477048e-001,-3.207322024980421e-001,-3.485675618235254e-001
 6.170000000000000e+000,-3.443968863606655e-001,-3.210420537699574e-001,-3.485402699786623e-001
 6.180000000000000e+000,-3.442047698522681e-001,-3.213520428825585e-001,-3.485134813976427e-001
 6.190000000000000e+000,-3.440593606642589e-001,-3.216493229905770e-001,-3.484881167374535e-001
 6.200000000000000e+000,-3.439566523763798e-001,-3.219237182968624e-001,-3.484649096845157e-001
 6.210000000000000e+000,-3.438902385030561e-001,-3.221683881677782e-001,-3.484443186811314e-001
 6.220000000000000e+000,-3.438527750695150e-001,-3.223799589827312e-001,-3.484265340682439e-001
 6.230000000000000e+000,-3.438370112030448e-001,-3.225581365889889e-001,-3.484115182352434e-001
 6.240000000000000e+000,-3.438363947036375e-001,-3.227049583977641e-001,-3.483990662959778e-001
 6.250000000000000e+000,-3.438453768578232e-001,-3.228238945416373e-001,-3.483888737111529e-001
 6.260000000000000e+000,-3.438595124675626e-001,-3.229190303920284e-001,-3.483805965361467e-001
 6.270000000000000e+000,-3.438754036936128e-001,-3.229944667553777e-001,-3.483738954142305e-001
 6.280000000000000e+000,-3.438905564444684e-001,-3.230539564812067e-001,-3.483684619765907e-001
 6.290000000000000e+000,-3.439032326997635e-001,-3.231007400549837e-001,-3.483640306607764e-001
 6.300000000000000e+000,-3.439123279969144e-001,-3.231374923701091e-001,-3.483603822853835e-001
 6.310000000000000e+000,-3.439172617491997e-001,-3.231663074444509e-001,-3.483573446652901e-001
 6.320000000000000e+000,-3.439178890163098e-001,-3.231887587694107e-001,-3.483547882279498e-001
 6.330000000000000e+000,-3.439144339083247e-001,-3.232060729684929e-001,-3.483526140487230e-001
 6.340000000000000e+000,-3.439074160260091e-001,-3.232192923304040e-001,-3.483507422901454e-001
 6.350000000000000e+000,-3.438975540751457e-001,-3.232292864957871e-001,-3.483491103083129e-001
 6.359999999999999e+000,-3.438856514615614e-001,-3.232366704780163e-001,-3.483476765356935e-001
 6.370000000000000e+000,-3.438724867498110e-001,-3.232417585283367e-001,-3.483464216352859e-001
 6.380000000000000e+000,-3.438587382426791e-001,-3.232445865385130e-001,-3.483453452216884e-001
 6.390000000000000e+000,-3.438449408789294e-001,-3.232449733472926e-001,-3.483444604010926e-001
 6.400000000000000e+000,-3.438314497852182e-001,-3.232425735289846e-001,-3.483437892825787e-001
 6.410000000000000e+000,-3.438184167960755e-001,-3.232369265864588e-001,-3.483433591841568e-001
 6.420000000000000e+000,-3.438058134359796e-001,-3.232275704517229e-001,-3.483431951803603e-001
 6.430000000000000e+000,-3.437934863996713e-001,-3.232141878108261e-001,-3.483433109378977e-001
 6.440000000000000e+000,-3.437812086733384e-001,-3.231966823485704e-001,-3.483437043613032e-001
 6.450000000000000e+000,-3.437687519117057e-001,-3.231751970154031e-001,-3.483443574939919e-001
 6.460000000000000e+000,-3.437559788414456e-001,-3.231501363300859e-001,-3.483452364531596e-001
 6.470000000000000e+000,-3.437428721187778e-001,-3.231221711634660e-001,-3.483462918142172e-001
 6.480000000000000e+000,-3.437295031870226e-001,-3.230921715585040e-001,-3.483474631106919e-001
 6.490000000000000e+000,-3.437160191229119e-001,-3.230610810987087e-001,-3.483486874549304e-001
 6.500000000000000e+000,-3.437026426390502e-001,-3.230297999044838e-001,-3.483499075077238e-001
 6.510000000000000e+000,-3.436896612775355e-001,-3.229990967253031e-001,-3.483510768397961e-001
 6.520000000000000e+000,-3.436774076303535e-001,-3.229695405866613e-001,-3.483521635320038e-001
 6.529999999999999e+000,-3.436662222516393e-001,-3.229414909045238e-001,-3.483531498088611e-001
 6.540000000000000e+000,-3.436564254310915e-001,-3.229151652240980e-001,-3.483540269295430e-001
 6.550000000000000e+000,-3.436483222116599e-001,-3.228907031601809e-001,-3.483547910808846e-001
 6.560000000000000e+000,-3.436422151983723e-001,-3.228681632937356e-001,-3.483554442131594e-001
 6.570000000000000e+000,-3.436384066788398e-001,-3.228474952363398e-001,-3.483559965081629e-001
 6.580000000000000e+000,-3.436371899220807e-001,-3.228285134639983e-001,-3.483564682336063e-001
 6.590000000000000e+000,-3.436388385557575e-001,-3.228108728889669e-001,-3.483568909905822e-001
 6.600000000000000e+000,-3.436436115866153e-001,-3.227940823476660e-001,-3.483573064601820e-001
 6.609999999999999e+000,-3.436517695346308e-001,-3.227775459162920e-001,-3.483577634442263e-001
 6.620000000000000e+000,-3.436636012457748e-001,-3.227605944621002e-001,-3.483583156223166e-001
 6.630000000000000e+000,-3.436794743520709e-001,-3.227425134747786e-001,-3.483590198874301e-001
 6.640000000000000e+000,-3.436998826236477e-001,-3.227225678840875e-001,-3.483599351713178e-001
 6.650000000000000e+000,-3.437254595421663e-001,-3.227000284922015e-001,-3.483611210255299e-001
 6.660000000000000e+000,-3.437569595592471e-001,-3.226742226886425e-001,-3.483626340129212e-001
 6.670000000000000e+000,-3.437951971101457e-001,-3.226446023632597e-001,-3.483645220114643e-001
 6.680000000000000e+000,-3.438409556931711e-001,-3.226108067083611e-001,-3.483668184178209e-001
 6.690000000000000e+000,-3.438949241936757e-001,-3.225727193337280e-001,-3.483695373098453e-001
 6.699999999999999e+000,-3.439576568745807e-001,-3.225305291171767e-001,-3.483726687396113e-001
 6.710000000000000e+000,-3.440294866322097e-001,-3.224847735496845e-001,-3.483761748462321e-001
 6.720000000000000e+000,-3.441104095249191e-001,-3.224363294310502e-001,-3.483799898610797e-001
 6.730000000000000e+000,-3.442000305817159e-001,-3.223863553703337e-001,-3.483840245480485e-001
 6.740000000000000e+000,-3.442975659251722e-001,-3.223362013308615e-001,-3.483881732251233e-001
 6.750000000000000e+000,-3.444018773754905e-001,-3.222873060175591e-001,-3.483923216164025e-001
 6.760000000000000e+000,-3.445115949241004e-001,-3.222411225815731e-001,-3.483963537988322e-001
 6.770000000000000e+000,-3.446252923092451e-001,-3.221990591165080e-001,-3.484001587483475e-001
 6.779999999999999e+000,-3.447415829523984e-001,-3.221624001237817e-001,-3.484036371617049e-001
 6.790000000000000e+000,-3.448591150001191e-001,-3.221322495326162e-001,-3.484067056339438e-001
 6.800000000000000e+000,-3.449765411791929e-001,-3.221095243457963e-001,-3.484092969947681e-001
 6.810000000000000e+000,-3.450924966272130e-001,-3.220949573671221e-001,-3.484113596734710e-001
 6.820000000000000e+000,-3.452055661017516e-001,-3.220891101915377e-001,-3.484128557797537e-001
 6.830000000000000e+000,-3.453142250576975e-001,-3.220924395538747e-001,-3.484137552247851e-001
 6.840000000000000e+000,-3.454167823124194e-001,-3.221053855813598e-001,-3.484140284851018e-001
 6.850000000000000e+000,-3.455113676079333e-001,-3.221284225421575e-001,-3.484136422622788e-001
 6.859999999999999e+000,-3.455959658749344e-001,-3.221620837562578e-001,-3.484125571882326e-001
 6.870000000000000e+000,-3.456684726087345e-001,-3.222069885826902e-001,-3.484107255849318e-001
 6.880000000000000e+000,-3.457268209560684e-001,-3.222638233876785e-001,-3.484080930605344e-001
 6.890000000000000e+000,-3.457692911723561e-001,-3.223331842998272e-001,-3.484046111073017e-001
 6.900000000000000e+000,-3.457949094183581e-001,-3.224152933565805e-001,-3.484002589152278e-001
 6.910000000000000e+000,-3.458036762706422e-001,-3.225097211739529e-001,-3.483950628513303e-001
 6.920000000000000e+000,-3.457965804826101e-001,-3.226151681532472e-001,-3.483891095908778e-001
 6.930000000000000e+000,-3.457755456704353e-001,-3.227292515453717e-001,-3.483825578725854e-001
 6.940000000000000e+000,-3.457433645828945e-001,-3.228483812381318e-001,-3.483756440264403e-001
 6.950000000000000e+000,-3.457035006007890e-001,-3.229680130991839e-001,-3.483686626773212e-001
 6.960000000000000e+000,-3.456596022901207e-001,-3.230834148236039e-001,-3.483619157665036e-001
 6.970000000000000e+000,-3.456148722724550e-001,-3.231905553125676e-001,-3.483556562987161e-001
 6.980000000000000e+000,-3.455716733600473e-001,-3.232865878053888e-001,-3.483500591978209e-001
 6.990000000000000e+000,-3.455314990059543e-001,-3.233698592539764e-001,-3.483452219182184e-001
 7.000000000000000e+000,-3.454951436000348e-001,-3.234396884466042e-001,-3.483411797471867e-001
 7.010000000000000e+000,-3.454629142863352e-001,-3.234961008391593e-001,-3.483379239956088e-001
 7.020000000000000e+000,-3.454347796358016e-001,-3.235396168797511e-001,-3.483354160228845e-001
 7.029999999999999e+000,-3.454104397868199e-001,-3.235711106488168e-001,-3.483335961321720e-001
 7.040000000000000e+000,-3.453894050196264e-001,-3.235916891001076e-001,-3.483323915787678e-001
 7.050000000000000e+000,-3.453711109717924e-001,-3.236025560761313e-001,-3.483317259931436e-001
 7.060000000000000e+000,-3.453550183788705e-001,-3.236048882615747e-001,-3.483315278091764e-001
 7.070000000000000e+000,-3.453406744192130e-001,-3.235997671601396e-001,-3.483317347417456e-001
 7.080000000000000e+000,-3.453277277783692e-001,-3.235881620844352e-001,-3.483322944901566e-001
 7.090000000000000e+000,-3.453159052911489e-001,-3.235709237632416e-001,-3.483331642455994e-001
 7.100000000000000e+000,-3.453050045454345e-001,-3.235487742397158e-001,-3.483343105716790e-001
 7.109999999999999e+000,-3.452949062049455e-001,-3.235223182713396e-001,-3.483357082190531e-001
 7.119999999999999e+000,-3.452855600110198e-001,-3.234920963971424e-001,-3.483373361425344e-001
 7.130000000000000e+000,-3.452769626421661e-001,-3.234586687250971e-001,-3.483391714822866e-001
 7.140000000000000e+000,-3.452691455990942e-001,-3.234226857459741e-001,-3.483411843976119e-001
 7.150000000000000e+000,-3.452621403274644e-001,-3.233848856913077e-001,-3.483433374679046e-001
 7.160000000000000e+000,-3.452559419737433e-001,-3.233460159661372e-001,-3.483455902438473e-001
 7.170000000000000e+000,-3.452505209677009e-001,-3.233067497719437e-001,-3.483479047544690e-001
 7.180000000000000e+000,-3.452458509470106e-001,-3.232676479530905e-001,-3.483502482312011e-001
 7.190000000000000e+000,-3.452419032737588e-001,-3.232291595289780e-001,-3.483525930930748e-001
 7.199999999999999e+000,-3.452386266342181e-001,-3.231916362714160e-001,-3.483549161175718e-001
 7.210000000000000e+000,-3.452359474156567e-001,-3.231553483663205e-001,-3.483571978036179e-001
 7.220000000000000e+000,-3.452337991316635e-001,-3.231205137355677e-001,-3.483594209456221e-001
 7.230000000000000e+000,-3.452321733607522e-001,-3.230873466086970e-001,-3.483615679856333e-001
 7.239999999999999e+000,-3.452311554011511e-001,-3.230560906472271e-001,-3.483636192489786e-001
 7.250000000000000e+000,-3.452309012473979e-001,-3.230270128710475e-001,-3.483655534400805e-001
 7.260000000000000e+000,-3.452315769546214e-001,-3.230003794884886e-001,-3.483673492859129e-001
 7.270000000000000e+000,-3.452333179274785e-001,-3.229764228762955e-001,-3.483689879903196e-001
 7.279999999999999e+000,-3.452362157277443e-001,-3.229552943234211e-001,-3.483704565869871e-001
 7.290000000000000e+000,-3.452403098795926e-001,-3.229370344051541e-001,-3.483717498857917e-001
 7.300000000000000e+000,-3.452455830152550e-001,-3.229215945584678e-001,-3.483728689781038e-001
 7.310000000000000e+000,-3.452519590250341e-001,-3.229088967918781e-001,-3.483738172099521e-001
 7.319999999999999e+000,-3.452592973669216e-001,-3.228988932246786e-001,-3.483745960781866e-001
 7.330000000000000e+000,-3.452673958107662e-001,-3.228915865122237e-001,-3.483752038302682e-001
 7.340000000000000e+000,-3.452760140889008e-001,-3.228870027456057e-001,-3.483756374994272e-001
 7.350000000000000e+000,-3.452849004575689e-001,-3.228851512602748e-001,-3.483758958259098e-001
 7.359999999999999e+000,-3.452938045597578e-001,-3.228859966250119e-001,-3.483759811213560e-001
 7.369999999999999e+000,-3.453024919030980e-001,-3.228894411955030e-001,-3.483759003575935e-001
 7.380000000000000e+000,-3.453108134273548e-001,-3.228955182937405e-001,-3.483756388914305e-001
 7.390000000000000e+000,-3.453184482415279e-001,-3.229036321528380e-001,-3.483752362685201e-001
 7.400000000000000e+000,-3.453256625961158e-001,-3.229134005778844e-001,-3.483748050516227e-001
 7.410000000000000e+000,-3.453321924145812e-001,-3.229250198572897e-001,-3.483742211797114e-001
 7.420000000000000e+000,-3.453381308135207e-001,-3.229380430281195e-001,-3.483735575989146e-001
 7.430000000000000e+000,-3.453435457464830e-001,-3.229523999936963e-001,-3.483728200442769e-001
 7.440000000000000e+000,-3.453485719991316e-001,-3.229681494380230e-001,-3.483720057786187e-001
 7.449999999999999e+000,-3.453534379817230e-001,-3.229853998927601e-001,-3.483711090024420e-001
 7.460000000000000e+000,-3.453584864852409e-001,-3.230042241122242e-001,-3.483701265752333e-001
 7.470000000000000e+000,-3.453641897070108e-001,-3.230245886231888e-001,-3.483690625995917e-001
 7.480000000000000e+000,-3.453711325849225e-001,-3.230462987397620e-001,-3.483679317835122e-001
 7.490000000000000e+000,-3.453799536388971e-001,-3.230689833521510e-001,-3.483667599171111e-001
 7.500000000000000e+000,-3.453912993435573e-001,-3.230921318089546e-001,-3.483655810002091e-001
 7.510000000000000e+000,-3.454058250831177e-001,-3.231151277856368e-001,-3.483644348666313e-001
 7.520000000000000e+000,-3.454241960812316e-001,-3.231372274747775e-001,-3.483633684567958e-001
 7.529999999999999e+000,-3.454470632457609e-001,-3.231575174777628e-001,-3.483624383530325e-001
 7.540000000000000e+000,-3.454750338053290e-001,-3.231749170465570e-001,-3.483617105022532e-001
 7.550000000000000e+000,-3.455086369860795e-001,-3.231882083720774e-001,-3.483612580707435e-001
 7.560000000000000e+000,-3.455483074542149e-001,-3.231960406650494e-001,-3.483611612746010e-001
 7.569999999999999e+000,-3.455944270808688e-001,-3.231969366092704e-001,-3.483615077569049e-001
 7.580000000000000e+000,-3.456473728585696e-001,-3.231893522070763e-001,-3.483623894333270e-001
 7.590000000000000e+000,-3.457074901257397e-001,-3.231717560438154e-001,-3.483638972183092e-001
 7.600000000000000e+000,-3.457750138628469e-001,-3.231426836626987e-001,-3.483661170729058e-001
 7.609999999999999e+000,-3.458499876995522e-001,-3.231007948201699e-001,-3.483691261182616e-001
 7.619999999999999e+000,-3.459321892733754e-001,-3.230449804677058e-001,-3.483729857071951e-001
 7.629999999999999e+000,-3.460210940858812e-001,-3.229745094206880e-001,-3.483777324241416e-001
 7.640000000000000e+000,-3.461159023196214e-001,-3.228891774360654e-001,-3.483833696577627e-001
 7.650000000000000e+000,-3.462155760664510e-001,-3.227894629523933e-001,-3.483898589086878e-001
 7.660000000000000e+000,-3.463188317322532e-001,-3.226767059106162e-001,-3.483971093425520e-001
 7.670000000000000e+000,-3.464240972536188e-001,-3.225533152533777e-001,-3.484049654286280e-001
 7.680000000000000e+000,-3.465294660876258e-001,-3.224229694697871e-001,-3.484131949209209e-001
 7.690000000000000e+000,-3.466327601431055e-001,-3.222905517812298e-001,-3.484214932930259e-001
 7.699999999999999e+000,-3.467318711335296e-001,-3.221615002547684e-001,-3.484295247648460e-001
 7.709999999999999e+000,-3.468252693377908e-001,-3.220408354562483e-001,-3.484369832873041e-001
 7.720000000000000e+000,-3.469122937768353e-001,-3.219325501707162e-001,-3.484436302232002e-001
 7.730000000000000e+000,-3.469930443239391e-001,-3.218395449631220e-001,-3.484492968135167e-001
 7.740000000000000e+000,-3.470680561495257e-001,-3.217637934979816e-001,-3.484538714856635e-001
 7.750000000000000e+000,-3.471380214415983e-001,-3.217065224305977e-001,-3.484572868598801e-001
 7.760000000000000e+000,-3.472036672269139e-001,-3.216683627344035e-001,-3.484595100367848e-001
 7.770000000000000e+000,-3.472657409981161e-001,-3.216494618815704e-001,-3.484605363475395e-001
 7.779999999999999e+000,-3.473250165208282e-001,-3.216495548823155e-001,-3.484603858230486e-001
 7.789999999999999e+000,-3.473822677774058e-001,-3.216680096233411e-001,-3.484591008570523e-001
 7.800000000000000e+000,-3.474382146342729e-001,-3.217038759472601e-001,-3.484567431666641e-001
 7.810000000000000e+000,-3.474934688683659e-001,-3.217559411352113e-001,-3.484533901555181e-001
 7.820000000000000e+000,-3.475484868355667e-001,-3.218227746712259e-001,-3.484491318926860e-001
 7.830000000000000e+000,-3.476035191549817e-001,-3.219027501432730e-001,-3.484440695497638e-001
 7.840000000000000e+000,-3.476585740725041e-001,-3.219940542167341e-001,-3.484383148773746e-001
 7.850000000000000e+000,-3.477134272757388e-001,-3.220947413672759e-001,-3.484319870126009e-001
 7.859999999999999e+000,-3.477676755514038e-001,-3.222028521081266e-001,-3.484252052773817e-001
 7.869999999999999e+000,-3.478207923731486e-001,-3.223165305774602e-001,-3.484180818699645e-001
 7.880000000000000e+000,-3.478721590727980e-001,-3.224341187539119e-001,-3.484107158828130e-001
 7.890000000000000e+000,-3.479210804846151e-001,-3.225542378167381e-001,-3.484031881124829e-001
 7.900000000000000e+000,-3.479667980052821e-001,-3.226758154768890e-001,-3.483955593279164e-001
 7.910000000000000e+000,-3.480085363964468e-001,-3.227980423828230e-001,-3.483878733744627e-001
 7.920000000000000e+000,-3.480456317800529e-001,-3.229203109673564e-001,-3.483801624066197e-001
 7.930000000000000e+000,-3.480776878259737e-001,-3.230421660808120e-001,-3.483724519306041e-001
 7.940000000000000e+000,-3.481046525973875e-001,-3.231632458163540e-001,-3.483647655893433e-001
 7.949999999999999e+000,-3.481268101983627e-001,-3.232832031041399e-001,-3.483571301290380e-001
 7.959999999999999e+000,-3.481447167111437e-001,-3.234016460304459e-001,-3.483495784690868e-001
 7.969999999999999e+000,-3.481590920984767e-001,-3.235181383507455e-001,-3.483421481581872e-001
 7.980000000000000e+000,-3.481707449761784e-001,-3.236322283238780e-001,-3.483348783199651e-001
 7.989999999999999e+000,-3.481805687190727e-001,-3.237434372457455e-001,-3.483278105002443e-001
 8.000000000000000e+000,-3.481895400479566e-001,-3.238511920706666e-001,-3.483209938393241e-001
 8.010000000000000e+000,-3.481986969826458e-001,-3.239547404113958e-001,-3.483144915538771e-001
 8.020000000000000e+000,-3.482091512570718e-001,-3.240530746639239e-001,-3.483083873362824e-001
 8.029999999999999e+000,-3.482221400018461e-001,-3.241448290674496e-001,-3.483027939803219e-001
 8.039999999999999e+000,-3.482390442072954e-001,-3.242281216047589e-001,-3.482978651305658e-001
 8.049999999999999e+000,-3.482613340422862e-001,-3.243003938384601e-001,-3.482938060832949e-001
 8.059999999999999e+000,-3.482904685221647e-001,-3.243583076612639e-001,-3.482908800827843e-001
 8.070000000000000e+000,-3.483277715393617e-001,-3.243977275530969e-001,-3.482894086426120e-001
 8.080000000000000e+000,-3.483743165701488e-001,-3.244138101074339e-001,-3.482897647622050e-001
 8.090000000000000e+000,-3.484309047791873e-001,-3.244012003679617e-001,-3.482923594329025e-001
 8.100000000000000e+000,-3.484981785035874e-001,-3.243543210640623e-001,-3.482976222106696e-001
 8.109999999999999e+000,-3.485768189240904e-001,-3.242677199939659e-001,-3.483059775066991e-001
 8.119999999999999e+000,-3.486677984567062e-001,-3.241364372260436e-001,-3.483178190119967e-001
 8.129999999999999e+000,-3.487727168765094e-001,-3.239564576639884e-001,-3.483334783082925e-001
 8.140000000000001e+000,-3.488941606658237e-001,-3.237254179126219e-001,-3.483531751940458e-001
 8.149999999999999e+000,-3.490358593837390e-001,-3.234436272499628e-001,-3.483769423317318e-001
 8.160000000000000e+000,-3.492023811798322e-001,-3.231151900252423e-001,-3.484045364329169e-001
 8.170000000000000e+000,-3.493982277155748e-001,-3.227488336238944e-001,-3.484353641924884e-001
 8.180000000000000e+000,-3.496263936053187e-001,-3.223580647478430e-001,-3.484684528122854e-001
 8.190000000000000e+000,-3.498866858390987e-001,-3.219604025972815e-001,-3.485024880161939e-001
 8.199999999999999e+000,-3.501742373543887e-001,-3.215756207226730e-001,-3.485359292040250e-001
 8.209999999999999e+000,-3.504787886911702e-001,-3.212232405991209e-001,-3.485671892467525e-001
 8.219999999999999e+000,-3.507854209601328e-001,-3.209198395700665e-001,-3.485948449198337e-001
 8.230000000000000e+000,-3.510770119620049e-001,-3.206768505638591e-001,-3.486178309248020e-001
 8.239999999999998e+000,-3.513377374525750e-001,-3.204993965586305e-001,-3.486355684899313e-001
 8.250000000000000e+000,-3.515562368789565e-001,-3.203863792099486e-001,-3.486479956858050e-001
 8.260000000000000e+000,-3.517272383383925e-001,-3.203316633110607e-001,-3.486554979993033e-001
 8.270000000000000e+000,-3.518513504610095e-001,-3.203258781844205e-001,-3.486587720465578e-001
 8.279999999999999e+000,-3.519336050214868e-001,-3.203582531236549e-001,-3.486586721643299e-001
 8.289999999999999e+000,-3.519815604464836e-001,-3.204181001359814e-001,-3.486560778424185e-001
 8.299999999999999e+000,-3.520035293804006e-001,-3.204958151978241e-001,-3.486517984101195e-001
 8.309999999999999e+000,-3.520072300628058e-001,-3.205834238397451e-001,-3.486465164137182e-001
 8.320000000000000e+000,-3.519989869689388e-001,-3.206747841008828e-001,-3.486407626046760e-001
 8.330000000000000e+000,-3.519834518748920e-001,-3.207655683127002e-001,-3.486349136223456e-001
 8.340000000000000e+000,-3.519637044413454e-001,-3.208530883495184e-001,-3.486292061910281e-001
 8.350000000000000e+000,-3.519415516126570e-001,-3.209359763164505e-001,-3.486237644847125e-001
 8.359999999999999e+000,-3.519178754966349e-001,-3.210137338313710e-001,-3.486186375029928e-001
 8.369999999999999e+000,-3.518929595548602e-001,-3.210862472987315e-001,-3.486138384888758e-001
 8.379999999999999e+000,-3.518667813474771e-001,-3.211534556374049e-001,-3.486093729793832e-001
 8.390000000000001e+000,-3.518392505662127e-001,-3.212152683579019e-001,-3.486052481659867e-001
 8.399999999999999e+000,-3.518103404657293e-001,-3.212716246130134e-001,-3.486014704562702e-001
 8.410000000000000e+000,-3.517801030457475e-001,-3.213225429264390e-001,-3.485980417539954e-001
 8.420000000000000e+000,-3.517486640541834e-001,-3.213681298589322e-001,-3.485949583262626e-001
 8.430000000000000e+000,-3.517162802095678e-001,-3.214085666589599e-001,-3.485922124077451e-001
 8.440000000000000e+000,-3.516834020550612e-001,-3.214440699113257e-001,-3.485897960069486e-001
 8.449999999999999e+000,-3.516506628336044e-001,-3.214748448455658e-001,-3.485877042018422e-001
 8.459999999999999e+000,-3.516188175735968e-001,-3.215010822470856e-001,-3.485859345824387e-001
 8.469999999999999e+000,-3.515886944014073e-001,-3.215230018743684e-001,-3.485844835838941e-001
 8.480000000000000e+000,-3.515611625326202e-001,-3.215408771775294e-001,-3.485833442763314e-001
 8.489999999999998e+000,-3.515370820342432e-001,-3.215550035638080e-001,-3.485825076739946e-001
 8.500000000000000e+000,-3.515172258689687e-001,-3.215656495503789e-001,-3.485819649101600e-001
 8.510000000000000e+000,-3.515022061100436e-001,-3.215730360040954e-001,-3.485817077806515e-001
 8.520000000000000e+000,-3.514924416930279e-001,-3.215773406065094e-001,-3.485817281025831e-001
 8.529999999999999e+000,-3.514881593270958e-001,-3.215786797136582e-001,-3.485820187930757e-001
 8.539999999999999e+000,-3.514893987530653e-001,-3.215770451831972e-001,-3.485825781338378e-001
 8.549999999999999e+000,-3.514960472392468e-001,-3.215722717082967e-001,-3.485834126363714e-001
 8.559999999999999e+000,-3.515079148465444e-001,-3.215640856935227e-001,-3.485845347816479e-001
 8.570000000000000e+000,-3.515247779997082e-001,-3.215521668283268e-001,-3.485859591392939e-001
 8.579999999999998e+000,-3.515463476422374e-001,-3.215361777205568e-001,-3.485876996155803e-001
 8.590000000000000e+000,-3.515721903420446e-001,-3.215157919379719e-001,-3.485897663603155e-001
 8.600000000000000e+000,-3.516016258748964e-001,-3.214907321246425e-001,-3.485921618908885e-001
 8.609999999999999e+000,-3.516336249445292e-001,-3.214608127214729e-001,-3.485948771067475e-001
 8.619999999999999e+000,-3.516667325921785e-001,-3.214259702380324e-001,-3.485978885067264e-001
 8.629999999999999e+000,-3.516990113131187e-001,-3.213862375650636e-001,-3.486011593275951e-001
 8.639999999999999e+000,-3.517279985361059e-001,-3.213416653564982e-001,-3.486046444948558e-001
 8.649999999999999e+000,-3.517507017657043e-001,-3.212922603104278e-001,-3.486082951603508e-001
 8.660000000000000e+000,-3.517636406299698e-001,-3.212379079468408e-001,-3.486120584199109e-001
 8.670000000000000e+000,-3.517631090685010e-001,-3.211786871353644e-001,-3.486158873272794e-001
 8.680000000000000e+000,-3.517453473909433e-001,-3.211144553243663e-001,-3.486197300045120e-001
 8.690000000000000e+000,-3.517071030671987e-001,-3.210452538799760e-001,-3.486235388684432e-001
 8.699999999999999e+000,-3.516461395048684e-001,-3.209713367280480e-001,-3.486272690411667e-001
 8.709999999999999e+000,-3.515617467812585e-001,-3.208932767974981e-001,-3.486308789016974e-001
 8.719999999999999e+000,-3.514551560315369e-001,-3.208120463783502e-001,-3.486343345767168e-001
 8.730000000000000e+000,-3.513295952570183e-001,-3.207290157852460e-001,-3.486375954586629e-001
 8.739999999999998e+000,-3.511902322218877e-001,-3.206460058552461e-001,-3.486406329227183e-001
 8.750000000000000e+000,-3.510435872357985e-001,-3.205651612576019e-001,-3.486434142374532e-001
 8.760000000000000e+000,-3.508971080692540e-001,-3.204890196250665e-001,-3.486458965757657e-001
 8.770000000000000e+000,-3.507579044967747e-001,-3.204196421251488e-001,-3.486480629879942e-001
 8.779999999999999e+000,-3.506281669245184e-001,-3.203567646407843e-001,-3.486499662234283e-001
