Main.Studies.MarkerTracking.t,Main.Studies.MarkerTracking.JointAngleOutputs.OutputFile_RightLeg.HipFlexion,Main.Studies.MarkerTracking.JointAngleOutputs.OutputFile_RightLeg.HipAbduction,Main.Studies.MarkerTracking.JointAngleOutputs.OutputFile_RightLeg.HipExternalRotation,Main.Studies.MarkerTracking.JointAngleOutputs.OutputFile_RightLeg.KneeFlexion,Main.Studies.MarkerTracking.JointAngleOutputs.OutputFile_RightLeg.AnklePlantarFlexion,Main.Studies.MarkerTracking.JointAngleOutputs.OutputFile_RightLeg.SubTalarEversion
 5.620000000000000e+000, 5.053220999071801e-001, 6.534756028576094e-002,-2.711396911961006e-002, 5.866092462571367e-001,-2.704944240467413e-001,-3.865367839228168e-002
 5.630000000000000e+000, 5.054474418075533e-001, 6.503895902195200e-002,-2.630901224730382e-002, 5.878982266319355e-001,-2.709357157589054e-001,-3.917436575153637e-002
 5.640000000000000e+000, 5.059107343449745e-001, 6.470339180388329e-002,-2.548058159107967e-002, 5.896320153425273e-001,-2.715552346337304e-001,-3.989689820601737e-002
 5.650000000000000e+000, 5.068710389461513e-001, 6.433164815693093e-002,-2.462371814888909e-002, 5.920033848023981e-001,-2.724331462607842e-001,-4.090442416624677e-002
 5.660000000000000e+000, 5.084299676800731e-001, 6.392293043831110e-002,-2.374393409629301e-002, 5.951351526219649e-001,-2.736243195653494e-001,-4.224766982933757e-002
 5.670000000000000e+000, 5.106438430724340e-001, 6.347793288446901e-002,-2.284869376302221e-002, 5.990776970026746e-001,-2.751523815353931e-001,-4.393506851524628e-002
 5.680000000000000e+000, 5.135568631926945e-001, 6.300114524953515e-002,-2.194886575422000e-002, 6.038854952590196e-001,-2.770453643825185e-001,-4.597871418303428e-002
 5.690000000000000e+000, 5.172000109288343e-001, 6.249783071821158e-002,-2.105492230424577e-002, 6.095942479448654e-001,-2.793244790142703e-001,-4.837625512526472e-002
 5.700000000000000e+000, 5.215846432711097e-001, 6.197455288145193e-002,-2.017772475913493e-002, 6.162176505429133e-001,-2.820028769849396e-001,-5.111280048451579e-002
 5.710000000000000e+000, 5.267018436317184e-001, 6.143840760553676e-002,-1.932879364715641e-002, 6.237466662361649e-001,-2.850845087754066e-001,-5.416305272037703e-002
 5.720000000000000e+000, 5.325225160478597e-001, 6.089663009688873e-002,-1.852018687822370e-002, 6.321503301373923e-001,-2.885640686733417e-001,-5.749399970127382e-002
 5.730000000000000e+000, 5.389984283619659e-001, 6.035676202131568e-002,-1.776363370997871e-002, 6.413778463799902e-001,-2.924281489130818e-001,-6.106740423294241e-002
 5.740000000000000e+000, 5.460646642393072e-001, 5.982687513074825e-002,-1.706929094111085e-002, 6.513616319128867e-001,-2.966568280882768e-001,-6.484213946831276e-002
 5.750000000000000e+000, 5.536437281319516e-001, 5.931533791724841e-002,-1.644486020547092e-002, 6.620211560558226e-001,-3.012247685577636e-001,-6.877704513647186e-002
 5.760000000000000e+000, 5.616509590985365e-001, 5.883046748977905e-002,-1.589527162942972e-002, 6.732675178727852e-001,-3.061016736900339e-001,-7.283437595665435e-002
 5.770000000000001e+000, 5.700004725457551e-001, 5.838077244057005e-002,-1.542250899679832e-002, 6.850083969650649e-001,-3.112527388785950e-001,-7.698283128916843e-002
 5.780000000000000e+000, 5.786107321667420e-001, 5.797560353213194e-002,-1.502539888464268e-002, 6.971526292486930e-001,-3.166395080579031e-001,-8.119938112571787e-002
 5.790000000000000e+000, 5.874088436062397e-001, 5.762552646996988e-002,-1.469944009606058e-002, 7.096136241086876e-001,-3.222210490568415e-001,-8.546995447175131e-002
 5.800000000000000e+000, 5.963329040216884e-001, 5.734217778298301e-002,-1.443654045536040e-002, 7.223111090398273e-001,-3.279552787240685e-001,-8.978906628177032e-002
 5.810000000000001e+000, 6.053323868679602e-001, 5.713759787940820e-002,-1.422461036666477e-002, 7.351711685387830e-001,-3.338002759910216e-001,-9.415829924355965e-002
 5.820000000000000e+000, 6.143671960902460e-001, 5.702311348220723e-002,-1.404743273222868e-002, 7.481252858181017e-001,-3.397155767759333e-001,-9.858381636041175e-002
 5.830000000000000e+000, 6.234061695401146e-001, 5.700810341161589e-002,-1.388541747942744e-002, 7.611095392589878e-001,-3.456635540665604e-001,-1.030731948818145e-001
 5.840000000000000e+000, 6.324256890963053e-001, 5.709903202127231e-002,-1.371753382678947e-002, 7.740647273903770e-001,-3.516106787252648e-001,-1.076321621570383e-001
 5.850000000000000e+000, 6.414089085900315e-001, 5.729894161569482e-002,-1.352412550381139e-002, 7.869374139441218e-001,-3.575282619605395e-001,-1.122622144925624e-001
 5.860000000000000e+000, 6.503455899915932e-001, 5.760736055475335e-002,-1.328970153184102e-002, 7.996812923581687e-001,-3.633925244657894e-001,-1.169595666723997e-001
 5.870000000000000e+000, 6.592321982531515e-001, 5.802049544686372e-002,-1.300477056794558e-002, 8.122582298253267e-001,-3.691841125216123e-001,-1.217151861093477e-001
 5.880000000000000e+000, 6.680720302160195e-001, 5.853176131022608e-002,-1.266638860288833e-002, 8.246387747022107e-001,-3.748873410523795e-001,-1.265157663174074e-001
 5.890000000000000e+000, 6.768750685520013e-001, 5.913278427795854e-002,-1.227754089067342e-002, 8.368021914593491e-001,-3.804894652729208e-001,-1.313455206263272e-001
 5.900000000000000e+000, 6.856572702747380e-001, 5.981463427647693e-002,-1.184571279883062e-002, 8.487360360479586e-001,-3.859800924076821e-001,-1.361882785831126e-001
 5.910000000000000e+000, 6.944392670540347e-001, 6.056876426705826e-002,-1.138119196325229e-002, 8.604352409479219e-001,-3.913507044094617e-001,-1.410292652370641e-001
 5.920000000000000e+000, 7.032444694608991e-001, 6.138745651264199e-002,-1.089552944586306e-002, 8.719007582598771e-001,-3.965943062179895e-001,-1.458562775981059e-001
 5.930000000000000e+000, 7.120965893592707e-001, 6.226387052229843e-002,-1.040029519513591e-002, 8.831378948722116e-001,-4.017052299411911e-001,-1.506601564277850e-001
 5.940000000000000e+000, 7.210169168593814e-001, 6.319179872958958e-002,-9.906164479469551e-003, 8.941546266111479e-001,-4.066790736858917e-001,-1.554345572708674e-001
 5.950000000000000e+000, 7.300219808000492e-001, 6.416539242168295e-002,-9.422511532582147e-003, 9.049603120670008e-001,-4.115127054866974e-001,-1.601753103386565e-001
 5.960000000000000e+000, 7.391221163091841e-001, 6.517909436738711e-002,-8.957738074227974e-003, 9.155650102495592e-001,-4.162042362789595e-001,-1.648795996152792e-001
 5.970000000000000e+000, 7.483212707290812e-001, 6.622764074683962e-002,-8.520161185985649e-003, 9.259791469320940e-001,-4.207529474646106e-001,-1.695449120521093e-001
 5.980000000000000e+000, 7.576182247292442e-001, 6.730583096840714e-002,-8.118791834678637e-003, 9.362130686725503e-001,-4.251592434430257e-001,-1.741678115517401e-001
 5.990000000000000e+000, 7.670086953272922e-001, 6.840805100927838e-002,-7.763579403105301e-003, 9.462763868790750e-001,-4.294246380951532e-001,-1.787428473771873e-001
 6.000000000000000e+000, 7.764872172083768e-001, 6.952787143225581e-002,-7.465344133781919e-003, 9.561774632153640e-001,-4.335516893770940e-001,-1.832618713549556e-001
 6.010000000000000e+000, 7.860482298709679e-001, 7.065802621466744e-002,-7.235709015939720e-003, 9.659232325304994e-001,-4.375437884024162e-001,-1.877137885486676e-001
 6.020000000000000e+000, 7.956864838231634e-001, 7.179085054088996e-002,-7.087156535657392e-003, 9.755192446742959e-001,-4.414048158308417e-001,-1.920846935130668e-001
 6.030000000000000e+000, 8.053969634134873e-001, 7.291894477035643e-002,-7.033283746909876e-003, 9.849698184307758e-001,-4.451388099596649e-001,-1.963583741113370e-001
 6.040000000000000e+000, 8.151745124507259e-001, 7.403567073814799e-002,-7.089088429033011e-003, 9.942782588521025e-001,-4.487498094800730e-001,-2.005170139503033e-001
 6.050000000000000e+000, 8.250134890300451e-001, 7.513537338338705e-002,-7.271038936319032e-003, 1.003447115962803e+000,-4.522419290722793e-001,-2.045418878957172e-001
 6.060000000000000e+000, 8.349076790207234e-001, 7.621340572359525e-002,-7.596939113394620e-003, 1.012478414512163e+000,-4.556195249369890e-001,-2.084140100331848e-001
 6.070000000000000e+000, 8.448503810229359e-001, 7.726598483832881e-002,-8.085546555889493e-003, 1.021373732577964e+000,-4.588871997619146e-001,-2.121149223729520e-001
 6.080000000000000e+000, 8.548344638985027e-001, 7.829002084853909e-002,-8.755641746488463e-003, 1.030134185766966e+000,-4.620496111769213e-001,-2.156278910721192e-001
 6.090000000000000e+000, 8.648521436448917e-001, 7.928274774574606e-002,-9.624046295415309e-003, 1.038760376629743e+000,-4.651112735358371e-001,-2.189392201026361e-001
 6.100000000000000e+000, 8.748943250447144e-001, 8.024062656568920e-002,-1.070212634604446e-002, 1.047252159274122e+000,-4.680764280691248e-001,-2.220390978857150e-001
 6.110000000000000e+000, 8.849497453992603e-001, 8.115762682847083e-002,-1.199111418967385e-002, 1.055608258778058e+000,-4.709489200061852e-001,-2.249219554132351e-001
 6.120000000000000e+000, 8.950042277619097e-001, 8.202372624270349e-002,-1.347759916854416e-002, 1.063826109003529e+000,-4.737321589724212e-001,-2.275864311599657e-001
 6.130000000000000e+000, 9.050403635677098e-001, 8.282459075132809e-002,-1.513109177486416e-002, 1.071902259871510e+000,-4.764293572032131e-001,-2.300349578517286e-001
 6.140000000000000e+000, 9.150383014452354e-001, 8.354308782934172e-002,-1.690553977307628e-002, 1.079833423300940e+000,-4.790439753092570e-001,-2.322734920174922e-001
 6.150000000000000e+000, 9.249779486125714e-001, 8.416236092576157e-002,-1.874524181788859e-002, 1.087617792997524e+000,-4.815799702283154e-001,-2.343117779343958e-001
 6.160000000000000e+000, 9.348417966263758e-001, 8.466933810480670e-002,-2.059318935601096e-002, 1.095256132703654e+000,-4.840416879943471e-001,-2.361635640419935e-001
 6.170000000000000e+000, 9.446234172581355e-001, 8.505577725512614e-002,-2.239594020048288e-002, 1.102752507292911e+000,-4.864330212617795e-001,-2.378454147688733e-001
 6.180000000000000e+000, 9.543032743203591e-001, 8.532576132824543e-002,-2.411984252932579e-002, 1.110113527560365e+000,-4.887602341277189e-001,-2.393780090928232e-001
 6.190000000000000e+000, 9.638864062448400e-001, 8.548438498502553e-002,-2.573498126482371e-002, 1.117348662072229e+000,-4.910277990463799e-001,-2.407798534682146e-001
 6.200000000000000e+000, 9.733753943850922e-001, 8.554225664819248e-002,-2.722567010639595e-002, 1.124468630796614e+000,-4.932410909293993e-001,-2.420694619256386e-001
 6.210000000000000e+000, 9.827751146073135e-001, 8.551104390078113e-002,-2.858484704832007e-002, 1.131484776696830e+000,-4.954054780811791e-001,-2.432633593906975e-001
 6.220000000000000e+000, 9.920909502884584e-001, 8.540130961765624e-002,-2.981116271559685e-002, 1.138408427711059e+000,-4.975261028401000e-001,-2.443754931527456e-001
 6.230000000000000e+000, 1.001327283294194e+000, 8.522138218646336e-002,-3.090639739740358e-002, 1.145250446838853e+000,-4.996076286302079e-001,-2.454170585368221e-001
 6.240000000000000e+000, 1.010486569276802e+000, 8.497727688054702e-002,-3.187363629966204e-002, 1.152020941849856e+000,-5.016539539141909e-001,-2.463968054058434e-001
 6.250000000000000e+000, 1.019569002337772e+000, 8.467327688639892e-002,-3.271642016375682e-002, 1.158729058720367e+000,-5.036680186965493e-001,-2.473216772451415e-001
 6.260000000000000e+000, 1.028572377105165e+000, 8.431274734343774e-002,-3.343867732857062e-002, 1.165382828738759e+000,-5.056518088154928e-001,-2.481975598893085e-001
 6.270000000000000e+000, 1.037491968551922e+000, 8.389889611893953e-002,-3.404500020107912e-002, 1.171989069534133e+000,-5.076065206204286e-001,-2.490299941705175e-001
 6.280000000000000e+000, 1.046320520393719e+000, 8.343529093881541e-002,-3.454097256887121e-002, 1.178553290481611e+000,-5.095328452130545e-001,-2.498246194575589e-001
 6.290000000000000e+000, 1.055048327877794e+000, 8.292605550970089e-002,-3.493346950929747e-002, 1.185079557403345e+000,-5.114313170408057e-001,-2.505872996510979e-001
 6.300000000000000e+000, 1.063663530209869e+000, 8.237593814476485e-002,-3.523096037615101e-002, 1.191570415018445e+000,-5.133026088796749e-001,-2.513242940530022e-001
 6.310000000000000e+000, 1.072152881917043e+000, 8.179050141375210e-002,-3.544372875398601e-002, 1.198027003783555e+000,-5.151477244868375e-001,-2.520426091410438e-001
 6.320000000000000e+000, 1.080503133146077e+000, 8.117627540177130e-002,-3.558382486634180e-002, 1.204449343475578e+000,-5.169680426780688e-001,-2.527501354475373e-001
 6.330000000000000e+000, 1.088702814824049e+000, 8.054052210749108e-002,-3.566467208497752e-002, 1.210836658200823e+000,-5.187652051580226e-001,-2.534552602885614e-001
 6.340000000000000e+000, 1.096743839244548e+000, 7.989085548032815e-002,-3.570039052629909e-002, 1.217187697579458e+000,-5.205410022517093e-001,-2.541663064774075e-001
 6.350000000000000e+000, 1.104622466341145e+000, 7.923534910680186e-002,-3.570510177966741e-002, 1.223501056915411e+000,-5.222973080284946e-001,-2.548913446376018e-001
 6.359999999999999e+000, 1.112339581108555e+000, 7.858279157052550e-002,-3.569245563365445e-002, 1.229775295439214e+000,-5.240359217007552e-001,-2.556380878127074e-001
 6.370000000000000e+000, 1.119900311571662e+000, 7.794207885609894e-002,-3.567535209129242e-002, 1.236008571045402e+000,-5.257582734974027e-001,-2.564131623092421e-001
 6.380000000000000e+000, 1.127313203878586e+000, 7.732086557137130e-002,-3.566571353816341e-002, 1.242197965399593e+000,-5.274651750780208e-001,-2.572209281270411e-001
 6.390000000000000e+000, 1.134589245464488e+000, 7.672441880593617e-002,-3.567411921661585e-002, 1.248338994820961e+000,-5.291568098831987e-001,-2.580625660301914e-001
 6.400000000000000e+000, 1.141740780470806e+000, 7.615502096553817e-002,-3.570931344999975e-002, 1.254425524919112e+000,-5.308329170075514e-001,-2.589357100650145e-001
 6.410000000000000e+000, 1.148780463207697e+000, 7.561188840277611e-002,-3.577789783950442e-002, 1.260450041789167e+000,-5.324930076986937e-001,-2.598344943510773e-001
 6.420000000000000e+000, 1.155720670966514e+000, 7.509163623715209e-002,-3.588429066214948e-002, 1.266404188710044e+000,-5.341365818539959e-001,-2.607497680978644e-001
 6.430000000000000e+000, 1.162573507119267e+000, 7.458916456494391e-002,-3.603073260631828e-002, 1.272279430460433e+000,-5.357632739433050e-001,-2.616694048223204e-001
 6.440000000000000e+000, 1.169350864660456e+000, 7.409872165954901e-002,-3.621733603927405e-002, 1.278067770983133e+000,-5.373727905467458e-001,-2.625790289104010e-001
 6.450000000000000e+000, 1.176064065388868e+000, 7.361490062248577e-002,-3.644236264129256e-002, 1.283762535179713e+000,-5.389647277054229e-001,-2.634634661698083e-001
 6.460000000000000e+000, 1.182723265219593e+000, 7.313344690257639e-002,-3.670259988236482e-002, 1.289359190944230e+000,-5.405385666651885e-001,-2.643085416266886e-001
 6.470000000000000e+000, 1.189336848954065e+000, 7.265205512300477e-002,-3.699355720861499e-002, 1.294856165667339e+000,-5.420940390690524e-001,-2.651024516448595e-001
 6.480000000000000e+000, 1.195910791959437e+000, 7.217121735657561e-002,-3.730958709656671e-002, 1.300255510412202e+000,-5.436317008438993e-001,-2.658364862313256e-001
 6.490000000000000e+000, 1.202448224733105e+000, 7.169466034637595e-002,-3.764417201612266e-002, 1.305563200525036e+000,-5.451533729952874e-001,-2.665052705780729e-001
 6.500000000000000e+000, 1.208949398706472e+000, 7.122899832591312e-002,-3.799035274285315e-002, 1.310789043653420e+000,-5.466623139750757e-001,-2.671065348102573e-001
 6.510000000000000e+000, 1.215411915063072e+000, 7.078281874893877e-002,-3.834115256239774e-002, 1.315946293003584e+000,-5.481631895549137e-001,-2.676406208243323e-001
 6.520000000000000e+000, 1.221831210528326e+000, 7.036566479243445e-002,-3.868982560031619e-002, 1.321051090000315e+000,-5.496619289523164e-001,-2.681100867595300e-001
 6.529999999999999e+000, 1.228201431062815e+000, 6.998720197665254e-002,-3.902994342338721e-002, 1.326121884048803e+000,-5.511655152340076e-001,-2.685193948949622e-001
 6.540000000000000e+000, 1.234516571300782e+000, 6.965658033476729e-002,-3.935565159808183e-002, 1.331178836899857e+000,-5.526817088288556e-001,-2.688745716375416e-001
 6.550000000000000e+000, 1.240771423861738e+000, 6.938190195570582e-002,-3.966210810855946e-002, 1.336243085005451e+000,-5.542187509044274e-001,-2.691829091764078e-001
 6.560000000000000e+000, 1.246961788195989e+000, 6.916979274406998e-002,-3.994579151006122e-002, 1.341335830301173e+000,-5.557851034865387e-001,-2.694526683203836e-001
 6.570000000000000e+000, 1.253083933187947e+000, 6.902514700409235e-002,-4.020479039342716e-002, 1.346477331078197e+000,-5.573891424311702e-001,-2.696926340947368e-001
 6.580000000000000e+000, 1.259133993645812e+000, 6.895093897354032e-002,-4.043924110860006e-002, 1.351685806498308e+000,-5.590386560894961e-001,-2.699114883589547e-001
 6.590000000000000e+000, 1.265107743686151e+000, 6.894789475981789e-002,-4.065159646402965e-002, 1.356976296655550e+000,-5.607401725589567e-001,-2.701170169576336e-001
 6.600000000000000e+000, 1.271000487691729e+000, 6.901416840840136e-002,-4.084642475417497e-002, 1.362359634516691e+000,-5.624983394265951e-001,-2.703151842874896e-001
 6.609999999999999e+000, 1.276806921521341e+000, 6.914533697800640e-002,-4.102986663246289e-002, 1.367841606517378e+000,-5.643155235746680e-001,-2.705092923812539e-001
 6.620000000000000e+000, 1.282521350700892e+000, 6.933465901342739e-002,-4.120902075800152e-002, 1.373422278194625e+000,-5.661915913712174e-001,-2.706994608235374e-001
 6.630000000000000e+000, 1.288138343060532e+000, 6.957331557573410e-002,-4.139132233187166e-002, 1.379095551604574e+000,-5.681237329201972e-001,-2.708824181605535e-001
 6.640000000000000e+000, 1.293653464739788e+000, 6.985059647623348e-002,-4.158396802821469e-002, 1.384849086180248e+000,-5.701062622309306e-001,-2.710516300571023e-001
 6.650000000000000e+000, 1.299064051296716e+000, 7.015425646180273e-002,-4.179353899138987e-002, 1.390664666537161e+000,-5.721304927411189e-001,-2.711978486445520e-001
 6.660000000000000e+000, 1.304369986370487e+000, 7.047118233457095e-002,-4.202582040281778e-002, 1.396519026248420e+000,-5.741848490002234e-001,-2.713098078531912e-001
 6.670000000000000e+000, 1.309574197877791e+000, 7.078823932101597e-002,-4.228573552808623e-002, 1.402385032840467e+000,-5.762552671058101e-001,-2.713746946588050e-001
 6.680000000000000e+000, 1.314682706963058e+000, 7.109312050234440e-002,-4.257737284471628e-002, 1.408233102398613e+000,-5.783258571671051e-001,-2.713785731395337e-001
 6.690000000000000e+000, 1.319704289226824e+000, 7.137523482630903e-002,-4.290414963976116e-002, 1.414032776101081e+000,-5.803797966306835e-001,-2.713071884068906e-001
 6.699999999999999e+000, 1.324649944222589e+000, 7.162661768369305e-002,-4.326908141745214e-002, 1.419754380870475e+000,-5.824004122903322e-001,-2.711470494693549e-001
 6.710000000000000e+000, 1.329532238109709e+000, 7.184255343792301e-002,-4.367495034158649e-002, 1.425370630129002e+000,-5.843723221321302e-001,-2.708863955589019e-001
 6.720000000000000e+000, 1.334364410862735e+000, 7.202164733013161e-002,-4.412419457992958e-002, 1.430858022610601e+000,-5.862823652863368e-001,-2.705160190935790e-001
 6.730000000000000e+000, 1.339159440438232e+000, 7.216548137074152e-002,-4.461857032802793e-002, 1.436197940690349e+000,-5.881200799828462e-001,-2.700301963451322e-001
 6.740000000000000e+000, 1.343929421961636e+000, 7.227823976539161e-002,-4.515892795617845e-002, 1.441377396206052e+000,-5.898777617172417e-001,-2.694278159980881e-001
 6.750000000000000e+000, 1.348685187998764e+000, 7.236643662324571e-002,-4.574527724527416e-002, 1.446389388839420e+000,-5.915503716565507e-001,-2.687133567304137e-001
 6.760000000000000e+000, 1.353435904577360e+000, 7.243851376592581e-002,-4.637677999910277e-002, 1.451232839513081e+000,-5.931354927032443e-001,-2.678972524621662e-001
 6.770000000000000e+000, 1.358188646973558e+000, 7.250420697289561e-002,-4.705148026839702e-002, 1.455912091322761e+000,-5.946332711544576e-001,-2.669956767304274e-001
 6.779999999999999e+000, 1.362948023484562e+000, 7.257389495773592e-002,-4.776616585172436e-002, 1.460436056191583e+000,-5.960462455519178e-001,-2.660300266150761e-001
 6.790000000000000e+000, 1.367715830409572e+000, 7.265809769649123e-002,-4.851658714140453e-002, 1.464817151877187e+000,-5.973791047498900e-001,-2.650260753981344e-001
 6.800000000000000e+000, 1.372490786321023e+000, 7.276705506479408e-002,-4.929771214888822e-002, 1.469070114432394e+000,-5.986383931123580e-001,-2.640126273600090e-001
 6.810000000000000e+000, 1.377268457780394e+000, 7.291028253145893e-002,-5.010375620081910e-002, 1.473210698964141e+000,-5.998320996545161e-001,-2.630197718471719e-001
 6.820000000000000e+000, 1.382041464682114e+000, 7.309610958437962e-002,-5.092820385818609e-002, 1.477254356177901e+000,-6.009691274323931e-001,-2.620770207972121e-001
 6.830000000000000e+000, 1.386799915727519e+000, 7.333117424669045e-002,-5.176404385756971e-002, 1.481215048703179e+000,-6.020586796430384e-001,-2.612115381081898e-001
 6.840000000000000e+000, 1.391531873710476e+000, 7.361966467159697e-002,-5.260392015460762e-002, 1.485104281072573e+000,-6.031095876542729e-001,-2.604465038233372e-001
 6.850000000000000e+000, 1.396223894279803e+000, 7.396214749193608e-002,-5.343978826438196e-002, 1.488930318740339e+000,-6.041296658193038e-001,-2.597996159506447e-001
 6.859999999999999e+000, 1.400862035594106e+000, 7.435423600453062e-002,-5.426215319409441e-002, 1.492697625886793e+000,-6.051251724156166e-001,-2.592818570606509e-001
 6.870000000000000e+000, 1.405433333521490e+000, 7.478572525272087e-002,-5.505937434452513e-002, 1.496406645348301e+000,-6.061004060284225e-001,-2.588967390774544e-001
 6.880000000000000e+000, 1.409926928002534e+000, 7.524109485722752e-002,-5.581786692015311e-002, 1.500054006245544e+000,-6.070575563946544e-001,-2.586405017347401e-001
 6.890000000000000e+000, 1.414334062299674e+000, 7.570198520620441e-002,-5.652391277803497e-002, 1.503633077525626e+000,-6.079969196825975e-001,-2.585038180775557e-001
 6.900000000000000e+000, 1.418647379955914e+000, 7.615059540473412e-002,-5.716627551741378e-002, 1.507134689929729e+000,-6.089173312716251e-001,-2.584744228170808e-001
 6.910000000000000e+000, 1.422860782068811e+000, 7.657199146744520e-002,-5.773785061896427e-002, 1.510547949094655e+000,-6.098165355017453e-001,-2.585391370695353e-001
 6.920000000000000e+000, 1.426970196059021e+000, 7.695475112235961e-002,-5.823588331477486e-002, 1.513861132111444e+000,-6.106913644503308e-001,-2.586846843484068e-001
 6.930000000000000e+000, 1.430974507750794e+000, 7.729071990219261e-002,-5.866146529801279e-002, 1.517062584289844e+000,-6.115378399891664e-001,-2.588978701816668e-001
 6.940000000000000e+000, 1.434876061170553e+000, 7.757456266332286e-002,-5.901880785391784e-002, 1.520141566428774e+000,-6.123514285160436e-001,-2.591656865173151e-001
 6.950000000000000e+000, 1.438680459024240e+000, 7.780346497066937e-002,-5.931437209964784e-002, 1.523089031236489e+000,-6.131275075823883e-001,-2.594754703288026e-001
 6.960000000000000e+000, 1.442395558683287e+000, 7.797702338001122e-002,-5.955584561072478e-002, 1.525898164941533e+000,-6.138618962602115e-001,-2.598151468879352e-001
 6.970000000000000e+000, 1.446030049120263e+000, 7.809708138583771e-002,-5.975129668339089e-002, 1.528564678112246e+000,-6.145513291778767e-001,-2.601735034557712e-001
 6.980000000000000e+000, 1.449592232460357e+000, 7.816748277393759e-002,-5.990898901385502e-002, 1.531087139555626e+000,-6.151938514429286e-001,-2.605403150551691e-001
 6.990000000000000e+000, 1.453089074271313e+000, 7.819391679762444e-002,-6.003762236171687e-002, 1.533467391015199e+000,-6.157891310688634e-001,-2.609062892609165e-001
 7.000000000000000e+000, 1.456525053896505e+000, 7.818368732969283e-002,-6.014623831151542e-002, 1.535710700558341e+000,-6.163386545096822e-001,-2.612628745586836e-001
 7.010000000000000e+000, 1.459900902549639e+000, 7.814525663376637e-002,-6.024369054888382e-002, 1.537825576129494e+000,-6.168457942095710e-001,-2.616020295707216e-001
 7.020000000000000e+000, 1.463212982780785e+000, 7.808785133305385e-002,-6.033833345511461e-002, 1.539823480726376e+000,-6.173158077773977e-001,-2.619161510921714e-001
 7.029999999999999e+000, 1.466453575924322e+000, 7.802126591262293e-002,-6.043824230441445e-002, 1.541718491780719e+000,-6.177557979966765e-001,-2.621981253077885e-001
 7.040000000000000e+000, 1.469611725772720e+000, 7.795569716307171e-002,-6.055160960139042e-002, 1.543526780901458e+000,-6.181745718326021e-001,-2.624413056218758e-001
 7.050000000000000e+000, 1.472674303139685e+000, 7.790153914359732e-002,-6.068696179477687e-002, 1.545265909661266e+000,-6.185823407425488e-001,-2.626394204194508e-001
 7.060000000000000e+000, 1.475627017536618e+000, 7.786902669152074e-002,-6.085303839292159e-002, 1.546953961541296e+000,-6.189902587102677e-001,-2.627864565255710e-001
 7.070000000000000e+000, 1.478455238047037e+000, 7.786751045185825e-002,-6.105818848780867e-002, 1.548608501262345e+000,-6.194097795488326e-001,-2.628764342428046e-001
 7.080000000000000e+000, 1.481144729144984e+000, 7.790446697310438e-002,-6.130948187515489e-002, 1.550245477535297e+000,-6.198518424617169e-001,-2.629031307768372e-001
 7.090000000000000e+000, 1.483682344777062e+000, 7.798466153121852e-002,-6.161203108711089e-002, 1.551878272552374e+000,-6.203260379939648e-001,-2.628600147224167e-001
 7.100000000000000e+000, 1.486056641666986e+000, 7.810975900467998e-002,-6.196862135041154e-002, 1.553517004432157e+000,-6.208399838457904e-001,-2.627405034101785e-001
 7.109999999999999e+000, 1.488258427999182e+000, 7.827846168371533e-002,-6.237954032955962e-002, 1.555168090370635e+000,-6.213990195125033e-001,-2.625384499190434e-001
 7.119999999999999e+000, 1.490281167135519e+000, 7.848699610408239e-002,-6.284266631794545e-002, 1.556834066005592e+000,-6.220061128056141e-001,-2.622487302162862e-001
 7.130000000000000e+000, 1.492121182246992e+000, 7.872953332840105e-002,-6.335355208950157e-002, 1.558513599588261e+000,-6.226618064297426e-001,-2.618676753123289e-001
 7.140000000000000e+000, 1.493777807668529e+000, 7.899847347112132e-002,-6.390530431028396e-002, 1.560201584464187e+000,-6.233641547320323e-001,-2.613932413947964e-001
 7.150000000000000e+000, 1.495253577369213e+000, 7.928501908175156e-002,-6.448878558544618e-002, 1.561889274982218e+000,-6.241086883512738e-001,-2.608253272998848e-001
 7.160000000000000e+000, 1.496554332323989e+000, 7.958016185995365e-002,-6.509347561130180e-002, 1.563564546884646e+000,-6.248884414043984e-001,-2.601664901899402e-001
 7.170000000000000e+000, 1.497689057870994e+000, 7.987567409845187e-002,-6.570851826498327e-002, 1.565212370250109e+000,-6.256940809539640e-001,-2.594226304479276e-001
 7.180000000000000e+000, 1.498669324058952e+000, 8.016475396525302e-002,-6.632346990863501e-002, 1.566815487111354e+000,-6.265142290548825e-001,-2.586031800231650e-001
 7.190000000000000e+000, 1.499508419317508e+000, 8.044226295694656e-002,-6.692875260605270e-002, 1.568355208796225e+000,-6.273360855276574e-001,-2.577207438524561e-001
 7.199999999999999e+000, 1.500220461513306e+000, 8.070467218481436e-002,-6.751597632835399e-002, 1.569812272876419e+000,-6.281462759125546e-001,-2.567904142315736e-001
 7.210000000000000e+000, 1.500819626636943e+000, 8.094994214952989e-002,-6.807814249542543e-002, 1.571167730561091e+000,-6.289316318078527e-001,-2.558290371706674e-001
 7.220000000000000e+000, 1.501319384905949e+000, 8.117744960129358e-002,-6.860979818856812e-002, 1.572403838011941e+000,-6.296797469603427e-001,-2.548545910382052e-001
 7.230000000000000e+000, 1.501731764534224e+000, 8.138783640426750e-002,-6.910716057584716e-002, 1.573504868353573e+000,-6.303794114696819e-001,-2.538855571909497e-001
 7.239999999999999e+000, 1.502066900030078e+000, 8.158269574811028e-002,-6.956781483738081e-002, 1.574457674389901e+000,-6.310209645497029e-001,-2.529400371234724e-001
 7.250000000000000e+000, 1.502332870899858e+000, 8.176428912072575e-002,-6.998989100832741e-002, 1.575251993125889e+000,-6.315964980006045e-001,-2.520348344148697e-001
 7.260000000000000e+000, 1.502535567507531e+000, 8.193549992292226e-002,-7.037138397405571e-002, 1.575880684921720e+000,-6.320999742129695e-001,-2.511849940022271e-001
 7.270000000000000e+000, 1.502678521597781e+000, 8.209993217268874e-002,-7.071012497670089e-002, 1.576339932801198e+000,-6.325273478324911e-001,-2.504038178860709e-001
 7.279999999999999e+000, 1.502762819022948e+000, 8.226193856345621e-002,-7.100420017261425e-002, 1.576629226182855e+000,-6.328766496718445e-001,-2.497030796891224e-001
 7.290000000000000e+000, 1.502787174704673e+000, 8.242647722199514e-002,-7.125228076690043e-002, 1.576751047023819e+000,-6.331479871293544e-001,-2.490932424845626e-001
 7.300000000000000e+000, 1.502748216039744e+000, 8.259876798026777e-002,-7.145355817885631e-002, 1.576710326381922e+000,-6.333433983883462e-001,-2.485834594716145e-001
 7.310000000000000e+000, 1.502640965333016e+000, 8.278377167063278e-002,-7.160744492023918e-002, 1.576513773384695e+000,-6.334664578266269e-001,-2.481812330252693e-001
 7.319999999999999e+000, 1.502459360066847e+000, 8.298564057765812e-002,-7.171337845361707e-002, 1.576169172238773e+000,-6.335216961519052e-001,-2.478919295010648e-001
 7.330000000000000e+000, 1.502196589917937e+000, 8.320732192325409e-002,-7.177082057873162e-002, 1.575684726980831e+000,-6.335140547414843e-001,-2.477183974178863e-001
 7.340000000000000e+000, 1.501845261662920e+000, 8.345038323347875e-002,-7.177930911778466e-002, 1.575068504107636e+000,-6.334485181710624e-001,-2.476607239981641e-001
 7.350000000000000e+000, 1.501397586373380e+000, 8.371504146601860e-002,-7.173854513441892e-002, 1.574328002107185e+000,-6.333299446453824e-001,-2.477161706823934e-001
 7.359999999999999e+000, 1.500845668491834e+000, 8.400028927736036e-002,-7.164852265498121e-002, 1.573469831804070e+000,-6.331630032681418e-001,-2.478793880587307e-001
 7.369999999999999e+000, 1.500181863842797e+000, 8.430398716774556e-002,-7.150949069830734e-002, 1.572499479093816e+000,-6.329520656177663e-001,-2.481428622780841e-001
 7.380000000000000e+000, 1.499397245054516e+000, 8.462074074631398e-002,-7.131889524234200e-002, 1.571421330743554e+000,-6.327030415637842e-001,-2.484842244254698e-001
 7.390000000000000e+000, 1.498489338305816e+000, 8.495123153600348e-002,-7.108292390959403e-002, 1.570238276590600e+000,-6.324156720611834e-001,-2.489174031177689e-001
 7.400000000000000e+000, 1.497452010489857e+000, 8.529231984616947e-002,-7.080271364016424e-002, 1.568952327611444e+000,-6.320921692937396e-001,-2.494396460467118e-001
 7.410000000000000e+000, 1.496276772899110e+000, 8.563507881301602e-002,-7.047274368373765e-002, 1.567565199404421e+000,-6.317398216563136e-001,-2.500068159772597e-001
 7.420000000000000e+000, 1.494960590260746e+000, 8.597812960377249e-002,-7.009615840609325e-002, 1.566077401663302e+000,-6.313584754555845e-001,-2.506243258439896e-001
 7.430000000000000e+000, 1.493499347551059e+000, 8.631718148981449e-002,-6.967217342495798e-002, 1.564489136889724e+000,-6.309497484742703e-001,-2.512819443454956e-001
 7.440000000000000e+000, 1.491889838489387e+000, 8.664729355081757e-002,-6.919898737041602e-002, 1.562800320772738e+000,-6.305148046189937e-001,-2.519691246131188e-001
 7.449999999999999e+000, 1.490129992678666e+000, 8.696297952284282e-002,-6.867403443694871e-002, 1.561010812750774e+000,-6.300543253131712e-001,-2.526754616203918e-001
 7.460000000000000e+000, 1.488218925379995e+000, 8.725875314569076e-002,-6.809457331731753e-002, 1.559120606846043e+000,-6.295685683600891e-001,-2.533914139662954e-001
 7.470000000000000e+000, 1.486156742151690e+000, 8.752982843532808e-002,-6.745827413286203e-002, 1.557129900986427e+000,-6.290575008070980e-001,-2.541087374627769e-001
 7.480000000000000e+000, 1.483944037276167e+000, 8.777250470378939e-002,-6.676352609010015e-002, 1.555039068201496e+000,-6.285209376762188e-001,-2.548202761674389e-001
 7.490000000000000e+000, 1.481581255907858e+000, 8.798412454637794e-002,-6.600964797229546e-002, 1.552848612414435e+000,-6.279586555264662e-001,-2.555194036594894e-001
 7.500000000000000e+000, 1.479068300146828e+000, 8.816294684555537e-002,-6.519737954988336e-002, 1.550559129463143e+000,-6.273704303212024e-001,-2.561996395962228e-001
 7.510000000000000e+000, 1.476404579424368e+000, 8.830824616507482e-002,-6.432969989958506e-002, 1.548171246561746e+000,-6.267559808594505e-001,-2.568546612972264e-001
 7.520000000000000e+000, 1.473589257484011e+000, 8.842048832704585e-002,-6.341253355762178e-002, 1.545685547242087e+000,-6.261148877331839e-001,-2.574784189323559e-001
 7.529999999999999e+000, 1.470621344640319e+000, 8.850124277681459e-002,-6.245500543108370e-002, 1.543102498127327e+000,-6.254465498831835e-001,-2.580649984936053e-001
 7.540000000000000e+000, 1.467499710662376e+000, 8.855285717785022e-002,-6.146947284589163e-002, 1.540422371212479e+000,-6.247501716033668e-001,-2.586084389465702e-001
 7.550000000000000e+000, 1.464223249419863e+000, 8.857824784469504e-002,-6.047163879597689e-002, 1.537645193402069e+000,-6.240247315069846e-001,-2.591029903436818e-001
 7.560000000000000e+000, 1.460791189755173e+000, 8.858075922645226e-002,-5.948004632303167e-002, 1.534770731198230e+000,-6.232689120847247e-001,-2.595435033638513e-001
 7.569999999999999e+000, 1.457203572136523e+000, 8.856352954945357e-002,-5.851370570659425e-002, 1.531798426008957e+000,-6.224810230417202e-001,-2.599249826506409e-001
 7.580000000000000e+000, 1.453461874211424e+000, 8.852853981670705e-002,-5.758873383486211e-002, 1.528727325488493e+000,-6.216589617498080e-001,-2.602414529472684e-001
 7.590000000000000e+000, 1.449569358412964e+000, 8.847639965867482e-002,-5.671672253597684e-002, 1.525556217510125e+000,-6.208003112040954e-001,-2.604855504097810e-001
 7.600000000000000e+000, 1.445530742816870e+000, 8.840703918404658e-002,-5.590544381489035e-002, 1.522283949546305e+000,-6.199026563570844e-001,-2.606493673759260e-001
 7.609999999999999e+000, 1.441351432615479e+000, 8.832039498680233e-002,-5.516013133085767e-002, 1.518909679904397e+000,-6.189639475392309e-001,-2.607256503701164e-001
 7.619999999999999e+000, 1.437036773628821e+000, 8.821663605836116e-002,-5.448423210471281e-002, 1.515432925486011e+000,-6.179826697907596e-001,-2.607085629595293e-001
 7.629999999999999e+000, 1.432591456787041e+000, 8.809618360528315e-002,-5.387970181546813e-002, 1.511853405970505e+000,-6.169578268496117e-001,-2.605939694010457e-001
 7.640000000000000e+000, 1.428019061061519e+000, 8.795969966778272e-002,-5.334704365525479e-002, 1.508170743846173e+000,-6.158888928737656e-001,-2.603794596819335e-001
 7.650000000000000e+000, 1.423321741300795e+000, 8.780799872638512e-002,-5.288519368404467e-002, 1.504384161286259e+000,-6.147758059553179e-001,-2.600643266962684e-001
 7.660000000000000e+000, 1.418500067760597e+000, 8.764182088433348e-002,-5.249128287317368e-002, 1.500492247346017e+000,-6.136189121547163e-001,-2.596495920040918e-001
 7.670000000000000e+000, 1.413553090555109e+000, 8.746150357235161e-002,-5.216033622952334e-002, 1.496492797161117e+000,-6.124187777089234e-001,-2.591379882767433e-001
 7.680000000000000e+000, 1.408478575361548e+000, 8.726677216847012e-002,-5.188514945473710e-002, 1.492382798333876e+000,-6.111759937221435e-001,-2.585338686899428e-001
 7.690000000000000e+000, 1.403273269720363e+000, 8.705680354096179e-002,-5.165658417888588e-002, 1.488158657468859e+000,-6.098910767397885e-001,-2.578431905264024e-001
 7.699999999999999e+000, 1.397933366602319e+000, 8.683048085836864e-002,-5.146442496296190e-002, 1.483816705777187e+000,-6.085644023254716e-001,-2.570735655961001e-001
 7.709999999999999e+000, 1.392455287905141e+000, 8.658670715732719e-002,-5.129856718714848e-002, 1.479353857487925e+000,-6.071961419961333e-001,-2.562342132482306e-001
 7.720000000000000e+000, 1.386836462583974e+000, 8.632458854669456e-002,-5.114981932742138e-002, 1.474768120573357e+000,-6.057862446775512e-001,-2.553357962603351e-001
 7.730000000000000e+000, 1.381075840117770e+000, 8.604336748023012e-002,-5.101004582027298e-002, 1.470058847130033e+000,-6.043344676349480e-001,-2.543901517467971e-001
 7.740000000000000e+000, 1.375174043398048e+000, 8.574224800468455e-002,-5.087205160506400e-002, 1.465226852826992e+000,-6.028404610309426e-001,-2.534097844151219e-001
 7.750000000000000e+000, 1.369133097520833e+000, 8.542024022844630e-002,-5.072944622152974e-002, 1.460274441616936e+000,-6.013039481804043e-001,-2.524071407045153e-001
 7.760000000000000e+000, 1.362955963883510e+000, 8.507603573079181e-002,-5.057647741701286e-002, 1.455205268374482e+000,-5.997249451751613e-001,-2.513939889103827e-001
 7.770000000000000e+000, 1.356646087110585e+000, 8.470794840998730e-002,-5.040779364887959e-002, 1.450024030160603e+000,-5.981038658423049e-001,-2.503810657018133e-001
 7.779999999999999e+000, 1.350206987359121e+000, 8.431393045648084e-002,-5.021813530810295e-002, 1.444736055079426e+000,-5.964414605647663e-001,-2.493778914062362e-001
 7.789999999999999e+000, 1.343642059042107e+000, 8.389175729184695e-002,-5.000220718426292e-002, 1.439346930649098e+000,-5.947386826367238e-001,-2.483928635617209e-001
 7.800000000000000e+000, 1.336954674620766e+000, 8.343951990658427e-002,-4.975495871098284e-002, 1.433862319552538e+000,-5.929966219913601e-001,-2.474337023083703e-001
 7.810000000000000e+000, 1.330148315452217e+000, 8.295619396470721e-002,-4.947209979035813e-002, 1.428287937375279e+000,-5.912165648568371e-001,-2.465078026919941e-001
 7.820000000000000e+000, 1.323226337426166e+000, 8.244205139735450e-002,-4.915057352980036e-002, 1.422629541134000e+000,-5.894001252283491e-001,-2.456221930224310e-001
 7.830000000000000e+000, 1.316191428924139e+000, 8.189926803983538e-002,-4.878897664663452e-002, 1.416892904288469e+000,-5.875493645304524e-001,-2.447836209958310e-001
 7.840000000000000e+000, 1.309045102416870e+000, 8.133295312199951e-002,-4.838802670582421e-002, 1.411083856237135e+000,-5.856668405525443e-001,-2.439992474160739e-001
 7.850000000000000e+000, 1.301787341677068e+000, 8.075219772173403e-002,-4.795099342511841e-002, 1.405208410146688e+000,-5.837556223171836e-001,-2.432775483414757e-001
 7.859999999999999e+000, 1.294416479243095e+000, 8.017064355431125e-002,-4.748388141755235e-002, 1.399272923651793e+000,-5.818192841210269e-001,-2.426287897666843e-001
 7.869999999999999e+000, 1.286929594380174e+000, 7.960593492604873e-002,-4.699500351592899e-002, 1.393284156681740e+000,-5.798616792909851e-001,-2.420646889784853e-001
 7.880000000000000e+000, 1.279323701713837e+000, 7.907745715598669e-002,-4.649361887008933e-002, 1.387249075802588e+000,-5.778863595749006e-001,-2.415970170791918e-001
 7.890000000000000e+000, 1.271597357736089e+000, 7.860322304564837e-002,-4.598821148678896e-002, 1.381174451095976e+000,-5.758959086608578e-001,-2.412356719075826e-001
 7.900000000000000e+000, 1.263751664185852e+000, 7.819789595481774e-002,-4.548566524382280e-002, 1.375066487904039e+000,-5.738916266141997e-001,-2.409874191221801e-001
 7.910000000000000e+000, 1.255790101200524e+000, 7.787254717029168e-002,-4.499158974823219e-002, 1.368930562774396e+000,-5.718736870393525e-001,-2.408556496279469e-001
 7.920000000000000e+000, 1.247717612840523e+000, 7.763509459160800e-002,-4.451082533881430e-002, 1.362770890400949e+000,-5.698414639039219e-001,-2.408405409563799e-001
 7.930000000000000e+000, 1.239539708728427e+000, 7.749057652148061e-002,-4.404749737228242e-002, 1.356590023132471e+000,-5.677936605864971e-001,-2.409391612605902e-001
 7.940000000000000e+000, 1.231261992345715e+000, 7.744118553013357e-002,-4.360483494806134e-002, 1.350388280504654e+000,-5.657282029820613e-001,-2.411454266124110e-001
 7.949999999999999e+000, 1.222890056203413e+000, 7.748633293600848e-002,-4.318505923603645e-002, 1.344163277341241e+000,-5.636421563623784e-001,-2.414500588093197e-001
 7.959999999999999e+000, 1.214429539888296e+000, 7.762299930806926e-002,-4.278956171070500e-002, 1.337909647474511e+000,-5.615318496835012e-001,-2.418407868688577e-001
 7.969999999999999e+000, 1.205886188254154e+000, 7.784634687955205e-002,-4.241945727371023e-002, 1.331618980190299e+000,-5.593931120045392e-001,-2.423027986243380e-001
 7.980000000000000e+000, 1.197265766685492e+000, 7.815032444245307e-002,-4.207612977995083e-002, 1.325279945968322e+000,-5.572214460893119e-001,-2.428192556376841e-001
 7.989999999999999e+000, 1.188573809183119e+000, 7.852802604614095e-002,-4.176131364256053e-002, 1.318878579596361e+000,-5.550121424768484e-001,-2.433717227129544e-001
 8.000000000000000e+000, 1.179815278683611e+000, 7.897182623484089e-002,-4.147674393180872e-002, 1.312398729834252e+000,-5.527603719156540e-001,-2.439405426720319e-001
 8.010000000000000e+000, 1.170994173929167e+000, 7.947343219347181e-002,-4.122364329304837e-002, 1.305822662882303e+000,-5.504611396673900e-001,-2.445053757073530e-001
 8.020000000000000e+000, 1.162113104572543e+000, 8.002383493197662e-002,-4.100211945695305e-002, 1.299131713663243e+000,-5.481090985448588e-001,-2.450458538416045e-001
 8.029999999999999e+000, 1.153172954233213e+000, 8.061312577761437e-002,-4.081052564539969e-002, 1.292306877240573e+000,-5.456984336003516e-001,-2.455419598389425e-001
 8.039999999999999e+000, 1.144172733038574e+000, 8.123033780026678e-002,-4.064498580286952e-002, 1.285329395351260e+000,-5.432229324699099e-001,-2.459740810906025e-001
 8.049999999999999e+000, 1.135109548287646e+000, 8.186352473360548e-002,-4.049924125826704e-002, 1.278181493353759e+000,-5.406762029011520e-001,-2.463231398963825e-001
 8.059999999999999e+000, 1.125978789920137e+000, 8.250024945214318e-002,-4.036490309425776e-002, 1.270847321093337e+000,-5.380520203670605e-001,-2.465711449489350e-001
 8.070000000000000e+000, 1.116775031567687e+000, 8.312852715782326e-002,-4.023211430652960e-002, 1.263314079403375e+000,-5.353447807758331e-001,-2.467021989611778e-001
 8.080000000000000e+000, 1.107493682618969e+000, 8.373768172740626e-002,-4.009035689066760e-002, 1.255573129720402e+000,-5.325498946166595e-001,-2.467035706350744e-001
 8.090000000000000e+000, 1.098132321937775e+000, 8.431823212811573e-002,-3.992884934272422e-002, 1.247620600984466e+000,-5.296639204746561e-001,-2.465661081045275e-001
 8.100000000000000e+000, 1.088690824724570e+000, 8.486075693312034e-002,-3.973618835275885e-002, 1.239457227749382e+000,-5.266844698074533e-001,-2.462836124474681e-001
 8.109999999999999e+000, 1.079170651506844e+000, 8.535460751439694e-002,-3.949959036582354e-002, 1.231087640605243e+000,-5.236101217538984e-001,-2.458516135598897e-001
 8.119999999999999e+000, 1.069573969477831e+000, 8.578731741200230e-002,-3.920430464876890e-002, 1.222519494947606e+000,-5.204404647298382e-001,-2.452664826452322e-001
 8.129999999999999e+000, 1.059902733518220e+000, 8.614487819524519e-002,-3.883326495694138e-002, 1.213762654833774e+000,-5.171761568500213e-001,-2.445253958745031e-001
 8.140000000000001e+000, 1.050157768921498e+000, 8.641245385687202e-002,-3.836707389692707e-002, 1.204828331585807e+000,-5.138188925723310e-001,-2.436266783188359e-001
 8.149999999999999e+000, 1.040338422358190e+000, 8.657527706066293e-002,-3.778511322778134e-002, 1.195728104883475e+000,-5.103712716080252e-001,-2.425698853876162e-001
 8.160000000000000e+000, 1.030443459186529e+000, 8.661986663284793e-002,-3.706840390035270e-002, 1.186473112528895e+000,-5.068366127130413e-001,-2.413556346656251e-001
 8.170000000000000e+000, 1.020473016323203e+000, 8.653573209469512e-002,-3.620393189080461e-002, 1.177073707473582e+000,-5.032187860701303e-001,-2.399854693400380e-001
 8.180000000000000e+000, 1.010430660548076e+000, 8.631761718212427e-002,-3.518976710045405e-002, 1.167539593159237e+000,-4.995221454062720e-001,-2.384618500926120e-001
 8.190000000000000e+000, 1.000324783983139e+000, 8.596793449892481e-002,-3.403983451970500e-002, 1.157880285696159e+000,-4.957515898545880e-001,-2.367882654610275e-001
 8.199999999999999e+000, 9.901691789114457e-001, 8.549842549403319e-002,-3.278624126079736e-002, 1.148105650519374e+000,-4.919126787398007e-001,-2.349695249313663e-001
 8.209999999999999e+000, 9.799827356719086e-001, 8.492999669886858e-002,-3.147720699986735e-002, 1.138226175841206e+000,-4.880115911726962e-001,-2.330122594582703e-001
 8.219999999999999e+000, 9.697878424176076e-001, 8.429032028651551e-002,-3.017037282013894e-002, 1.128252678911383e+000,-4.840547265638457e-001,-2.309253606569413e-001
 8.230000000000000e+000, 9.596075762042701e-001, 8.360958775178840e-002,-2.892317381527194e-002, 1.118195331537923e+000,-4.800479196985605e-001,-2.287199916224879e-001
 8.239999999999998e+000, 9.494628401858702e-001, 8.291554914826693e-002,-2.778317054403172e-002, 1.108062264161079e+000,-4.759954455973015e-001,-2.264091167207010e-001
 8.250000000000000e+000, 9.393703436708141e-001, 8.222944494924755e-002,-2.678118852330721e-002, 1.097858331500221e+000,-4.718992606435297e-001,-2.240066236821618e-001
 8.260000000000000e+000, 9.293413779776774e-001, 8.156411570809752e-002,-2.592885309103553e-002, 1.087584553331656e+000,-4.677590157637697e-001,-2.215259487698494e-001
 8.270000000000000e+000, 9.193814075778719e-001, 8.092450945403362e-002,-2.522063320265979e-002, 1.077238301220168e+000,-4.635727899709634e-001,-2.189785042593243e-001
 8.279999999999999e+000, 9.094906804809891e-001, 8.030976267159540e-002,-2.463904967525001e-002, 1.066813942503336e+000,-4.593379174510396e-001,-2.163726925115534e-001
 8.289999999999999e+000, 8.996654611471678e-001, 7.971571827042556e-002,-2.416073704146929e-002, 1.056303695174617e+000,-4.550515575468471e-001,-2.137137480162673e-001
 8.299999999999999e+000, 8.898992954534395e-001, 7.913714371930181e-002,-2.376156525700235e-002, 1.045698593695499e+000,-4.507111025036496e-001,-2.110039915122635e-001
 8.309999999999999e+000, 8.801842491506994e-001, 7.856944693712031e-002,-2.342021219828150e-002, 1.034989483324273e+000,-4.463145043823205e-001,-2.082432833985154e-001
 8.320000000000000e+000, 8.705122121638750e-001, 7.800981220467373e-002,-2.312016371817295e-002, 1.024167971981737e+000,-4.418604903154990e-001,-2.054296528504792e-001
 8.330000000000000e+000, 8.608760263929685e-001, 7.745750132856921e-002,-2.285022062870530e-002, 1.013227236093046e+000,-4.373486644377106e-001,-2.025598386638532e-001
 8.340000000000000e+000, 8.512701434219112e-001, 7.691337236488027e-002,-2.260378870090932e-002, 1.002162554576191e+000,-4.327795569998515e-001,-1.996296145881825e-001
 8.350000000000000e+000, 8.416908110356786e-001, 7.637918940736599e-002,-2.237752298661748e-002, 9.909715564214321e-001,-4.281546373698454e-001,-1.966341749970125e-001
 8.359999999999999e+000, 8.321359224360704e-001, 7.585706153699445e-002,-2.216988869027184e-002, 9.796542450763039e-001,-4.234761953654630e-001,-1.935686784559230e-001
 8.369999999999999e+000, 8.226046774975292e-001, 7.534899444602217e-002,-2.198005247300933e-002, 9.682129206300504e-001,-4.187470721233938e-001,-1.904287743733336e-001
 8.379999999999999e+000, 8.130972972333113e-001, 7.485669119814919e-002,-2.180738716704710e-002, 9.566521842373136e-001,-4.139704388531847e-001,-1.872110245780513e-001
 8.390000000000001e+000, 8.036148215729002e-001, 7.438159836099567e-002,-2.165153428327150e-002, 9.449789927671443e-001,-4.091497813674562e-001,-1.839129787879519e-001
 8.399999999999999e+000, 7.941587406777297e-001, 7.392479410507158e-002,-2.151275862989514e-002, 9.332024542227813e-001,-4.042889407595957e-001,-1.805326651240774e-001
 8.410000000000000e+000, 7.847305455968920e-001, 7.348661431396364e-002,-2.139244826372713e-002, 9.213332891997121e-001,-3.993919890392737e-001,-1.770679197401028e-001
 8.420000000000000e+000, 7.753315123813495e-001, 7.306645608971718e-002,-2.129352946885386e-002, 9.093832713261275e-001,-3.944630011164956e-001,-1.735162151040663e-001
 8.430000000000000e+000, 7.659626403342387e-001, 7.266290925177565e-002,-2.122044268459351e-002, 8.973648191457664e-001,-3.895058742498267e-001,-1.698749746706763e-001
 8.440000000000000e+000, 7.566246501907208e-001, 7.227395292583094e-002,-2.117867925190357e-002, 8.852906921261927e-001,-3.845241892384123e-001,-1.661420105322068e-001
 8.449999999999999e+000, 7.473183158970762e-001, 7.189724081159055e-002,-2.117413642648523e-002, 8.731738707282482e-001,-3.795211791313894e-001,-1.623160556849083e-001
 8.459999999999999e+000, 7.380451954478929e-001, 7.153064186638036e-002,-2.121245206711199e-002, 8.610276706586831e-001,-3.744999515213113e-001,-1.583974479674603e-001
 8.469999999999999e+000, 7.288084090594308e-001, 7.117285827421838e-002,-2.129844037098460e-002, 8.488659495146695e-001,-3.694638431453489e-001,-1.543887468567042e-001
 8.480000000000000e+000, 7.196132320469797e-001, 7.082379605308331e-002,-2.143561327308264e-002, 8.367033170290723e-001,-3.644166055982577e-001,-1.502950124301938e-001
 8.489999999999998e+000, 7.104675179481325e-001, 7.048459274372454e-002,-2.162572247008502e-002, 8.245553476383614e-001,-3.593623658563395e-001,-1.461236863672996e-001
 8.500000000000000e+000, 7.013820036343837e-001, 7.015745247650784e-002,-2.186852454383155e-002, 8.124387573433153e-001,-3.543055535820673e-001,-1.418841879735995e-001
 8.510000000000000e+000, 6.923705453120617e-001, 6.984537238080169e-002,-2.216197519400667e-002, 8.003715476162956e-001,-3.492509101887983e-001,-1.375873867220848e-001
 8.520000000000000e+000, 6.834502766496320e-001, 6.955174854181601e-002,-2.250273749840948e-002, 7.883731646780927e-001,-3.442035497357123e-001,-1.332450885023425e-001
 8.529999999999999e+000, 6.746415924641600e-001, 6.928001430573527e-002,-2.288671948985846e-002, 7.764646257902046e-001,-3.391690177402894e-001,-1.288696392560374e-001
 8.539999999999999e+000, 6.659678479487915e-001, 6.903340772757050e-002,-2.330946482279990e-002, 7.646685255355130e-001,-3.341532893279043e-001,-1.244737290715240e-001
 8.549999999999999e+000, 6.574547846120142e-001, 6.881474885173344e-002,-2.376640991630431e-002, 7.530089204044151e-001,-3.291627135723739e-001,-1.200704088228791e-001
 8.559999999999999e+000, 6.491298013814609e-001, 6.862626920270398e-002,-2.425297140474791e-002, 7.415110975631426e-001,-3.242040519155402e-001,-1.156732402820090e-001
 8.570000000000000e+000, 6.410212299632626e-001, 6.846971215277886e-002,-2.476436345185762e-002, 7.302012866207350e-001,-3.192846606839235e-001,-1.112965562129197e-001
 8.579999999999998e+000, 6.331578682923187e-001, 6.834667429364494e-002,-2.529525408009072e-002, 7.191064912946547e-001,-3.144126256704191e-001,-1.069559206570342e-001
 8.590000000000000e+000, 6.255688937687686e-001, 6.825885053751568e-002,-2.583944733076777e-002, 7.082544948104286e-001,-3.095967351751339e-001,-1.026687001820372e-001
 8.600000000000000e+000, 6.182839365861842e-001, 6.820802318850894e-002,-2.638965482732224e-002, 6.976739461130558e-001,-3.048464134819642e-001,-9.845444358040832e-002
 8.609999999999999e+000, 6.113330043863998e-001, 6.819598492880630e-002,-2.693743128294612e-002, 6.873944586885193e-001,-3.001717259462401e-001,-9.433488646824147e-002
 8.619999999999999e+000, 6.047461200214688e-001, 6.822442360322034e-002,-2.747332955507502e-002, 6.774466075129728e-001,-2.955834816415474e-001,-9.033352826051698e-002
 8.629999999999999e+000, 5.985527681117544e-001, 6.829460033513257e-002,-2.798713253852257e-002, 6.678617397391080e-001,-2.910934749112440e-001,-8.647489237431298e-002
 8.639999999999999e+000, 5.927813817760532e-001, 6.840693931652297e-002,-2.846801040036648e-002, 6.586716688027461e-001,-2.867148058925877e-001,-8.278378645030174e-002
 8.649999999999999e+000, 5.874588084721706e-001, 6.856075465598566e-002,-2.890470918311712e-002, 6.499082275425967e-001,-2.824620975786019e-001,-7.928464824920541e-002
 8.660000000000000e+000, 5.826152910939404e-001, 6.875230964579582e-002,-2.928436169222417e-002, 6.416033303792059e-001,-2.783510637492807e-001,-7.599716046888658e-002
 8.670000000000000e+000, 5.782594255027791e-001, 6.898158523261322e-002,-2.959967710288830e-002, 6.337847776097083e-001,-2.744002011182635e-001,-7.294961583932430e-002
 8.680000000000000e+000, 5.744118754764749e-001, 6.924143375313485e-002,-2.984017582060452e-002, 6.264798238397076e-001,-2.706276063431241e-001,-7.015506840998548e-002
 8.690000000000000e+000, 5.710799471144328e-001, 6.952488076416685e-002,-2.999969273128571e-002, 6.197111969126025e-001,-2.670524843221120e-001,-6.762521652158618e-002
 8.699999999999999e+000, 5.682615027960282e-001, 6.982376834788306e-002,-3.007550592053591e-002, 6.134971042299584e-001,-2.636942877000973e-001,-6.536553782924053e-002
 8.709999999999999e+000, 5.659437200485119e-001, 7.012955907399676e-002,-3.006893619143917e-002, 6.078508618977231e-001,-2.605721869767609e-001,-6.337532363056729e-002
 8.719999999999999e+000, 5.640969696855153e-001, 7.043516899580471e-002,-2.998696147937726e-002, 6.027796171878589e-001,-2.577044696493782e-001,-6.164988792718777e-002
 8.730000000000000e+000, 5.626965307425111e-001, 7.073091877661764e-002,-2.983720493392539e-002, 5.982883000683051e-001,-2.551064343889283e-001,-6.017614933858360e-002
 8.739999999999998e+000, 5.616896308430867e-001, 7.101153721717246e-002,-2.963499330156598e-002, 5.943726053734487e-001,-2.527911678939931e-001,-5.894235853004031e-002
 8.750000000000000e+000, 5.610202908103025e-001, 7.127145619219921e-002,-2.939708436979234e-002, 5.910225427867352e-001,-2.507675054842674e-001,-5.793219108197874e-002
 8.760000000000000e+000, 5.606346580510004e-001, 7.150489342308353e-002,-2.914162567087323e-002, 5.882394686921062e-001,-2.490501216673043e-001,-5.713314509037511e-002
 8.770000000000000e+000, 5.604540338380731e-001, 7.170933642713018e-002,-2.888730543599661e-002, 5.859670444026318e-001,-2.476202359638591e-001,-5.651210557494817e-002
 8.779999999999999e+000, 5.603970329552179e-001, 7.188932055953501e-002,-2.864319726792758e-002, 5.840732550881858e-001,-2.464095766306833e-001,-5.601623973448094e-002
