Main.Studies.MarkerTracking.t,Main.Studies.MarkerTracking.JointAngleOutputs.OutputFile_LeftLeg.HipFlexion,Main.Studies.MarkerTracking.JointAngleOutputs.OutputFile_LeftLeg.HipAbduction,Main.Studies.MarkerTracking.JointAngleOutputs.OutputFile_LeftLeg.HipExternalRotation,Main.Studies.MarkerTracking.JointAngleOutputs.OutputFile_LeftLeg.KneeFlexion,Main.Studies.MarkerTracking.JointAngleOutputs.OutputFile_LeftLeg.AnklePlantarFlexion,Main.Studies.MarkerTracking.JointAngleOutputs.OutputFile_LeftLeg.SubTalarEversion
 5.620000000000000e+000, 5.335582635765102e-001, 1.272067589596966e-001,-2.409760353274261e-002, 6.183181561919825e-001,-2.433409237592222e-001,-1.251647035447106e-001
 5.630000000000000e+000, 5.338917696998520e-001, 1.274640027760869e-001,-2.453343191135177e-002, 6.198714925135171e-001,-2.441661057542879e-001,-1.248981246951487e-001
 5.640000000000000e+000, 5.345635104483728e-001, 1.277572130881779e-001,-2.494820560693138e-002, 6.218688153173503e-001,-2.451753408782006e-001,-1.248284658631675e-001
 5.650000000000000e+000, 5.357322119312253e-001, 1.281001643962225e-001,-2.533081478342027e-002, 6.245008353472857e-001,-2.464483218696750e-001,-1.250493314346269e-001
 5.660000000000000e+000, 5.374948051300179e-001, 1.284974879428518e-001,-2.566855241425365e-002, 6.278828480569083e-001,-2.480360329577148e-001,-1.256206193311765e-001
 5.670000000000000e+000, 5.399056409104950e-001, 1.289501508384605e-001,-2.595756192170191e-002, 6.320600665044190e-001,-2.499571698430037e-001,-1.265716159959172e-001
 5.680000000000000e+000, 5.430018577837692e-001, 1.294561373109415e-001,-2.618819802863741e-002, 6.370760677436147e-001,-2.522328962662395e-001,-1.279279757875774e-001
 5.690000000000000e+000, 5.468082217226297e-001, 1.300120235655231e-001,-2.635401437257079e-002, 6.429560924059486e-001,-2.548763042259800e-001,-1.297064997482487e-001
 5.700000000000000e+000, 5.513303772537107e-001, 1.306124950964773e-001,-2.645145443333634e-002, 6.497037316428487e-001,-2.578923978571416e-001,-1.319118797565748e-001
 5.710000000000000e+000, 5.565549018820595e-001, 1.312510474411874e-001,-2.648059664458387e-002, 6.573012610307156e-001,-2.612780477857363e-001,-1.345372231656155e-001
 5.720000000000000e+000, 5.624496104149028e-001, 1.319204300852728e-001,-2.644495521365037e-002, 6.657110187896517e-001,-2.650219134033118e-001,-1.375661080985173e-001
 5.730000000000000e+000, 5.689643712528911e-001, 1.326126783711659e-001,-2.635029493163366e-002, 6.748775798842317e-001,-2.691046860189359e-001,-1.409753150689238e-001
 5.740000000000000e+000, 5.760333053108254e-001, 1.333192447294838e-001,-2.620298272963610e-002, 6.847307400700771e-001,-2.734996704812116e-001,-1.447376070607376e-001
 5.750000000000000e+000, 5.835789216287860e-001, 1.340317414340557e-001,-2.600845446658188e-002, 6.951893476394030e-001,-2.781735596945900e-001,-1.488241884048424e-001
 5.760000000000000e+000, 5.915175789578295e-001, 1.347428287342130e-001,-2.577020030781506e-002, 7.061655276384437e-001,-2.830875799159985e-001,-1.532062412296196e-001
 5.770000000000001e+000, 5.997649737455238e-001, 1.354462548583384e-001,-2.548962886722283e-002, 7.175684944080212e-001,-2.881992942011001e-001,-1.578549594221735e-001
 5.780000000000000e+000, 6.082409243022989e-001, 1.361361383719844e-001,-2.516667361481963e-002, 7.293077915751509e-001,-2.934647615901935e-001,-1.627409071585341e-001
 5.790000000000000e+000, 6.168732681811723e-001, 1.368064488351239e-001,-2.480040327130636e-002, 7.412962976201816e-001,-2.988403505579695e-001,-1.678342955525672e-001
 5.800000000000000e+000, 6.256005696623793e-001, 1.374511574266226e-001,-2.438922079861149e-002, 7.534528427002074e-001,-3.042839692289900e-001,-1.731063083127331e-001
 5.810000000000001e+000, 6.343734420052003e-001, 1.380649846918993e-001,-2.393099976325065e-002, 7.657040106628171e-001,-3.097560766975036e-001,-1.785303762317106e-001
 5.820000000000000e+000, 6.431546439129389e-001, 1.386444387139221e-001,-2.342354427390115e-002, 7.779851117035761e-001,-3.152207744489962e-001,-1.840827804978051e-001
 5.830000000000000e+000, 6.519181682321309e-001, 1.391886144273435e-001,-2.286526994447814e-002, 7.902405576742246e-001,-3.206469213934718e-001,-1.897424938864933e-001
 5.840000000000000e+000, 6.606476085438851e-001, 1.396993202016978e-001,-2.225577476106627e-002, 8.024237193983199e-001,-3.260090318924875e-001,-1.954902477380644e-001
 5.850000000000000e+000, 6.693343360209952e-001, 1.401804842860868e-001,-2.159612765972315e-002, 8.144963116042108e-001,-3.312876093545792e-001,-2.013071641340300e-001
 5.860000000000000e+000, 6.779759869982870e-001, 1.406371442624228e-001,-2.088902840231342e-002, 8.264276024338163e-001,-3.364687226936777e-001,-2.071734334421313e-001
 5.870000000000000e+000, 6.865755255507053e-001, 1.410743963931811e-001,-2.013907754047103e-002, 8.381937725228232e-001,-3.415430168946009e-001,-2.130672352946048e-001
 5.880000000000000e+000, 6.951408191379690e-001, 1.414964176830524e-001,-1.935315449650949e-002, 8.497774049145107e-001,-3.465046011970572e-001,-2.189639556766407e-001
 5.890000000000000e+000, 7.036842458081040e-001, 1.419055141517223e-001,-1.854068364298251e-002, 8.611669002297098e-001,-3.513501729590497e-001,-2.248358700412839e-001
 5.900000000000000e+000, 7.122219796847853e-001, 1.423014274770358e-001,-1.771350682437919e-002, 8.723557778292275e-001,-3.560784147054287e-001,-2.306525543945170e-001
 5.910000000000000e+000, 7.207730237007167e-001, 1.426813115333629e-001,-1.688518088191933e-002, 8.833419889698747e-001,-3.606895219566795e-001,-2.363821117429592e-001
 5.920000000000000e+000, 7.293579446931571e-001, 1.430404398483731e-001,-1.606972149956373e-002, 8.941272643568612e-001,-3.651847559514163e-001,-2.419931069208705e-001
 5.930000000000000e+000, 7.379971012789723e-001, 1.433733920161200e-001,-1.528001663798361e-002, 9.047163637003199e-001,-3.695660265678412e-001,-2.474570279453041e-001
 5.940000000000000e+000, 7.467084724138965e-001, 1.436754016053856e-001,-1.452625643573676e-002, 9.151161801681915e-001,-3.738356395231618e-001,-2.527506966637684e-001
 5.950000000000000e+000, 7.555055290660523e-001, 1.439434090452290e-001,-1.381462259151532e-002, 9.253347892333490e-001,-3.779962711114559e-001,-2.578577822490518e-001
 5.960000000000000e+000, 7.643955927837963e-001, 1.441764833838968e-001,-1.314630096668506e-002, 9.353805464977472e-001,-3.820509123130229e-001,-2.627691890035951e-001
 5.970000000000000e+000, 7.733792414962540e-001, 1.443757356966045e-001,-1.251704098893052e-002, 9.452613731224460e-001,-3.860025544070005e-001,-2.674826333466134e-001
 5.980000000000000e+000, 7.824513772957596e-001, 1.445440576427770e-001,-1.191775456888103e-002, 9.549843398768462e-001,-3.898538658926574e-001,-2.720015481870436e-001
 5.990000000000000e+000, 7.916035466411112e-001, 1.446857881733594e-001,-1.133625512783605e-002, 9.645554918370585e-001,-3.936071416348382e-001,-2.763334087411062e-001
 6.000000000000000e+000, 8.008260862555812e-001, 1.448061727277563e-001,-1.075945097883735e-002, 9.739797443556624e-001,-3.972643430882216e-001,-2.804878250307532e-001
 6.010000000000000e+000, 8.101092423636028e-001, 1.449105333224718e-001,-1.017515817846362e-002, 9.832606576961449e-001,-4.008269608228773e-001,-2.844747489213496e-001
 6.020000000000000e+000, 8.194433382805765e-001, 1.450032254553531e-001,-9.573075644858134e-003, 9.923999884999603e-001,-4.042957999458348e-001,-2.883029081682335e-001
 6.030000000000000e+000, 8.288182935966700e-001, 1.450866921642948e-001,-8.944799753734427e-003, 1.001397188120392e+000,-4.076709991692801e-001,-2.919785959967722e-001
 6.040000000000000e+000, 8.382229379362639e-001, 1.451610252135789e-001,-8.283154488324000e-003, 1.010249169646835e+000,-4.109523250580603e-001,-2.955051443122238e-001
 6.050000000000000e+000, 8.476445779594470e-001, 1.452240632776876e-001,-7.581303718082882e-003, 1.018950429539686e+000,-4.141393549799153e-001,-2.988832532534264e-001
 6.060000000000000e+000, 8.570689387694777e-001, 1.452718067643917e-001,-6.831938017055081e-003, 1.027493327209905e+000,-4.172312940391825e-001,-3.021119266525655e-001
 6.070000000000000e+000, 8.664803943063567e-001, 1.452990233601461e-001,-6.026787533036376e-003, 1.035868444396025e+000,-4.202267389652946e-001,-3.051895069115080e-001
 6.080000000000000e+000, 8.758624688332837e-001, 1.452999205541359e-001,-5.156735283318605e-003, 1.044065272779460e+000,-4.231237886418423e-001,-3.081145417807022e-001
 6.090000000000000e+000, 8.851987279204238e-001, 1.452691024220050e-001,-4.212960491859688e-003, 1.052073586847803e+000,-4.259206447326738e-001,-3.108867081006271e-001
 6.100000000000000e+000, 8.944743084068385e-001, 1.452032957999907e-001,-3.189692899909046e-003, 1.059885604745627e+000,-4.286167361401731e-001,-3.135079467949838e-001
 6.110000000000000e+000, 9.036780807058138e-001, 1.451036406223167e-001,-2.088399324408544e-003, 1.067498601113294e+000,-4.312140170457536e-001,-3.159836547369541e-001
 6.120000000000000e+000, 9.128047769257124e-001, 1.449776311416691e-001,-9.220407745823896e-004, 1.074917338075068e+000,-4.337176867547865e-001,-3.183238213368885e-001
 6.130000000000000e+000, 9.218561377802248e-001, 1.448396949498247e-001, 2.825525209010241e-004, 1.082155476809260e+000,-4.361360066252840e-001,-3.205436049523570e-001
 6.140000000000000e+000, 9.308405150247477e-001, 1.447097022073995e-001, 1.486034474820737e-003, 1.089235046222774e+000,-4.384796014809297e-001,-3.226623880479496e-001
 6.150000000000000e+000, 9.397709378450448e-001, 1.446096533694419e-001, 2.642096635032972e-003, 1.096183610803881e+000,-4.407606472054590e-001,-3.247011908487736e-001
 6.160000000000000e+000, 9.486622404423386e-001, 1.445596886648968e-001, 3.705323343814604e-003, 1.103029918220735e+000,-4.429918815925528e-001,-3.266795896830695e-001
 6.170000000000000e+000, 9.575370787463430e-001, 1.445758647019748e-001, 4.634366927055350e-003, 1.109801758787522e+000,-4.451839540374319e-001,-3.286110284362846e-001
 6.180000000000000e+000, 9.663887818971075e-001, 1.446639128231224e-001, 5.411681917163045e-003, 1.116514762143215e+000,-4.473494674942208e-001,-3.305114785046997e-001
 6.190000000000000e+000, 9.752346032574876e-001, 1.448268150215610e-001, 6.020132285611110e-003, 1.123185103606009e+000,-4.494943635900445e-001,-3.323851708673508e-001
 6.200000000000000e+000, 9.840798491514572e-001, 1.450619216079894e-001, 6.457130104685533e-003, 1.129821882669947e+000,-4.516233985490917e-001,-3.342348166866439e-001
 6.210000000000000e+000, 9.929276813448552e-001, 1.453645980090812e-001, 6.727316869113837e-003, 1.136431253419015e+000,-4.537392247944022e-001,-3.360607005335997e-001
 6.220000000000000e+000, 1.001779533410992e+000, 1.457301832325046e-001, 6.839040326626493e-003, 1.143018014373656e+000,-4.558429810621721e-001,-3.378622221671243e-001
 6.230000000000000e+000, 1.010635210902681e+000, 1.461549461468295e-001, 6.801211848389943e-003, 1.149586547232159e+000,-4.579350162522443e-001,-3.396387791744199e-001
 6.240000000000000e+000, 1.019492861112223e+000, 1.466360771496786e-001, 6.621265573448747e-003, 1.156141150741892e+000,-4.600154614280765e-001,-3.413895301369453e-001
 6.250000000000000e+000, 1.028348871769928e+000, 1.471711195932843e-001, 6.304491942159021e-003, 1.162685899442455e+000,-4.620845018971637e-001,-3.431124783422488e-001
 6.260000000000000e+000, 1.037197496161455e+000, 1.477572345307132e-001, 5.854347836885932e-003, 1.169224235548017e+000,-4.641424905825959e-001,-3.448038841855384e-001
 6.270000000000000e+000, 1.046030300422164e+000, 1.483906138147240e-001, 5.273247884551884e-003, 1.175758582011833e+000,-4.661899611740412e-001,-3.464586300357192e-001
 6.280000000000000e+000, 1.054835746100457e+000, 1.490662969463332e-001, 4.563647209808392e-003, 1.182290088240218e+000,-4.682275015448993e-001,-3.480712175510797e-001
 6.290000000000000e+000, 1.063598970217973e+000, 1.497784627374243e-001, 3.729306325409347e-003, 1.188818442967333e+000,-4.702556597596285e-001,-3.496366429133690e-001
 6.300000000000000e+000, 1.072301818954203e+000, 1.505209041264142e-001, 2.776544981971049e-003, 1.195341704376567e+000,-4.722750419501759e-001,-3.511508176751422e-001
 6.310000000000000e+000, 1.080923443075785e+000, 1.512872872087583e-001, 1.715129362167071e-003, 1.201856215518724e+000,-4.742863875996213e-001,-3.526107077800345e-001
 6.320000000000000e+000, 1.089441766718471e+000, 1.520711938508701e-001, 5.583859819976295e-004, 1.208356720306852e+000,-4.762903600802921e-001,-3.540144298868571e-001
 6.330000000000000e+000, 1.097835700251046e+000, 1.528662414544533e-001,-6.775736937671829e-004, 1.214836705422673e+000,-4.782871976143301e-001,-3.553613747648030e-001
 6.340000000000000e+000, 1.106087339756598e+000, 1.536661428838531e-001,-1.975215374678179e-003, 1.221288885541083e+000,-4.802765775230238e-001,-3.566520625687129e-001
 6.350000000000000e+000, 1.114183409291719e+000, 1.544642171255291e-001,-3.316972908499583e-003, 1.227705648168442e+000,-4.822576776313770e-001,-3.578874296622444e-001
 6.359999999999999e+000, 1.122115873749942e+000, 1.552527547543678e-001,-4.686299459565629e-003, 1.234079289268188e+000,-4.842291252860184e-001,-3.590680214625753e-001
 6.370000000000000e+000, 1.129881979318653e+000, 1.560233096950838e-001,-6.068344865159507e-003, 1.240402023323069e+000,-4.861887850986471e-001,-3.601938727576999e-001
 6.380000000000000e+000, 1.137483922654086e+000, 1.567678960818491e-001,-7.450304810604773e-003, 1.246665865805324e+000,-4.881335617561276e-001,-3.612651969615618e-001
 6.390000000000000e+000, 1.144928281248665e+000, 1.574802115806193e-001,-8.821594867706471e-003, 1.252862582955622e+000,-4.900593953567226e-001,-3.622835071647346e-001
 6.400000000000000e+000, 1.152225159563875e+000, 1.581564950025540e-001,-1.017397682636849e-002, 1.258983861631586e+000,-4.919615820397449e-001,-3.632527464999735e-001
 6.410000000000000e+000, 1.159387063550123e+000, 1.587959281133733e-001,-1.150150927429950e-002, 1.265021614976660e+000,-4.938352851326550e-001,-3.641800926602347e-001
 6.420000000000000e+000, 1.166427912196054e+000, 1.594004688754207e-001,-1.280028462123002e-002, 1.270968268554120e+000,-4.956758910652040e-001,-3.650763324325926e-001
 6.430000000000000e+000, 1.173362512933646e+000, 1.599742182892605e-001,-1.406815735088263e-002, 1.276817002630860e+000,-4.974790863961596e-001,-3.659558762193113e-001
 6.440000000000000e+000, 1.180206112385100e+000, 1.605225580916370e-001,-1.530448109224123e-002, 1.282562005304742e+000,-4.992408918147851e-001,-3.668361920768947e-001
 6.450000000000000e+000, 1.186973580715689e+000, 1.610513042179855e-001,-1.650969276829618e-002, 1.288198805206374e+000,-5.009579515649101e-001,-3.677361585890877e-001
 6.460000000000000e+000, 1.193678532311160e+000, 1.615659719446889e-001,-1.768493466649293e-002, 1.293724726486258e+000,-5.026280414087180e-001,-3.686737939686028e-001
 6.470000000000000e+000, 1.200332643869054e+000, 1.620709311097976e-001,-1.883203108565968e-002, 1.299139368116384e+000,-5.042504628895991e-001,-3.696647297736737e-001
 6.480000000000000e+000, 1.206944963710208e+000, 1.625684067700113e-001,-1.995361537812669e-002, 1.304444907501977e+000,-5.058262121238746e-001,-3.707217195183775e-001
 6.490000000000000e+000, 1.213521346166224e+000, 1.630578488954766e-001,-2.105305186527500e-002, 1.309646188479633e+000,-5.073580715424922e-001,-3.718544807727530e-001
 6.500000000000000e+000, 1.220064306269302e+000, 1.635360866489286e-001,-2.213416879000422e-002, 1.314750720739279e+000,-5.088507061132116e-001,-3.730696054264923e-001
 6.510000000000000e+000, 1.226573229284248e+000, 1.639980817341769e-001,-2.320095706278656e-002, 1.319768683007952e+000,-5.103107760336910e-001,-3.743705132601919e-001
 6.520000000000000e+000, 1.233044980714714e+000, 1.644378395361532e-001,-2.425740093024162e-002, 1.324712940816529e+000,-5.117468847562078e-001,-3.757574629817866e-001
 6.529999999999999e+000, 1.239475022298306e+000, 1.648491784760429e-001,-2.530745130162592e-002, 1.329598993415655e+000,-5.131690045101562e-001,-3.772278219777148e-001
 6.540000000000000e+000, 1.245858725432490e+000, 1.652263289271345e-001,-2.635483329761739e-002, 1.334444739123507e+000,-5.145873096840866e-001,-3.787766038803738e-001
 6.550000000000000e+000, 1.252192387106031e+000, 1.655644603447257e-001,-2.740266698010211e-002, 1.339270039210264e+000,-5.160107972007333e-001,-3.803972168779064e-001
 6.560000000000000e+000, 1.258473411037512e+000, 1.658601407196001e-001,-2.845317939059550e-002, 1.344095989711151e+000,-5.174464034804812e-001,-3.820825240940632e-001
 6.570000000000000e+000, 1.264699405243209e+000, 1.661116166263588e-001,-2.950735459183798e-002, 1.348943710010748e+000,-5.188992172912096e-001,-3.838259274957379e-001
 6.580000000000000e+000, 1.270866928418032e+000, 1.663189327115879e-001,-3.056438832557762e-002, 1.353832803213722e+000,-5.203734096634928e-001,-3.856218330775913e-001
 6.590000000000000e+000, 1.276970873357592e+000, 1.664840137651140e-001,-3.162141772897462e-002, 1.358779974980050e+000,-5.218728414568224e-001,-3.874653845743770e-001
 6.600000000000000e+000, 1.283004493984606e+000, 1.666105589277511e-001,-3.267392460766553e-002, 1.363797983589102e+000,-5.234010089052907e-001,-3.893518823433501e-001
 6.609999999999999e+000, 1.288959701090558e+000, 1.667035265757142e-001,-3.371659373884987e-002, 1.368894763238498e+000,-5.249606771948805e-001,-3.912760718314731e-001
 6.620000000000000e+000, 1.294827775226778e+000, 1.667683854510844e-001,-3.474423057110584e-002, 1.374072742166378e+000,-5.265534217755468e-001,-3.932312870280725e-001
 6.630000000000000e+000, 1.300600520065499e+000, 1.668104962133852e-001,-3.575263474138701e-002, 1.379328500450465e+000,-5.281791201264879e-001,-3.952088264754426e-001
 6.640000000000000e+000, 1.306271420064317e+000, 1.668347163596773e-001,-3.673933380625788e-002, 1.384652734714378e+000,-5.298354518827498e-001,-3.971979903593088e-001
 6.650000000000000e+000, 1.311836600033373e+000, 1.668450579164229e-001,-3.770392833653196e-002, 1.390030490407463e+000,-5.315175505888401e-001,-3.991865118265616e-001
 6.660000000000000e+000, 1.317295539501018e+000, 1.668442701947557e-001,-3.864801677725967e-002, 1.395441726692839e+000,-5.332179189245186e-001,-4.011608676318643e-001
 6.670000000000000e+000, 1.322651364305981e+000, 1.668334010148942e-001,-3.957489864960256e-002, 1.400862203523436e+000,-5.349265361312382e-001,-4.031064395405093e-001
 6.680000000000000e+000, 1.327910641142486e+000, 1.668114412798003e-001,-4.048919235973430e-002, 1.406264632665801e+000,-5.366311825733684e-001,-4.050077545085009e-001
 6.690000000000000e+000, 1.333082721177216e+000, 1.667750179703416e-001,-4.139633040478265e-002, 1.411620001370624e+000,-5.383181659874236e-001,-4.068488631176868e-001
 6.699999999999999e+000, 1.338178854100008e+000, 1.667181400703988e-001,-4.230194297390597e-002, 1.416898942300221e+000,-5.399733435191636e-001,-4.086138750114476e-001
 6.710000000000000e+000, 1.343211273064986e+000, 1.666322952061843e-001,-4.321131392497227e-002, 1.422073127839552e+000,-5.415830786577652e-001,-4.102877953434026e-001
 6.720000000000000e+000, 1.348192224205592e+000, 1.665071823538535e-001,-4.412904384441316e-002, 1.427116708539309e+000,-5.431349384246799e-001,-4.118576571230805e-001
 6.730000000000000e+000, 1.353133089116365e+000, 1.663319176703735e-001,-4.505883199586941e-002, 1.432007707555747e+000,-5.446181655250355e-001,-4.133135607629182e-001
 6.740000000000000e+000, 1.358043767312665e+000, 1.660962080003698e-001,-4.600305405545981e-002, 1.436729154250455e+000,-5.460241091470685e-001,-4.146491088548360e-001
 6.750000000000000e+000, 1.362932185883768e+000, 1.657912275233058e-001,-4.696209393312852e-002, 1.441269785932158e+000,-5.473467122248460e-001,-4.158612449278288e-001
 6.760000000000000e+000, 1.367803969230019e+000, 1.654103652875509e-001,-4.793394371300191e-002, 1.445624382447234e+000,-5.485828658541038e-001,-4.169500162652083e-001
 6.770000000000000e+000, 1.372662382627212e+000, 1.649499418079516e-001,-4.891429098285771e-002, 1.449793794370971e+000,-5.497324878967221e-001,-4.179184576351512e-001
 6.779999999999999e+000, 1.377508272645226e+000, 1.644096792709207e-001,-4.989670339817657e-002, 1.453784498234673e+000,-5.507984237882467e-001,-4.187724108719425e-001
 6.790000000000000e+000, 1.382339812462815e+000, 1.637927332565110e-001,-5.087275951216603e-002, 1.457607616875547e+000,-5.517861893028117e-001,-4.195202934612464e-001
 6.800000000000000e+000, 1.387152356341346e+000, 1.631053512476974e-001,-5.183246828782314e-002, 1.461277680905180e+000,-5.527034714621505e-001,-4.201728916006323e-001
 6.810000000000000e+000, 1.391938672345221e+000, 1.623563345735426e-001,-5.276510733413675e-002, 1.464811382874288e+000,-5.535594711662896e-001,-4.207429638333864e-001
 6.820000000000000e+000, 1.396689411746246e+000, 1.615564043722935e-001,-5.366009745564787e-002, 1.468226286822428e+000,-5.543642315673059e-001,-4.212444377960010e-001
 6.830000000000000e+000, 1.401393608171754e+000, 1.607175607184710e-001,-5.450767045113703e-002, 1.471539513165842e+000,-5.551279816212864e-001,-4.216913518661328e-001
 6.840000000000000e+000, 1.406039285122438e+000, 1.598527006656210e-001,-5.529970134582526e-002, 1.474766721968836e+000,-5.558605550593903e-001,-4.220969402791681e-001
 6.850000000000000e+000, 1.410614496807672e+000, 1.589757642039238e-001,-5.603106783847015e-002, 1.477921633369378e+000,-5.565709863923408e-001,-4.224731361269231e-001
 6.859999999999999e+000, 1.415109029946789e+000, 1.581022700316543e-001,-5.670126774918527e-002, 1.481015930155958e+000,-5.572672159191453e-001,-4.228305135746962e-001
 6.870000000000000e+000, 1.419516356454813e+000, 1.572497083111624e-001,-5.731563306109184e-002, 1.484059245569297e+000,-5.579557159200768e-001,-4.231785244534987e-001
 6.880000000000000e+000, 1.423834503162839e+000, 1.564369732888922e-001,-5.788517453565302e-002, 1.487058934683857e+000,-5.586410615403877e-001,-4.235254640013572e-001
 6.890000000000000e+000, 1.428064635441560e+000, 1.556822274539804e-001,-5.842427981582164e-002, 1.490019375706690e+000,-5.593257374016926e-001,-4.238774567931590e-001
 6.900000000000000e+000, 1.432208374964427e+000, 1.550001116725397e-001,-5.894725786126959e-002, 1.492941146051023e+000,-5.600103223057997e-001,-4.242369312296440e-001
 6.910000000000000e+000, 1.436266363116877e+000, 1.544001559556723e-001,-5.946582923821375e-002, 1.495820864066482e+000,-5.606938158424437e-001,-4.246019462949427e-001
 6.920000000000000e+000, 1.440238741286749e+000, 1.538868765342005e-001,-5.998820511243704e-002, 1.498651862726830e+000,-5.613738452700885e-001,-4.249668321335901e-001
 6.930000000000000e+000, 1.444126322801518e+000, 1.534607167735584e-001,-6.051909242815567e-002, 1.501425233101900e+000,-5.620468057536403e-001,-4.253236286290492e-001
 6.940000000000000e+000, 1.447931546454938e+000, 1.531190921541292e-001,-6.106013043922087e-002, 1.504130936674424e+000,-5.627081062356625e-001,-4.256637876323284e-001
 6.950000000000000e+000, 1.451658839391335e+000, 1.528571751733610e-001,-6.161058214973525e-002, 1.506758869775398e+000,-5.633525416404031e-001,-4.259797449718774e-001
 6.960000000000000e+000, 1.455314225897037e+000, 1.526684064019106e-001,-6.216817219840260e-002, 1.509299734590465e+000,-5.639747274203570e-001,-4.262660497650254e-001
 6.970000000000000e+000, 1.458904402728078e+000, 1.525450075133756e-001,-6.272970191455493e-002, 1.511745726147919e+000,-5.645694818197437e-001,-4.265199790613464e-001
 6.980000000000000e+000, 1.462435659305176e+000, 1.524785242665752e-001,-6.329099810870155e-002, 1.514091137354592e+000,-5.651321121823000e-001,-4.267417695639069e-001
 6.990000000000000e+000, 1.465912805874286e+000, 1.524601912984223e-001,-6.384648606366179e-002, 1.516332832690565e+000,-5.656587674404727e-001,-4.269346138329706e-001
 7.000000000000000e+000, 1.469338064708704e+000, 1.524812472376724e-001,-6.438918222703331e-002, 1.518470518529022e+000,-5.661468437885892e-001,-4.271045683347472e-001
 7.010000000000000e+000, 1.472710102190583e+000, 1.525333219900391e-001,-6.491123671734682e-002, 1.520506824080819e+000,-5.665952056587087e-001,-4.272603725230572e-001
 7.020000000000000e+000, 1.476023576625226e+000, 1.526086244827829e-001,-6.540437172622671e-002, 1.522447182641953e+000,-5.670042482551112e-001,-4.274129648355136e-001
 7.029999999999999e+000, 1.479269268260663e+000, 1.526998333873457e-001,-6.585987370258856e-002, 1.524299495436320e+000,-5.673759393264047e-001,-4.275746250046026e-001
 7.040000000000000e+000, 1.482434644773168e+000, 1.527998657868290e-001,-6.626849387842668e-002, 1.526073618603745e+000,-5.677137333391613e-001,-4.277578541557476e-001
 7.050000000000000e+000, 1.485504718363144e+000, 1.529016006066779e-001,-6.662059633539501e-002, 1.527780727506511e+000,-5.680222671230741e-001,-4.279740850018199e-001
 7.060000000000000e+000, 1.488463025754206e+000, 1.529976979951446e-001,-6.690667922378078e-002, 1.529432629732286e+000,-5.683069439336622e-001,-4.282324826901047e-001
 7.070000000000000e+000, 1.491292740009804e+000, 1.530807628272892e-001,-6.711840545193981e-002, 1.531041133012078e+000,-5.685735755314402e-001,-4.285391390663145e-001
 7.080000000000000e+000, 1.493977897299486e+000, 1.531438187628169e-001,-6.724986398978514e-002, 1.532617472713399e+000,-5.688281816115310e-001,-4.288965880714344e-001
 7.090000000000000e+000, 1.496504405253824e+000, 1.531807802690097e-001,-6.729845517421187e-002, 1.534171706061896e+000,-5.690768116121207e-001,-4.293034816193422e-001
 7.100000000000000e+000, 1.498860702753279e+000, 1.531866853685364e-001,-6.726528603704582e-002, 1.535712069039320e+000,-5.693252211335608e-001,-4.297544831983548e-001
 7.109999999999999e+000, 1.501038186452545e+000, 1.531576700083601e-001,-6.715513049870744e-002, 1.537244346088604e+000,-5.695785702701044e-001,-4.302404334272289e-001
 7.119999999999999e+000, 1.503031345506484e+000, 1.530909090008272e-001,-6.697584243799815e-002, 1.538771336374900e+000,-5.698413873848646e-001,-4.307488534746879e-001
 7.130000000000000e+000, 1.504837791181128e+000, 1.529847818716896e-001,-6.673768932122116e-002, 1.540292614587033e+000,-5.701176975829022e-001,-4.312648344407042e-001
 7.140000000000000e+000, 1.506458541976156e+000, 1.528391325017653e-001,-6.645302524969801e-002, 1.541804652709338e+000,-5.704108631050089e-001,-4.317721356535966e-001
 7.150000000000000e+000, 1.507898347972529e+000, 1.526552501170770e-001,-6.613566442579927e-002, 1.543301076870473e+000,-5.707228494827815e-001,-4.322542829527679e-001
 7.160000000000000e+000, 1.509165574306402e+000, 1.524355017584802e-001,-6.579953360960490e-002, 1.544772846969705e+000,-5.710534439870061e-001,-4.326955152101593e-001
 7.170000000000000e+000, 1.510271558480823e+000, 1.521828413888806e-001,-6.545732259964236e-002, 1.546208398383956e+000,-5.714001188198417e-001,-4.330815022717174e-001
 7.180000000000000e+000, 1.511229647141409e+000, 1.519003725578825e-001,-6.511985134077113e-002, 1.547593951226309e+000,-5.717583190515186e-001,-4.334000347820118e-001
 7.190000000000000e+000, 1.512054151743809e+000, 1.515910641454175e-001,-6.479605751753273e-002, 1.548914106815913e+000,-5.721217224682290e-001,-4.336418111615516e-001
 7.199999999999999e+000, 1.512759390977997e+000, 1.512576581329812e-001,-6.449318718494998e-002, 1.550152590644713e+000,-5.724826947501442e-001,-4.338012150301908e-001
 7.210000000000000e+000, 1.513358835007220e+000, 1.509026756841294e-001,-6.421700879142986e-002, 1.551292929286825e+000,-5.728331894448308e-001,-4.338771670173667e-001
 7.220000000000000e+000, 1.513864205781421e+000, 1.505285591525041e-001,-6.397173171479699e-002, 1.552319076198219e+000,-5.731657898571448e-001,-4.338739307827036e-001
 7.230000000000000e+000, 1.514284681851426e+000, 1.501381068943493e-001,-6.375937185413985e-002, 1.553216145383300e+000,-5.734743308604315e-001,-4.338009598516949e-001
 7.239999999999999e+000, 1.514626825392116e+000, 1.497349511386903e-001,-6.357928699473382e-002, 1.553971255348923e+000,-5.737537636310441e-001,-4.336710288952807e-001
 7.250000000000000e+000, 1.514895217313422e+000, 1.493236518230792e-001,-6.342855893785185e-002, 1.554574293366966e+000,-5.739996410141235e-001,-4.334975031213813e-001
 7.260000000000000e+000, 1.515092933883926e+000, 1.489094341294495e-001,-6.330267246572958e-002, 1.555018414656805e+000,-5.742079426515587e-001,-4.332924820825195e-001
 7.270000000000000e+000, 1.515221450344957e+000, 1.484978546878042e-001,-6.319578506561134e-002, 1.555300204815979e+000,-5.743753649692628e-001,-4.330663143666122e-001
 7.279999999999999e+000, 1.515280292657083e+000, 1.480945097703648e-001,-6.310066357862648e-002, 1.555419510912987e+000,-5.744997057469520e-001,-4.328276361351472e-001
 7.290000000000000e+000, 1.515266870768175e+000, 1.477047677176067e-001,-6.300880422822960e-002, 1.555379022032428e+000,-5.745801188760782e-001,-4.325832917922197e-001
 7.300000000000000e+000, 1.515176753104543e+000, 1.473335092600363e-001,-6.291113971967305e-002, 1.555183738859989e+000,-5.746171828765904e-001,-4.323382218758747e-001
 7.310000000000000e+000, 1.515004320615978e+000, 1.469849015549547e-001,-6.279918588867957e-002, 1.554840402852848e+000,-5.746126852792076e-001,-4.320955792784158e-001
 7.319999999999999e+000, 1.514743432235831e+000, 1.466622793602985e-001,-6.266600416666376e-002, 1.554356892653010e+000,-5.745692124149364e-001,-4.318570145507708e-001
 7.330000000000000e+000, 1.514387783346897e+000, 1.463681211795858e-001,-6.250664531470508e-002, 1.553741619443726e+000,-5.744898665108535e-001,-4.316228428603935e-001
 7.340000000000000e+000, 1.513931021475488e+000, 1.461040103483720e-001,-6.231827962152847e-002, 1.553002953710778e+000,-5.743781006311554e-001,-4.313920654430329e-001
 7.350000000000000e+000, 1.513366836503947e+000, 1.458705688125555e-001,-6.210009871325441e-002, 1.552148737096834e+000,-5.742374508564001e-001,-4.311624350116636e-001
 7.359999999999999e+000, 1.512689115287531e+000, 1.456674767137625e-001,-6.185300202099640e-002, 1.551185953736672e+000,-5.740713533288236e-001,-4.309305743581601e-001
 7.369999999999999e+000, 1.511892220000838e+000, 1.454936290867093e-001,-6.157938410235290e-002, 1.550120563098639e+000,-5.738832478396390e-001,-4.306920539127477e-001
 7.380000000000000e+000, 1.510971037782935e+000, 1.453489791113813e-001,-6.128519322822838e-002, 1.548958930941196e+000,-5.736784301450637e-001,-4.304414211603977e-001
 7.390000000000000e+000, 1.509922006134632e+000, 1.452278447015609e-001,-6.097075825315688e-002, 1.547701896304655e+000,-5.734572346570849e-001,-4.301722625109023e-001
 7.400000000000000e+000, 1.508740941108349e+000, 1.451268206900600e-001,-6.064133429647601e-002, 1.546351904457401e+000,-5.732227746751819e-001,-4.298776347410750e-001
 7.410000000000000e+000, 1.507424673597932e+000, 1.450460750583973e-001,-6.030700438297841e-002, 1.544914010967061e+000,-5.729819494599400e-001,-4.295501926304854e-001
 7.420000000000000e+000, 1.505970661605187e+000, 1.449803770069389e-001,-5.997204658285627e-002, 1.543387752943406e+000,-5.727356241241334e-001,-4.291834440777756e-001
 7.430000000000000e+000, 1.504377341825201e+000, 1.449270007464074e-001,-5.964379570293271e-002, 1.541773874278472e+000,-5.724861026164714e-001,-4.287722526671394e-001
 7.440000000000000e+000, 1.502644514239634e+000, 1.448843866973404e-001,-5.933036350747147e-002, 1.540073038479429e+000,-5.722353423114681e-001,-4.283132368315928e-001
 7.449999999999999e+000, 1.500773429675927e+000, 1.448522497313232e-001,-5.904021185253505e-002, 1.538286061711078e+000,-5.719849703322966e-001,-4.278047780744950e-001
 7.460000000000000e+000, 1.498766486077098e+000, 1.448312533035343e-001,-5.878134936291313e-002, 1.536414004267118e+000,-5.717362398476296e-001,-4.272466530436109e-001
 7.470000000000000e+000, 1.496626658899909e+000, 1.448224526587725e-001,-5.856053809805800e-002, 1.534458107993121e+000,-5.714900020945628e-001,-4.266395914760090e-001
 7.480000000000000e+000, 1.494356840387722e+000, 1.448268859970170e-001,-5.838289707306139e-002, 1.532419674454110e+000,-5.712467324557143e-001,-4.259850569871898e-001
 7.490000000000000e+000, 1.491959199356985e+000, 1.448454816072327e-001,-5.825171621037546e-002, 1.530299938531959e+000,-5.710064279861975e-001,-4.252853286511650e-001
 7.500000000000000e+000, 1.489434640265358e+000, 1.448790208139306e-001,-5.816801065293325e-002, 1.528099861718046e+000,-5.707684074653066e-001,-4.245435056305499e-001
 7.510000000000000e+000, 1.486782461640147e+000, 1.449278656715221e-001,-5.812972573390348e-002, 1.525819828951242e+000,-5.705312697916639e-001,-4.237630260125126e-001
 7.520000000000000e+000, 1.484000263288516e+000, 1.449916336865358e-001,-5.813104647482374e-002, 1.523459416103296e+000,-5.702929639468295e-001,-4.229470561212887e-001
 7.529999999999999e+000, 1.481084010993274e+000, 1.450692257925803e-001,-5.816214284772847e-002, 1.521017353644468e+000,-5.700507154497246e-001,-4.220983864664997e-001
 7.540000000000000e+000, 1.478028192793959e+000, 1.451592048101880e-001,-5.820910693267199e-002, 1.518491606282615e+000,-5.698007381893179e-001,-4.212197889460678e-001
 7.550000000000000e+000, 1.474826038491832e+000, 1.452600795136181e-001,-5.825386387578154e-002, 1.515879465996879e+000,-5.695378837200511e-001,-4.203143271217063e-001
 7.560000000000000e+000, 1.471470079253095e+000, 1.453702435728483e-001,-5.827508370224226e-002, 1.513177698527546e+000,-5.692555557276247e-001,-4.193853818073353e-001
 7.569999999999999e+000, 1.467953726615388e+000, 1.454878143476155e-001,-5.825167984091599e-002, 1.510382822906823e+000,-5.689462111721029e-001,-4.184365210987357e-001
 7.580000000000000e+000, 1.464273447312013e+000, 1.456105613270804e-001,-5.816752079676849e-002, 1.507491444897165e+000,-5.686022556666562e-001,-4.174712919630762e-001
 7.590000000000000e+000, 1.460429727148169e+000, 1.457358089954963e-001,-5.801347331348074e-002, 1.504500488337427e+000,-5.682166972584313e-001,-4.164929056096094e-001
 7.600000000000000e+000, 1.456426179472745e+000, 1.458603926770725e-001,-5.778587747152385e-002, 1.501407358387525e+000,-5.677833058014836e-001,-4.155039599954803e-001
 7.609999999999999e+000, 1.452268036913250e+000, 1.459808993389458e-001,-5.748409306570498e-002, 1.498210150561125e+000,-5.672965685774297e-001,-4.145063308914002e-001
 7.619999999999999e+000, 1.447961037162132e+000, 1.460940538333704e-001,-5.710898151965348e-002, 1.494907818739418e+000,-5.667517103151304e-001,-4.135010533980605e-001
 7.629999999999999e+000, 1.443510691282962e+000, 1.461969555205855e-001,-5.666225325152059e-002, 1.491500141359331e+000,-5.661447319001554e-001,-4.124880569311159e-001
 7.640000000000000e+000, 1.438921780265006e+000, 1.462872242233693e-001,-5.614616943818633e-002, 1.487987537482095e+000,-5.654722953651903e-001,-4.114660699469788e-001
 7.650000000000000e+000, 1.434198039034848e+000, 1.463632875303764e-001,-5.556334119497937e-002, 1.484370893784863e+000,-5.647316129355366e-001,-4.104330269377325e-001
 7.660000000000000e+000, 1.429342019170266e+000, 1.464248529637187e-001,-5.491667964726606e-002, 1.480651406768499e+000,-5.639206786034573e-001,-4.093868635655231e-001
 7.670000000000000e+000, 1.424355232609746e+000, 1.464733626895818e-001,-5.420960696090988e-002, 1.476830392163122e+000,-5.630386224415033e-001,-4.083263302539701e-001
 7.680000000000000e+000, 1.419238471077241e+000, 1.465121111011027e-001,-5.344633435463869e-002, 1.472909139016517e+000,-5.620857272846483e-001,-4.072513939351304e-001
 7.690000000000000e+000, 1.413991988888692e+000, 1.465459425754130e-001,-5.263186518860966e-002, 1.468888896397752e+000,-5.610631951523198e-001,-4.061630630340765e-001
 7.699999999999999e+000, 1.408615536395338e+000, 1.465807088127531e-001,-5.177151045768082e-002, 1.464770944969295e+000,-5.599729345498977e-001,-4.050629154037183e-001
 7.709999999999999e+000, 1.403108490985747e+000, 1.466226350869326e-001,-5.087013675383355e-002, 1.460556640415194e+000,-5.588174436052773e-001,-4.039526091023409e-001
 7.720000000000000e+000, 1.397470256260830e+000, 1.466778067769441e-001,-4.993181539558551e-002, 1.456247494197518e+000,-5.575998764177783e-001,-4.028335161072171e-001
 7.730000000000000e+000, 1.391700875284912e+000, 1.467519582583694e-001,-4.896008072796914e-002, 1.451845466277390e+000,-5.563242219505494e-001,-4.017066055649003e-001
 7.740000000000000e+000, 1.385801476446809e+000, 1.468504596636735e-001,-4.795833092351736e-002, 1.447353376813441e+000,-5.549952734995324e-001,-4.005725494897459e-001
 7.750000000000000e+000, 1.379774284324745e+000, 1.469783750186950e-001,-4.693006314628339e-002, 1.442775167443434e+000,-5.536183238173799e-001,-3.994318549714566e-001
 7.760000000000000e+000, 1.373622395504532e+000, 1.471405564236419e-001,-4.587896589238517e-002, 1.438115914193846e+000,-5.521988937491661e-001,-3.982848224398668e-001
 7.770000000000000e+000, 1.367349524346433e+000, 1.473417007933904e-001,-4.480902068455856e-002, 1.433381642067918e+000,-5.507425609058052e-001,-3.971314193889068e-001
 7.779999999999999e+000, 1.360959769456030e+000, 1.475863497885912e-001,-4.372468346451388e-002, 1.428579014668995e+000,-5.492546934626088e-001,-3.959713289394194e-001
 7.789999999999999e+000, 1.354457460009912e+000, 1.478787549898379e-001,-4.263087706529332e-002, 1.423714976634063e+000,-5.477402078033541e-001,-3.948040293123911e-001
 7.800000000000000e+000, 1.347847067641919e+000, 1.482224429048555e-001,-4.153259285562413e-002, 1.418796419098341e+000,-5.462035776078998e-001,-3.936286194183552e-001
 7.810000000000000e+000, 1.341132996331260e+000, 1.486196712844599e-001,-4.043431427488458e-002, 1.413829906223102e+000,-5.446489978595628e-001,-3.924435300640462e-001
 7.820000000000000e+000, 1.334318984416140e+000, 1.490710726620788e-001,-3.933943556613791e-002, 1.408821406929753e+000,-5.430804749228998e-001,-3.912464021388218e-001
 7.830000000000000e+000, 1.327407145271655e+000, 1.495752354604070e-001,-3.824955384856827e-002, 1.403775927849629e+000,-5.415017055987677e-001,-3.900341596049521e-001
 7.840000000000000e+000, 1.320396942616733e+000, 1.501279591722442e-001,-3.716359958663885e-002, 1.398697079589384e+000,-5.399158107242688e-001,-3.888030611386490e-001
 7.850000000000000e+000, 1.313284331880691e+000, 1.507214163477695e-001,-3.607707574590102e-002, 1.393586729304308e+000,-5.383251982849822e-001,-3.875484739812390e-001
 7.859999999999999e+000, 1.306061337531329e+000, 1.513436029601645e-001,-3.498176576272390e-002, 1.388444822603138e+000,-5.367316558687567e-001,-3.862644603600716e-001
 7.869999999999999e+000, 1.298716686236823e+000, 1.519787172263631e-001,-3.386636532792969e-002, 1.383269495125522e+000,-5.351363944337571e-001,-3.849438463224748e-001
 7.880000000000000e+000, 1.291238077295994e+000, 1.526091240759644e-001,-3.271836218875275e-002, 1.378057674289139e+000,-5.335398759389985e-001,-3.835793236080027e-001
 7.890000000000000e+000, 1.283615249061588e+000, 1.532181576435645e-001,-3.152636167533910e-002, 1.372805945519247e+000,-5.319416695022262e-001,-3.821649895564519e-001
 7.900000000000000e+000, 1.275841804886025e+000, 1.537918828811962e-001,-3.028131926577167e-002, 1.367511055183741e+000,-5.303405612158824e-001,-3.806971427616422e-001
 7.910000000000000e+000, 1.267915068689988e+000, 1.543191901567105e-001,-2.897643455675731e-002, 1.362169867498336e+000,-5.287348428116253e-001,-3.791740581064814e-001
 7.920000000000000e+000, 1.259835080534506e+000, 1.547911859258311e-001,-2.760685519122362e-002, 1.356779099999063e+000,-5.271225677908266e-001,-3.775953847386364e-001
 7.930000000000000e+000, 1.251603815553262e+000, 1.552007495500203e-001,-2.616980788309446e-002, 1.351334989776326e+000,-5.255015652527839e-001,-3.759617053235898e-001
 7.940000000000000e+000, 1.243224852998139e+000, 1.555424320524044e-001,-2.466479772334781e-002, 1.345832874797385e+000,-5.238691882204645e-001,-3.742743432843409e-001
 7.949999999999999e+000, 1.234703283639920e+000, 1.558124701705022e-001,-2.309352385834705e-002, 1.340266793088667e+000,-5.222220746251232e-001,-3.725352437716225e-001
 7.959999999999999e+000, 1.226045549213206e+000, 1.560086091862492e-001,-2.145937265495457e-002, 1.334629125512312e+000,-5.205561155586252e-001,-3.707467072271437e-001
 7.969999999999999e+000, 1.217259058038477e+000, 1.561296639405556e-001,-1.976657185412461e-002, 1.328910237321947e+000,-5.188664402666472e-001,-3.689109209268455e-001
 7.980000000000000e+000, 1.208351715719721e+000, 1.561750502590005e-001,-1.801950225494232e-002, 1.323098297563987e+000,-5.171472973167105e-001,-3.670294439362821e-001
 7.989999999999999e+000, 1.199331606791982e+000, 1.561445647987485e-001,-1.622258570076944e-002, 1.317179523536759e+000,-5.153919930580126e-001,-3.651029433667841e-001
 8.000000000000000e+000, 1.190206837325364e+000, 1.560384002358466e-001,-1.438068824616592e-002, 1.311138790698525e+000,-5.135929604837758e-001,-3.631313431841501e-001
 8.010000000000000e+000, 1.180985352404524e+000, 1.558572207746731e-001,-1.249978449990718e-002, 1.304960325917450e+000,-5.117419730671338e-001,-3.611141593701268e-001
 8.020000000000000e+000, 1.171674691041443e+000, 1.556023277177570e-001,-1.058770956890857e-002, 1.298628357798895e+000,-5.098305411699317e-001,-3.590508110706752e-001
 8.029999999999999e+000, 1.162281818369583e+000, 1.552760135822147e-001,-8.654785349296191e-003, 1.292127768480394e+000,-5.078504021439314e-001,-3.569410568652733e-001
 8.039999999999999e+000, 1.152813065490970e+000, 1.548819833638948e-001,-6.714088351759662e-003, 1.285444767063257e+000,-5.057940051287616e-001,-3.547857405606504e-001
 8.049999999999999e+000, 1.143274048522084e+000, 1.544255834688517e-001,-4.781315981295132e-003, 1.278567596512573e+000,-5.036549187745278e-001,-3.525875709309003e-001
 8.059999999999999e+000, 1.133669625552969e+000, 1.539135959694946e-001,-2.874230127368929e-003, 1.271487261289028e+000,-5.014280309626581e-001,-3.503512387799229e-001
 8.070000000000000e+000, 1.124004325277413e+000, 1.533535538324102e-001,-1.011624285559005e-003, 1.264198193731800e+000,-4.991095575751648e-001,-3.480826476701443e-001
 8.080000000000000e+000, 1.114283415938702e+000, 1.527531269627152e-001, 7.878758687817044e-004, 1.256698807527623e+000,-4.966970823072031e-001,-3.457879839128089e-001
 8.090000000000000e+000, 1.104513983023023e+000, 1.521204163770722e-001, 2.506504072553868e-003, 1.248991938580751e+000,-4.941896982103199e-001,-3.434734623654675e-001
 8.100000000000000e+000, 1.094705408165542e+000, 1.514651676327636e-001, 4.127212477139337e-003, 1.241085139573982e+000,-4.915880340417722e-001,-3.411457872902164e-001
 8.109999999999999e+000, 1.084869343654154e+000, 1.507999966771476e-001, 5.633097524372940e-003, 1.232990739490675e+000,-4.888940562892516e-001,-3.388126900678793e-001
 8.119999999999999e+000, 1.075019368659142e+000, 1.501407743124090e-001, 7.006919579653308e-003, 1.224725644971206e+000,-4.861108968645633e-001,-3.364829387909959e-001
 8.129999999999999e+000, 1.065170331093973e+000, 1.495060821847478e-001, 8.230814652749139e-003, 1.216310968864669e+000,-4.832429111116495e-001,-3.341657205464076e-001
 8.140000000000001e+000, 1.055337417677633e+000, 1.489162170868559e-001, 9.286379394915240e-003, 1.207771309584822e+000,-4.802958000768565e-001,-3.318695621569652e-001
 8.149999999999999e+000, 1.045535099052543e+000, 1.483919211130849e-001, 1.015584990938970e-002, 1.199133232382476e+000,-4.772765034483613e-001,-3.296007889956980e-001
 8.160000000000000e+000, 1.035776228288659e+000, 1.479526521126409e-001, 1.082482610628108e-002, 1.190422876933358e+000,-4.741926258972279e-001,-3.273617243626128e-001
 8.170000000000000e+000, 1.026071194218111e+000, 1.476143414879703e-001, 1.128628442858811e-002, 1.181662965061893e+000,-4.710512865193265e-001,-3.251492054253166e-001
 8.180000000000000e+000, 1.016426474973967e+000, 1.473867245349216e-001, 1.154529211022028e-002, 1.172869400775118e+000,-4.678577478121767e-001,-3.229539550105305e-001
 8.190000000000000e+000, 1.006842507642162e+000, 1.472706343647445e-001, 1.162313101056541e-002, 1.164047975859936e+000,-4.646145193349102e-001,-3.207612604525936e-001
 8.199999999999999e+000, 9.973122215963141e-001, 1.472562679155622e-001, 1.155874767900407e-002, 1.155192469699233e+000,-4.613212053448104e-001,-3.185527088463260e-001
 8.209999999999999e+000, 9.878217325895669e-001, 1.473235264794044e-001, 1.140593668788942e-002, 1.146285460120472e+000,-4.579749519011481e-001,-3.163079182041382e-001
 8.219999999999999e+000, 9.783531208343853e-001, 1.474447766609721e-001, 1.122614833048533e-002, 1.137302045087413e+000,-4.545715149490683e-001,-3.140059786860217e-001
 8.230000000000000e+000, 9.688882853347716e-001, 1.475894769550068e-001, 1.107843615331785e-002, 1.128215436981419e+000,-4.511068494502500e-001,-3.116271110986990e-001
 8.239999999999998e+000, 9.594129953218086e-001, 1.477294161422642e-001, 1.100954964596922e-002, 1.119002718806251e+000,-4.475786823634253e-001,-3.091540805097869e-001
 8.250000000000000e+000, 9.499199484814066e-001, 1.478429365292391e-001, 1.104737393209182e-002, 1.109649002480889e+000,-4.439875495937251e-001,-3.065724102136943e-001
 8.260000000000000e+000, 9.404095831577781e-001, 1.479168640599557e-001, 1.119923575236163e-002, 1.100148860141687e+000,-4.403369986113126e-001,-3.038698551675457e-001
 8.270000000000000e+000, 9.308885512655231e-001, 1.479459460807242e-001, 1.145469992627195e-002, 1.090505000205881e+000,-4.366328668667252e-001,-3.010363118275925e-001
 8.279999999999999e+000, 9.213669426043128e-001, 1.479307268769270e-001, 1.179133897181715e-002, 1.080725250285965e+000,-4.328819357176430e-001,-2.980642713365592e-001
 8.289999999999999e+000, 9.118554024124923e-001, 1.478750775693267e-001, 1.218129851491349e-002, 1.070819296674751e+000,-4.290904932748148e-001,-2.949491878013313e-001
 8.299999999999999e+000, 9.023628076332039e-001, 1.477840481308046e-001, 1.259680759370152e-002, 1.060796117855098e+000,-4.252631818724424e-001,-2.916893757175851e-001
 8.309999999999999e+000, 8.928949381290104e-001, 1.476621627080119e-001, 1.301389459890248e-002, 1.050662400428469e+000,-4.214023371134388e-001,-2.882854280945892e-001
 8.320000000000000e+000, 8.834543243598706e-001, 1.475122623002076e-001, 1.341431513387091e-002, 1.040421975199467e+000,-4.175079528929683e-001,-2.847394411589270e-001
 8.330000000000000e+000, 8.740410386672560e-001, 1.473352028732688e-001, 1.378586951955581e-002, 1.030076195764221e+000,-4.135781107616570e-001,-2.810545045811173e-001
 8.340000000000000e+000, 8.646539301492925e-001, 1.471303494716123e-001, 1.412145024660355e-002, 1.019624940179334e+000,-4.096095646432268e-001,-2.772346084934722e-001
 8.350000000000000e+000, 8.552918228490991e-001, 1.468962435299530e-001, 1.441737639714579e-002, 1.009067794998536e+000,-4.055984374393713e-001,-2.732845508754374e-001
 8.359999999999999e+000, 8.459543912127279e-001, 1.466310793210359e-001, 1.467152471041665e-002, 9.984051270391725e-001,-4.015410087565733e-001,-2.692095845249122e-001
 8.369999999999999e+000, 8.366425708431993e-001, 1.463330538549488e-001, 1.488175066026566e-002, 9.876388811193456e-001,-3.974343910670758e-001,-2.650150886725303e-001
 8.379999999999999e+000, 8.273585368454772e-001, 1.460005453355837e-001, 1.504511825482158e-002, 9.767730108383497e-001,-3.932769271471063e-001,-2.607064660052184e-001
 8.390000000000001e+000, 8.181053922987844e-001, 1.456321439299404e-001, 1.515800822145631e-002, 9.658135541631187e-001,-3.890682745112464e-001,-2.562891499487093e-001
 8.399999999999999e+000, 8.088866433657685e-001, 1.452268626133855e-001, 1.521668526812577e-002, 9.547684332743054e-001,-3.848093453826603e-001,-2.517687356295714e-001
 8.410000000000000e+000, 7.997056327504883e-001, 1.447845842494724e-001, 1.521797189878360e-002, 9.436470671629985e-001,-3.805022509643771e-001,-2.471514182301201e-001
 8.420000000000000e+000, 7.905651613721612e-001, 1.443063434827423e-001, 1.515981141169573e-002, 9.324599007592621e-001,-3.761501179577573e-001,-2.424445752896604e-001
 8.430000000000000e+000, 7.814673084544861e-001, 1.437943406074105e-001, 1.504152131827511e-002, 9.212179708581586e-001,-3.717567053981384e-001,-2.376570642063239e-001
 8.440000000000000e+000, 7.724134407208446e-001, 1.432519356447422e-001, 1.486379214045975e-002, 9.099325993480686e-001,-3.673260282084597e-001,-2.327991604337051e-001
 8.449999999999999e+000, 7.634045985768032e-001, 1.426835221585063e-001, 1.462857291329539e-002, 8.986152631540348e-001,-3.628621609884285e-001,-2.278822954502196e-001
 8.459999999999999e+000, 7.544422651788521e-001, 1.420940194065499e-001, 1.433879141480696e-002, 8.872776251682342e-001,-3.583691540307129e-001,-2.229185110080660e-001
 8.469999999999999e+000, 7.455291831361378e-001, 1.414881269482011e-001, 1.399788092204234e-002, 8.759316650367508e-001,-3.538509257295267e-001,-2.179195784113864e-001
 8.480000000000000e+000, 7.366700347218005e-001, 1.408697482384222e-001, 1.360918105244713e-002, 8.645899314816156e-001,-3.493111319923517e-001,-2.128961955471574e-001
 8.489999999999998e+000, 7.278719923524986e-001, 1.402417738481216e-001, 1.317533266030203e-002, 8.532659019282469e-001,-3.447531098547778e-001,-2.078576328702904e-001
 8.500000000000000e+000, 7.191450454196652e-001, 1.396060601190849e-001, 1.269789579251901e-002, 8.419742300113737e-001,-3.401799888814100e-001,-2.028116059754707e-001
 8.510000000000000e+000, 7.105021159954680e-001, 1.389634821585100e-001, 1.217729177752150e-002, 8.307307917020140e-001,-3.355949901990307e-001,-1.977641325058960e-001
 8.520000000000000e+000, 7.019591111500898e-001, 1.383141231480394e-001, 1.161293430296613e-002, 8.195527180319846e-001,-3.310018073343296e-001,-1.927195810478990e-001
 8.529999999999999e+000, 6.935348653385530e-001, 1.376575373316022e-001, 1.100345198491677e-002, 8.084584446552530e-001,-3.264049079977988e-001,-1.876810760575321e-001
 8.539999999999999e+000, 6.852507855728611e-001, 1.369930364211180e-001, 1.034708241755159e-002, 7.974676416793807e-001,-3.218097191642482e-001,-1.826511655149802e-001
 8.549999999999999e+000, 6.771302203651490e-001, 1.363200895801189e-001, 9.642310818794440e-003, 7.866010548503605e-001,-3.172228016433335e-001,-1.776326511372881e-001
 8.559999999999999e+000, 6.691977674855386e-001, 1.356387193761994e-001, 8.888574414847930e-003, 7.758803447637646e-001,-3.126520037097407e-001,-1.726294337408545e-001
 8.570000000000000e+000, 6.614786720793010e-001, 1.349496167909701e-001, 8.086783036426296e-003, 7.653278985669627e-001,-3.081064431844889e-001,-1.676470940840265e-001
 8.579999999999998e+000, 6.539984236405384e-001, 1.342539739837518e-001, 7.239666421138225e-003, 7.549665928878095e-001,-3.035962893489349e-001,-1.626930041194107e-001
 8.590000000000000e+000, 6.467826743720913e-001, 1.335533455272933e-001, 6.352046870071176e-003, 7.448196448383742e-001,-2.991324106557183e-001,-1.577761787991201e-001
 8.600000000000000e+000, 6.398573763609009e-001, 1.328496802501378e-001, 5.431007343346141e-003, 7.349106758208600e-001,-2.947260121492420e-001,-1.529072235336312e-001
 8.609999999999999e+000, 6.332487729972177e-001, 1.321453242078396e-001, 4.485888213458879e-003, 7.252638411558458e-001,-2.903885177399396e-001,-1.480984130642575e-001
 8.619999999999999e+000, 6.269831055769282e-001, 1.314429663836962e-001, 3.528014143669549e-003, 7.159039194572473e-001,-2.861317782850936e-001,-1.433640930510933e-001
 8.629999999999999e+000, 6.210862964425490e-001, 1.307457203604021e-001, 2.570045985834042e-003, 7.068564846648281e-001,-2.819683756871266e-001,-1.387215372070214e-001
 8.639999999999999e+000, 6.155837948331913e-001, 1.300572664380273e-001, 1.625058902056448e-003, 6.981481211176007e-001,-2.779117922866387e-001,-1.341915425697489e-001
 8.649999999999999e+000, 6.105003569925577e-001, 1.293818566553440e-001, 7.055910674390410e-004, 6.898064691309818e-001,-2.739763912112219e-001,-1.297981776415241e-001
 8.660000000000000e+000, 6.058673400029477e-001, 1.287251889365775e-001,-1.805942260453361e-004, 6.818627412277399e-001,-2.701768132404004e-001,-1.255640408535064e-001
 8.670000000000000e+000, 6.016897777754855e-001, 1.280904854386205e-001,-1.017977680323434e-003, 6.743403667010276e-001,-2.665300807879455e-001,-1.215250223665479e-001
 8.680000000000000e+000, 5.979924724849171e-001, 1.274842289156775e-001,-1.804055912369494e-003, 6.672705669326161e-001,-2.630523875911034e-001,-1.177045486357014e-001
 8.690000000000000e+000, 5.947861319988564e-001, 1.269119374516143e-001,-2.535873918730688e-003, 6.606805090721490e-001,-2.597612347755751e-001,-1.141282614520954e-001
 8.699999999999999e+000, 5.920729606314716e-001, 1.263787458863146e-001,-3.212915979781425e-003, 6.545948924524087e-001,-2.566745649576446e-001,-1.108184639187275e-001
 8.709999999999999e+000, 5.898447295668614e-001, 1.258888389403341e-001,-3.836163879410410e-003, 6.490347209136734e-001,-2.538100853168139e-001,-1.077928466857766e-001
 8.719999999999999e+000, 5.880745245167937e-001, 1.254444685922467e-001,-4.404540159249249e-003, 6.440137792516419e-001,-2.511846220006550e-001,-1.050659076738136e-001
 8.730000000000000e+000, 5.867437138988388e-001, 1.250484690888936e-001,-4.923791063982029e-003, 6.395471969062569e-001,-2.488119402226071e-001,-1.026400907034495e-001
 8.739999999999998e+000, 5.858000076399942e-001, 1.247006063661889e-001,-5.390753188852586e-003, 6.356360797640788e-001,-2.467033753352092e-001,-1.005202981372873e-001
 8.750000000000000e+000, 5.851883069447240e-001, 1.244003781986427e-001,-5.803989402835896e-003, 6.322763865661578e-001,-2.448657188528561e-001,-9.870422391588336e-002
 8.760000000000000e+000, 5.848544803991503e-001, 1.241480688564178e-001,-6.159856871653725e-003, 6.294742764329129e-001,-2.433107543428296e-001,-9.719468628930808e-002
 8.770000000000000e+000, 5.847195947752288e-001, 1.239393747068198e-001,-6.460777461855551e-003, 6.271780011410120e-001,-2.420195520876255e-001,-9.596188503934745e-002
 8.779999999999999e+000, 5.847033122893577e-001, 1.237635194848954e-001,-6.719210349635250e-003, 6.252587063867036e-001,-2.409287097609152e-001,-9.493430832507027e-002
