Main.Studies.MarkerTracking.t,Main.Studies.MarkerTracking.JointAngleOutputs.OutputFile7.SternoClavicularProtraction,Main.Studies.MarkerTracking.JointAngleOutputs.OutputFile7.SternoClavicularElevation,Main.Studies.MarkerTracking.JointAngleOutputs.OutputFile7.SternoClavicularAxialRotation,Main.Studies.MarkerTracking.JointAngleOutputs.OutputFile7.GlenohumeralFlexion,Main.Studies.MarkerTracking.JointAngleOutputs.OutputFile7.GlenohumeralExternalRotation,Main.Studies.MarkerTracking.JointAngleOutputs.OutputFile7.GlenohumeralAbduction,Main.Studies.MarkerTracking.JointAngleOutputs.OutputFile7.ElbowFlexion,Main.Studies.MarkerTracking.JointAngleOutputs.OutputFile7.ElbowPronation,Main.Studies.MarkerTracking.JointAngleOutputs.OutputFile7.WristFlexion,Main.Studies.MarkerTracking.JointAngleOutputs.OutputFile7.WristAbduction
 1.000000000000000e-002,-2.959560542050390e-001, 1.864763218640089e-001,-3.490650639302703e-001, 5.235987755982987e-001,-1.221730476396031e+000, 0.000000000000000e+000, 2.094395102393196e+000, 0.000000000000000e+000, 0.000000000000000e+000, 0.000000000000000e+000
 2.000000000000000e-002,-2.962135578554822e-001, 1.863783428399586e-001,-3.490650529482944e-001, 5.235987755982992e-001,-1.221730476396031e+000, 0.000000000000000e+000, 2.094395102393196e+000, 0.000000000000000e+000,-2.220446049250313e-016, 0.000000000000000e+000
 3.000000000000000e-002,-2.964646588104161e-001, 1.862760393852387e-001,-3.490650420327657e-001, 5.235987755982987e-001,-1.221730476396031e+000, 0.000000000000000e+000, 2.094395102393195e+000, 0.000000000000000e+000, 0.000000000000000e+000, 0.000000000000000e+000
 4.000000000000000e-002,-2.967074785461301e-001, 1.861705831756684e-001,-3.490650312374087e-001, 5.235987755982987e-001,-1.221730476396030e+000, 0.000000000000000e+000, 2.094395102393196e+000, 0.000000000000000e+000, 0.000000000000000e+000, 0.000000000000000e+000
 5.000000000000000e-002,-2.969369423779947e-001, 1.860635386826524e-001,-3.490650207290300e-001, 5.235987755982992e-001,-1.221730476396031e+000, 0.000000000000000e+000, 2.094395102393196e+000, 0.000000000000000e+000, 2.220446049250313e-016, 0.000000000000000e+000
 6.000000000000000e-002,-2.971427415865154e-001, 1.859524498758010e-001,-3.490650108076025e-001, 5.235987755982983e-001,-1.221730476396031e+000, 0.000000000000000e+000, 2.094395102393195e+000,-2.107342425544702e-008, 0.000000000000000e+000, 0.000000000000000e+000
 6.999999999999999e-002,-2.973115030437237e-001, 1.858317572463386e-001,-3.490650018185934e-001, 5.235987755982987e-001,-1.221730476396031e+000, 0.000000000000000e+000, 2.094395102393195e+000, 0.000000000000000e+000, 0.000000000000000e+000, 0.000000000000000e+000
 7.999999999999999e-002,-2.974338844582385e-001, 1.856964718016527e-001,-3.490649939615184e-001, 5.235987755982992e-001,-1.221730476396030e+000, 0.000000000000000e+000, 2.094395102393195e+000, 0.000000000000000e+000,-2.220446049250313e-016, 0.000000000000000e+000
 9.000000000000000e-002,-2.975090168423605e-001, 1.855451286110592e-001,-3.490649871814573e-001, 5.235987755982983e-001,-1.221730476396031e+000, 0.000000000000000e+000, 2.094395102393195e+000, 0.000000000000000e+000,-2.220446049250313e-016, 0.000000000000000e+000
 9.999999999999999e-002,-2.975437505856464e-001, 1.853796079045971e-001,-3.490649812125495e-001, 5.235987755982987e-001,-1.221730476396030e+000, 0.000000000000000e+000, 2.094395102393196e+000, 0.000000000000000e+000, 2.220446049250313e-016, 0.000000000000000e+000
 1.100000000000000e-001,-2.975489954846876e-001, 1.852027477044322e-001,-3.490649756878251e-001, 5.235987755982983e-001,-1.221730476396031e+000, 0.000000000000000e+000, 2.094395102393195e+000, 0.000000000000000e+000,-2.220446049250313e-016, 0.000000000000000e+000
 1.200000000000000e-001,-2.975363323694570e-001, 1.850166186942261e-001,-3.490649702213983e-001, 5.235987755982992e-001,-1.221730476396030e+000, 0.000000000000000e+000, 2.094395102393196e+000, 0.000000000000000e+000,-2.220446049250313e-016, 0.000000000000000e+000
 1.300000000000000e-001,-2.975163351988388e-001, 1.848225051201018e-001,-3.490649644471025e-001, 5.235987755982992e-001,-1.221730476396031e+000, 0.000000000000000e+000, 2.094395102393196e+000, 0.000000000000000e+000, 0.000000000000000e+000, 0.000000000000000e+000
 1.400000000000000e-001,-2.974975743412506e-001, 1.846214261426089e-001,-3.490649580506644e-001, 5.235987755982987e-001,-1.221730476396032e+000, 0.000000000000000e+000, 2.094395102393196e+000, 0.000000000000000e+000,-2.220446049250313e-016, 0.000000000000000e+000
 1.500000000000000e-001,-2.974849883830696e-001, 1.844144912680601e-001,-3.490649508224086e-001, 5.235987755982987e-001,-1.221730476396030e+000, 0.000000000000000e+000, 2.094395102393195e+000, 0.000000000000000e+000,-2.220446049250313e-016, 0.000000000000000e+000
 1.600000000000000e-001,-2.974787114612629e-001, 1.842034037926998e-001,-3.490649427105189e-001, 5.235987755982987e-001,-1.221730476396030e+000, 0.000000000000000e+000, 2.094395102393196e+000, 0.000000000000000e+000, 0.000000000000000e+000, 0.000000000000000e+000
 1.700000000000000e-001,-2.974760315594602e-001, 1.839910270141760e-001,-3.490649338286680e-001, 5.235987755982992e-001,-1.221730476396030e+000, 0.000000000000000e+000, 2.094395102393194e+000, 0.000000000000000e+000, 2.220446049250313e-016, 0.000000000000000e+000
 1.800000000000000e-001,-2.974763890753787e-001, 1.837816569316306e-001,-3.490649244088379e-001, 5.235987755982992e-001,-1.221730476396031e+000, 0.000000000000000e+000, 2.094395102393196e+000, 0.000000000000000e+000, 0.000000000000000e+000, 0.000000000000000e+000
 1.900000000000000e-001,-2.974845516381763e-001, 1.835805193115694e-001,-3.490649147221271e-001, 5.235987755982987e-001,-1.221730476396030e+000, 0.000000000000000e+000, 2.094395102393196e+000, 0.000000000000000e+000, 0.000000000000000e+000, 0.000000000000000e+000
 2.000000000000000e-001,-2.975083872272052e-001, 1.833922083064574e-001,-3.490649049990638e-001, 5.235987755982987e-001,-1.221730476396031e+000, 0.000000000000000e+000, 2.094395102393195e+000, 0.000000000000000e+000, 0.000000000000000e+000, 0.000000000000000e+000
 2.100000000000000e-001,-2.975541306196320e-001, 1.832194174876793e-001,-3.490648954173500e-001, 5.235987755982987e-001,-1.221730476396030e+000, 0.000000000000000e+000, 2.094395102393195e+000, 0.000000000000000e+000, 0.000000000000000e+000, 0.000000000000000e+000
 2.200000000000000e-001,-2.976243632870387e-001, 1.830629938098525e-001,-3.490648861488691e-001, 5.235987755982983e-001,-1.221730476396032e+000, 0.000000000000000e+000, 2.094395102393195e+000, 0.000000000000000e+000, 2.220446049250313e-016, 0.000000000000000e+000
 2.300000000000000e-001,-2.977196767868314e-001, 1.829224802332488e-001,-3.490648773750680e-001, 5.235987755982987e-001,-1.221730476396030e+000, 0.000000000000000e+000, 2.094395102393195e+000, 0.000000000000000e+000, 2.220446049250313e-016, 0.000000000000000e+000
 2.400000000000000e-001,-2.978401089352170e-001, 1.827968693960971e-001,-3.490648692943910e-001, 5.235987755982987e-001,-1.221730476396031e+000, 0.000000000000000e+000, 2.094395102393196e+000, 0.000000000000000e+000, 2.220446049250313e-016, 0.000000000000000e+000
 2.500000000000000e-001,-2.979841961474389e-001, 1.826856233204559e-001,-3.490648621538949e-001, 5.235987755982987e-001,-1.221730476396030e+000, 0.000000000000000e+000, 2.094395102393195e+000, 0.000000000000000e+000, 2.220446049250313e-016, 0.000000000000000e+000
 2.600000000000000e-001,-2.981483387793779e-001, 1.825891139058242e-001,-3.490648562233563e-001, 5.235987755982992e-001,-1.221730476396031e+000, 0.000000000000000e+000, 2.094395102393196e+000, 0.000000000000000e+000, 0.000000000000000e+000, 0.000000000000000e+000
 2.700000000000000e-001,-2.983276013947355e-001, 1.825083349323076e-001,-3.490648517242221e-001, 5.235987755982987e-001,-1.221730476396030e+000, 0.000000000000000e+000, 2.094395102393196e+000, 0.000000000000000e+000, 2.220446049250313e-016, 0.000000000000000e+000
 2.800000000000000e-001,-2.985157291168575e-001, 1.824446427288993e-001,-3.490648488093592e-001, 5.235987755982987e-001,-1.221730476396031e+000, 0.000000000000000e+000, 2.094395102393196e+000, 0.000000000000000e+000,-4.440892098500626e-016, 0.000000000000000e+000
 2.900000000000000e-001,-2.987045047388016e-001, 1.823997750743585e-001,-3.490648475773168e-001, 5.235987755982987e-001,-1.221730476396031e+000, 0.000000000000000e+000, 2.094395102393194e+000, 0.000000000000000e+000, 2.220446049250313e-016, 0.000000000000000e+000
 3.000000000000000e-001,-2.988851162637959e-001, 1.823758318995878e-001,-3.490648480656167e-001, 5.235987755982992e-001,-1.221730476396031e+000, 0.000000000000000e+000, 2.094395102393196e+000, 0.000000000000000e+000, 0.000000000000000e+000, 0.000000000000000e+000
 3.100000000000000e-001,-2.990515534428472e-001, 1.823749072727812e-001,-3.490648502314088e-001, 5.235987755982987e-001,-1.221730476396031e+000, 0.000000000000000e+000, 2.094395102393196e+000, 0.000000000000000e+000,-2.220446049250313e-016, 0.000000000000000e+000
 3.200000000000000e-001,-2.992018908945106e-001, 1.823980901422386e-001,-3.490648539385748e-001, 5.235987755982987e-001,-1.221730476396030e+000, 0.000000000000000e+000, 2.094395102393195e+000, 0.000000000000000e+000, 0.000000000000000e+000, 0.000000000000000e+000
 3.300000000000000e-001,-2.993354425860939e-001, 1.824439047905342e-001,-3.490648589609524e-001, 5.235987755982987e-001,-1.221730476396031e+000, 0.000000000000000e+000, 2.094395102393195e+000, 0.000000000000000e+000, 0.000000000000000e+000, 0.000000000000000e+000
 3.400000000000000e-001,-2.994502226196864e-001, 1.825074654023382e-001,-3.490648650100581e-001, 5.235987755982987e-001,-1.221730476396031e+000, 0.000000000000000e+000, 2.094395102393196e+000, 0.000000000000000e+000, 2.220446049250313e-016, 0.000000000000000e+000
 3.500000000000000e-001,-2.995438967496912e-001, 1.825816811857934e-001,-3.490648717681990e-001, 5.235987755982987e-001,-1.221730476396031e+000, 0.000000000000000e+000, 2.094395102393196e+000, 0.000000000000000e+000, 2.220446049250313e-016, 0.000000000000000e+000
 3.600000000000000e-001,-2.996152790732407e-001, 1.826593487728321e-001,-3.490648788930968e-001, 5.235987755982983e-001,-1.221730476396031e+000, 0.000000000000000e+000, 2.094395102393195e+000, 0.000000000000000e+000, 0.000000000000000e+000, 0.000000000000000e+000
 3.700000000000000e-001,-2.996643246374313e-001, 1.827340737172871e-001,-3.490648860042743e-001, 5.235987755982983e-001,-1.221730476396031e+000, 0.000000000000000e+000, 2.094395102393196e+000, 0.000000000000000e+000, 0.000000000000000e+000, 0.000000000000000e+000
 3.800000000000000e-001,-2.996918388924365e-001, 1.828000981665361e-001,-3.490648926877876e-001, 5.235987755982987e-001,-1.221730476396031e+000, 0.000000000000000e+000, 2.094395102393196e+000, 0.000000000000000e+000, 0.000000000000000e+000, 0.000000000000000e+000
 3.900000000000000e-001,-2.996994251112611e-001, 1.828518892586748e-001,-3.490648985141913e-001, 5.235987755982992e-001,-1.221730476396031e+000, 0.000000000000000e+000, 2.094395102393196e+000, 0.000000000000000e+000, 0.000000000000000e+000, 0.000000000000000e+000
 4.000000000000000e-001,-2.996896432736790e-001, 1.828841905231284e-001,-3.490649030725435e-001, 5.235987755982983e-001,-1.221730476396031e+000, 0.000000000000000e+000, 2.094395102393195e+000, 0.000000000000000e+000, 2.220446049250313e-016, 0.000000000000000e+000
 4.100000000000000e-001,-2.996660908506141e-001, 1.828932311213725e-001,-3.490649060533200e-001, 5.235987755982987e-001,-1.221730476396031e+000, 0.000000000000000e+000, 2.094395102393195e+000, 0.000000000000000e+000, 0.000000000000000e+000, 0.000000000000000e+000
 4.200000000000000e-001,-2.996325645001958e-001, 1.828781375539512e-001,-3.490649073295739e-001, 5.235987755982987e-001,-1.221730476396031e+000, 0.000000000000000e+000, 2.094395102393195e+000, 0.000000000000000e+000,-2.220446049250313e-016, 0.000000000000000e+000
 4.300000000000000e-001,-2.995916781623896e-001, 1.828410392238633e-001,-3.490649069662397e-001, 5.235987755982992e-001,-1.221730476396030e+000, 0.000000000000000e+000, 2.094395102393195e+000, 0.000000000000000e+000, 0.000000000000000e+000, 0.000000000000000e+000
 4.400000000000000e-001,-2.995437119322074e-001, 1.827867184003738e-001,-3.490649054464004e-001, 5.235987755982992e-001,-1.221730476396030e+000, 0.000000000000000e+000, 2.094395102393195e+000, 0.000000000000000e+000, 2.220446049250313e-016, 0.000000000000000e+000
 4.500000000000000e-001,-2.994879651257970e-001, 1.827200364804229e-001,-3.490649027033876e-001, 5.235987755982983e-001,-1.221730476396031e+000, 0.000000000000000e+000, 2.094395102393195e+000, 0.000000000000000e+000, 0.000000000000000e+000, 0.000000000000000e+000
 4.600000000000000e-001,-2.994230643746761e-001, 1.826480744372234e-001,-3.490648995304296e-001, 5.235987755982992e-001,-1.221730476396031e+000, 0.000000000000000e+000, 2.094395102393195e+000, 0.000000000000000e+000, 0.000000000000000e+000, 0.000000000000000e+000
 4.700000000000000e-001,-2.993504619429301e-001, 1.825775973604640e-001,-3.490648964852203e-001, 5.235987755982983e-001,-1.221730476396031e+000, 0.000000000000000e+000, 2.094395102393196e+000, 0.000000000000000e+000, 4.440892098500626e-016, 0.000000000000000e+000
 4.800000000000000e-001,-2.992749786806168e-001, 1.825145483580610e-001,-3.490648940442324e-001, 5.235987755982992e-001,-1.221730476396031e+000, 0.000000000000000e+000, 2.094395102393195e+000, 0.000000000000000e+000, 0.000000000000000e+000, 0.000000000000000e+000
 4.900000000000000e-001,-2.992039914936466e-001, 1.824624719991754e-001,-3.490648923409088e-001, 5.235987755982987e-001,-1.221730476396031e+000, 0.000000000000000e+000, 2.094395102393196e+000, 0.000000000000000e+000, 0.000000000000000e+000, 0.000000000000000e+000
 5.000000000000000e-001,-2.991440365700729e-001, 1.824248698621895e-001,-3.490648919977384e-001, 5.235987755982992e-001,-1.221730476396031e+000, 0.000000000000000e+000, 2.094395102393195e+000, 0.000000000000000e+000, 0.000000000000000e+000, 0.000000000000000e+000
 5.100000000000000e-001,-2.991040265890235e-001, 1.824006058591796e-001,-3.490648927234341e-001, 5.235987755982987e-001,-1.221730476396031e+000, 0.000000000000000e+000, 2.094395102393196e+000, 0.000000000000000e+000, 0.000000000000000e+000, 0.000000000000000e+000
 5.200000000000000e-001,-2.990925946370222e-001, 1.823866551100712e-001,-3.490648941286225e-001, 5.235987755982983e-001,-1.221730476396030e+000, 0.000000000000000e+000, 2.094395102393196e+000, 0.000000000000000e+000, 0.000000000000000e+000, 0.000000000000000e+000
 5.300000000000000e-001,-2.991163466210336e-001, 1.823782435930939e-001,-3.490648955708535e-001, 5.235987755982987e-001,-1.221730476396031e+000, 0.000000000000000e+000, 2.094395102393195e+000, 0.000000000000000e+000, 0.000000000000000e+000, 0.000000000000000e+000
 5.400000000000000e-001,-2.991758227667558e-001, 1.823708455837503e-001,-3.490648963989303e-001, 5.235987755982992e-001,-1.221730476396030e+000, 0.000000000000000e+000, 2.094395102393196e+000, 0.000000000000000e+000, 0.000000000000000e+000, 0.000000000000000e+000
 5.499999999999999e-001,-2.992622436272175e-001, 1.823618204286595e-001,-3.490648962418384e-001, 5.235987755982987e-001,-1.221730476396031e+000, 0.000000000000000e+000, 2.094395102393196e+000, 0.000000000000000e+000,-2.220446049250313e-016, 0.000000000000000e+000
 5.600000000000001e-001,-2.993592073803544e-001, 1.823498095943763e-001,-3.490648951152241e-001, 5.235987755982992e-001,-1.221730476396030e+000, 0.000000000000000e+000, 2.094395102393195e+000, 0.000000000000000e+000, 0.000000000000000e+000, 0.000000000000000e+000
 5.700000000000000e-001,-2.994494218111839e-001, 1.823329409706531e-001,-3.490648932813356e-001, 5.235987755982987e-001,-1.221730476396030e+000, 0.000000000000000e+000, 2.094395102393195e+000, 0.000000000000000e+000,-2.220446049250313e-016, 0.000000000000000e+000
 5.800000000000001e-001,-2.995203962772844e-001, 1.823084225562432e-001,-3.490648910425404e-001, 5.235987755982992e-001,-1.221730476396030e+000, 0.000000000000000e+000, 2.094395102393196e+000, 0.000000000000000e+000, 0.000000000000000e+000, 0.000000000000000e+000
 5.900000000000000e-001,-2.995643838981272e-001, 1.822734318907537e-001,-3.490648886493510e-001, 5.235987755982987e-001,-1.221730476396030e+000, 0.000000000000000e+000, 2.094395102393195e+000, 0.000000000000000e+000, 2.220446049250313e-016, 0.000000000000000e+000
 6.000000000000000e-001,-2.995755987044518e-001, 1.822255141132116e-001,-3.490648862979913e-001, 5.235987755982987e-001,-1.221730476396030e+000, 0.000000000000000e+000, 2.094395102393196e+000, 0.000000000000000e+000, 0.000000000000000e+000, 0.000000000000000e+000
 6.100000000000000e-001,-2.995496647284133e-001, 1.821625844714452e-001,-3.490648841163423e-001, 5.235987755982987e-001,-1.221730476396030e+000, 0.000000000000000e+000, 2.094395102393195e+000, 0.000000000000000e+000, 0.000000000000000e+000, 0.000000000000000e+000
 6.200000000000000e-001,-2.994850495943959e-001, 1.820834510892238e-001,-3.490648821455522e-001, 5.235987755982987e-001,-1.221730476396031e+000, 0.000000000000000e+000, 2.094395102393196e+000, 0.000000000000000e+000,-2.220446049250313e-016, 0.000000000000000e+000
 6.300000000000000e-001,-2.993842429710509e-001, 1.819884566548644e-001,-3.490648803671242e-001, 5.235987755982987e-001,-1.221730476396030e+000, 0.000000000000000e+000, 2.094395102393194e+000, 0.000000000000000e+000, 0.000000000000000e+000, 0.000000000000000e+000
 6.400000000000000e-001,-2.992540341014700e-001, 1.818798809297884e-001,-3.490648787590728e-001, 5.235987755982992e-001,-1.221730476396030e+000, 0.000000000000000e+000, 2.094395102393196e+000, 0.000000000000000e+000, 0.000000000000000e+000, 0.000000000000000e+000
 6.500000000000000e-001,-2.991046155429999e-001, 1.817623518633105e-001,-3.490648773340330e-001, 5.235987755982983e-001,-1.221730476396031e+000, 0.000000000000000e+000, 2.094395102393195e+000, 0.000000000000000e+000, 2.220446049250313e-016, 0.000000000000000e+000
 6.600000000000000e-001,-2.989479812638933e-001, 1.816426134077660e-001,-3.490648761391720e-001, 5.235987755982992e-001,-1.221730476396030e+000, 0.000000000000000e+000, 2.094395102393195e+000, 0.000000000000000e+000, 0.000000000000000e+000, 0.000000000000000e+000
 6.699999999999999e-001,-2.987963002559718e-001, 1.815279498659976e-001,-3.490648752493059e-001, 5.235987755982987e-001,-1.221730476396031e+000, 0.000000000000000e+000, 2.094395102393195e+000, 0.000000000000000e+000, 2.220446049250313e-016, 0.000000000000000e+000
 6.800000000000001e-001,-2.986600710100755e-001, 1.814245372536203e-001,-3.490648748027733e-001, 5.235987755982992e-001,-1.221730476396031e+000, 0.000000000000000e+000, 2.094395102393196e+000, 0.000000000000000e+000, 0.000000000000000e+000, 0.000000000000000e+000
 6.900000000000000e-001,-2.985466360554123e-001, 1.813375853102284e-001,-3.490648750509520e-001, 5.235987755982987e-001,-1.221730476396031e+000, 0.000000000000000e+000, 2.094395102393196e+000, 0.000000000000000e+000, 2.220446049250313e-016, 0.000000000000000e+000
 7.000000000000001e-001,-2.984600669838294e-001, 1.812725702471223e-001,-3.490648763328295e-001, 5.235987755982992e-001,-1.221730476396031e+000, 0.000000000000000e+000, 2.094395102393196e+000, 0.000000000000000e+000, 0.000000000000000e+000, 0.000000000000000e+000
 7.100000000000000e-001,-2.984027420308666e-001, 1.812352097740064e-001,-3.490648789682579e-001, 5.235987755982992e-001,-1.221730476396031e+000, 0.000000000000000e+000, 2.094395102393195e+000, 0.000000000000000e+000, 0.000000000000000e+000, 0.000000000000000e+000
 7.200000000000000e-001,-2.983777064729636e-001, 1.812298549233071e-001,-3.490648831560041e-001, 5.235987755982992e-001,-1.221730476396031e+000, 0.000000000000000e+000, 2.094395102393195e+000, 0.000000000000000e+000, 4.440892098500626e-016, 0.000000000000000e+000
 7.300000000000000e-001,-2.983889987771303e-001, 1.812578146207764e-001,-3.490648889336527e-001, 5.235987755982992e-001,-1.221730476396030e+000, 0.000000000000000e+000, 2.094395102393195e+000, 0.000000000000000e+000, 2.220446049250313e-016, 0.000000000000000e+000
 7.400000000000000e-001,-2.984390772370508e-001, 1.813165464062509e-001,-3.490648961894758e-001, 5.235987755982992e-001,-1.221730476396031e+000, 0.000000000000000e+000, 2.094395102393195e+000, 0.000000000000000e+000,-2.220446049250313e-016, 0.000000000000000e+000
 7.500000000000000e-001,-2.985260124873196e-001, 1.813998955903204e-001,-3.490649046863751e-001, 5.235987755982992e-001,-1.221730476396031e+000, 0.000000000000000e+000, 2.094395102393195e+000, 0.000000000000000e+000, 2.220446049250313e-016, 0.000000000000000e+000
 7.600000000000000e-001,-2.986420356495956e-001, 1.814992182292667e-001,-3.490649140746256e-001, 5.235987755982992e-001,-1.221730476396031e+000, 0.000000000000000e+000, 2.094395102393196e+000, 0.000000000000000e+000, 0.000000000000000e+000, 0.000000000000000e+000
 7.699999999999999e-001,-2.987739174714523e-001, 1.816050541497936e-001,-3.490649239343296e-001, 5.235987755982987e-001,-1.221730476396030e+000, 0.000000000000000e+000, 2.094395102393195e+000, 0.000000000000000e+000, 0.000000000000000e+000, 0.000000000000000e+000
 7.800000000000000e-001,-2.989062957994610e-001, 1.817090371600056e-001,-3.490649338740671e-001, 5.235987755982992e-001,-1.221730476396030e+000, 0.000000000000000e+000, 2.094395102393196e+000, 0.000000000000000e+000, 0.000000000000000e+000, 0.000000000000000e+000
 7.899999999999999e-001,-2.990262818982803e-001, 1.818049514934441e-001,-3.490649435871904e-001, 5.235987755982992e-001,-1.221730476396030e+000, 0.000000000000000e+000, 2.094395102393195e+000, 0.000000000000000e+000, 2.220446049250313e-016, 0.000000000000000e+000
 8.000000000000000e-001,-2.991255191155112e-001, 1.818880154511700e-001,-3.490649527918964e-001, 5.235987755982987e-001,-1.221730476396031e+000, 0.000000000000000e+000, 2.094395102393195e+000, 0.000000000000000e+000, 2.220446049250313e-016, 0.000000000000000e+000
 8.099999999999999e-001,-2.991996044986118e-001, 1.819540134322868e-001,-3.490649611724901e-001, 5.235987755982987e-001,-1.221730476396031e+000, 0.000000000000000e+000, 2.094395102393195e+000, 0.000000000000000e+000, 0.000000000000000e+000, 0.000000000000000e+000
 8.200000000000001e-001,-2.992477805047654e-001, 1.820003907878591e-001,-3.490649684221621e-001, 5.235987755982983e-001,-1.221730476396030e+000, 0.000000000000000e+000, 2.094395102393196e+000, 0.000000000000000e+000, 0.000000000000000e+000, 0.000000000000000e+000
 8.300000000000000e-001,-2.992731135816584e-001, 1.820280634817082e-001,-3.490649743077988e-001, 5.235987755982987e-001,-1.221730476396031e+000, 0.000000000000000e+000, 2.094395102393196e+000, 0.000000000000000e+000, 0.000000000000000e+000, 0.000000000000000e+000
 8.400000000000000e-001,-2.992807669009166e-001, 1.820411362457195e-001,-3.490649786898238e-001, 5.235987755982992e-001,-1.221730476396031e+000, 0.000000000000000e+000, 2.094395102393196e+000, 0.000000000000000e+000, 0.000000000000000e+000, 0.000000000000000e+000
 8.500000000000000e-001,-2.992746473201569e-001, 1.820445600185108e-001,-3.490649815242702e-001, 5.235987755982992e-001,-1.221730476396030e+000, 0.000000000000000e+000, 2.094395102393195e+000, 0.000000000000000e+000, 0.000000000000000e+000, 0.000000000000000e+000
 8.600000000000000e-001,-2.992560657696134e-001, 1.820421724553063e-001,-3.490649828606876e-001, 5.235987755982987e-001,-1.221730476396031e+000, 0.000000000000000e+000, 2.094395102393195e+000, 0.000000000000000e+000, 2.220446049250313e-016, 0.000000000000000e+000
 8.700000000000000e-001,-2.992257583407666e-001, 1.820363415892123e-001,-3.490649828135678e-001, 5.235987755982987e-001,-1.221730476396031e+000, 0.000000000000000e+000, 2.094395102393195e+000, 0.000000000000000e+000, 0.000000000000000e+000, 0.000000000000000e+000
 8.800000000000000e-001,-2.991860681075038e-001, 1.820283685162272e-001,-3.490649815141940e-001, 5.235987755982983e-001,-1.221730476396031e+000, 0.000000000000000e+000, 2.094395102393194e+000, 0.000000000000000e+000, 0.000000000000000e+000, 0.000000000000000e+000
 8.899999999999999e-001,-2.991401905049051e-001, 1.820185522339834e-001,-3.490649790950456e-001, 5.235987755982987e-001,-1.221730476396031e+000, 0.000000000000000e+000, 2.094395102393195e+000, 0.000000000000000e+000, 0.000000000000000e+000, 0.000000000000000e+000
 9.000000000000000e-001,-2.990898322923239e-001, 1.820059485916072e-001,-3.490649757119603e-001, 5.235987755982987e-001,-1.221730476396031e+000, 0.000000000000000e+000, 2.094395102393196e+000, 0.000000000000000e+000, 0.000000000000000e+000, 0.000000000000000e+000
 9.099999999999999e-001,-2.990344880926668e-001, 1.819885735304487e-001,-3.490649715670246e-001, 5.235987755982992e-001,-1.221730476396031e+000, 0.000000000000000e+000, 2.094395102393196e+000, 0.000000000000000e+000, 0.000000000000000e+000, 0.000000000000000e+000
 9.200000000000000e-001,-2.989723005381748e-001, 1.819641108386034e-001,-3.490649669281337e-001, 5.235987755982992e-001,-1.221730476396030e+000, 0.000000000000000e+000, 2.094395102393195e+000, 0.000000000000000e+000, 2.220446049250313e-016, 0.000000000000000e+000
 9.299999999999999e-001,-2.989011606606509e-001, 1.819308071342041e-001,-3.490649621300275e-001, 5.235987755982992e-001,-1.221730476396031e+000, 0.000000000000000e+000, 2.094395102393196e+000, 0.000000000000000e+000,-2.220446049250313e-016, 0.000000000000000e+000
 9.400000000000001e-001,-2.988204800215040e-001, 1.818886259377077e-001,-3.490649575308740e-001, 5.235987755982983e-001,-1.221730476396031e+000, 0.000000000000000e+000, 2.094395102393195e+000, 0.000000000000000e+000, 2.220446049250313e-016, 0.000000000000000e+000
 9.500000000000000e-001,-2.987328612328590e-001, 1.818399640395114e-001,-3.490649534379854e-001, 5.235987755982992e-001,-1.221730476396031e+000, 0.000000000000000e+000, 2.094395102393195e+000, 0.000000000000000e+000, 2.220446049250313e-016, 0.000000000000000e+000
 9.600000000000000e-001,-2.986438546868853e-001, 1.817887351506038e-001,-3.490649500457543e-001, 5.235987755982992e-001,-1.221730476396030e+000, 0.000000000000000e+000, 2.094395102393195e+000, 0.000000000000000e+000, 0.000000000000000e+000, 0.000000000000000e+000
 9.700000000000000e-001,-2.985601159566099e-001, 1.817386634882645e-001,-3.490649474471880e-001, 5.235987755982983e-001,-1.221730476396031e+000, 0.000000000000000e+000, 2.094395102393196e+000, 0.000000000000000e+000,-2.220446049250313e-016, 0.000000000000000e+000
 9.800000000000000e-001,-2.984874158276483e-001, 1.816927690694277e-001,-3.490649457267464e-001, 5.235987755982987e-001,-1.221730476396031e+000, 0.000000000000000e+000, 2.094395102393195e+000, 0.000000000000000e+000,-2.220446049250313e-016, 0.000000000000000e+000
 9.900000000000000e-001,-2.984271799222860e-001, 1.816526506413383e-001,-3.490649448249398e-001, 5.235987755982983e-001,-1.221730476396031e+000, 0.000000000000000e+000, 2.094395102393196e+000, 0.000000000000000e+000, 0.000000000000000e+000, 0.000000000000000e+000
 1.000000000000000e+000,-2.983766291891145e-001, 1.816176561354597e-001,-3.490649444960255e-001, 5.235987755982987e-001,-1.221730476396030e+000, 0.000000000000000e+000, 2.094395102393195e+000, 0.000000000000000e+000, 2.220446049250313e-016, 0.000000000000000e+000
