Main.Studies.MarkerTracking.t,Main.Studies.MarkerTracking.JointAngleOutputs.OutputFile_RightLeg.HipFlexion,Main.Studies.MarkerTracking.JointAngleOutputs.OutputFile_RightLeg.HipAbduction,Main.Studies.MarkerTracking.JointAngleOutputs.OutputFile_RightLeg.HipExternalRotation,Main.Studies.MarkerTracking.JointAngleOutputs.OutputFile_RightLeg.KneeFlexion,Main.Studies.MarkerTracking.JointAngleOutputs.OutputFile_RightLeg.AnklePlantarFlexion,Main.Studies.MarkerTracking.JointAngleOutputs.OutputFile_RightLeg.SubTalarEversion
 1.000000000000000e-002, 6.225008832176644e-002, 1.099906407766049e-001, 2.027083955309138e-002, 9.083084016196992e-002,-1.136684996939454e-001, 1.923864731548250e-001
 2.000000000000000e-002, 6.138297568813077e-002, 1.101956644937363e-001, 2.015441431755151e-002, 9.070660947522793e-002,-1.135891413868156e-001, 1.926148305558030e-001
 3.000000000000000e-002, 6.052032129728856e-002, 1.104043585189649e-001, 2.004825731828234e-002, 9.057296501045660e-002,-1.135119119157159e-001, 1.928304984936237e-001
 4.000000000000000e-002, 5.967947132388699e-002, 1.106164624310844e-001, 1.995577613260884e-002, 9.042655795435289e-002,-1.134398483764831e-001, 1.930294824793102e-001
 5.000000000000000e-002, 5.888800351558037e-002, 1.108287866724240e-001, 1.988012633895859e-002, 9.026742669979281e-002,-1.133766499620463e-001, 1.932028260619776e-001
 6.000000000000000e-002, 5.816778741281566e-002, 1.110347431244492e-001, 1.982021119982696e-002, 9.009723112679988e-002,-1.133241382148519e-001, 1.933463798763475e-001
 6.999999999999999e-002, 5.753290853175701e-002, 1.112270504588029e-001, 1.977383207362441e-002, 8.991687479899578e-002,-1.132828691735744e-001, 1.934594782001677e-001
 7.999999999999999e-002, 5.699329364824055e-002, 1.113964922098087e-001, 1.972410427566134e-002, 8.972449900542914e-002,-1.132523002184267e-001, 1.935597808876590e-001
 9.000000000000000e-002, 5.653735798552401e-002, 1.115480982983677e-001, 1.969505469456514e-002, 8.952735931460822e-002,-1.132308281996106e-001, 1.936282208763752e-001
 9.999999999999999e-002, 5.616424639882624e-002, 1.116772720367560e-001, 1.967021765427203e-002, 8.932589880946619e-002,-1.132163622678539e-001, 1.936841239500690e-001
 1.100000000000000e-001, 5.586525430673396e-002, 1.117841172972036e-001, 1.964567470860702e-002, 8.912343436368959e-002,-1.132061317971887e-001, 1.937372970382089e-001
 1.200000000000000e-001, 5.562903462795803e-002, 1.118700525072081e-001, 1.961972956065614e-002, 8.892347867550081e-002,-1.131976996499116e-001, 1.937931214744515e-001
 1.300000000000000e-001, 5.544298302077760e-002, 1.119375442521606e-001, 1.959228514518864e-002, 8.872934233575233e-002,-1.131896958598178e-001, 1.938524251840114e-001
 1.400000000000000e-001, 5.529470227500208e-002, 1.119896018858779e-001, 1.956438507641896e-002, 8.854397265445765e-002,-1.131819333164055e-001, 1.939124554577692e-001
 1.500000000000000e-001, 5.517297725656165e-002, 1.120290204117420e-001, 1.953745254209321e-002, 8.837006353614198e-002,-1.131751516526740e-001, 1.939689339827108e-001
 1.600000000000000e-001, 5.506839118123343e-002, 1.120578514758943e-001, 1.951284360608876e-002, 8.821026508077089e-002,-1.131708716944770e-001, 1.940177570215932e-001
 1.700000000000000e-001, 5.497391712084711e-002, 1.120774122466826e-001, 1.949211365875242e-002, 8.806716164986905e-002,-1.131712081099454e-001, 1.940557936934559e-001
 1.800000000000000e-001, 5.488476943222038e-002, 1.120887490572515e-001, 1.947704186255692e-002, 8.794256284422884e-002,-1.131780067234470e-001, 1.940813776893840e-001
 1.900000000000000e-001, 5.479728507346389e-002, 1.120929441625611e-001, 1.946892114246054e-002, 8.783649943588807e-002,-1.131916822360774e-001, 1.940946583046699e-001
 2.000000000000000e-001, 5.470821023240255e-002, 1.120908924648556e-001, 1.946837710083396e-002, 8.774724693766987e-002,-1.132111155708028e-001, 1.940972685085643e-001
 2.100000000000000e-001, 5.461535756171614e-002, 1.120831223296539e-001, 1.947620616838834e-002, 8.767267317149503e-002,-1.132349646038468e-001, 1.940908199456250e-001
 2.200000000000000e-001, 5.451869616311175e-002, 1.120700963091736e-001, 1.949357386224876e-002, 8.761143955380665e-002,-1.132629658839367e-001, 1.940756731711568e-001
 2.300000000000000e-001, 5.442048562834300e-002, 1.120525726469903e-001, 1.952068601733192e-002, 8.756295468057490e-002,-1.132959256708918e-001, 1.940522277105733e-001
 2.400000000000000e-001, 5.432420279443648e-002, 1.120316723285293e-001, 1.955568101763437e-002, 8.752663617913360e-002,-1.133348658728919e-001, 1.940232600439092e-001
 2.500000000000000e-001, 5.423298812811626e-002, 1.120087673385100e-001, 1.959530152258995e-002, 8.750136481101681e-002,-1.133804429009292e-001, 1.939939383935668e-001
 2.600000000000000e-001, 5.414855831608841e-002, 1.119852941547290e-001, 1.963644323759244e-002, 8.748536472749068e-002,-1.134328789708010e-001, 1.939696301029046e-001
 2.700000000000000e-001, 5.407107622724294e-002, 1.119625710959349e-001, 1.967703180811876e-002, 8.747642730066688e-002,-1.134920149590710e-001, 1.939539972002432e-001
 2.800000000000000e-001, 5.399977060161527e-002, 1.119417536674547e-001, 1.971581929346715e-002, 8.747230495580163e-002,-1.135572718391179e-001, 1.939484470384532e-001
 2.900000000000000e-001, 5.393378827665668e-002, 1.119238529847544e-001, 1.975182666333492e-002, 8.747104032831821e-002,-1.136276178220944e-001, 1.939521596668774e-001
 3.000000000000000e-001, 5.387274458969524e-002, 1.119097264376923e-001, 1.978428220906726e-002, 8.747116461366246e-002,-1.137016359588417e-001, 1.939620312605134e-001
 3.100000000000000e-001, 5.381677151389797e-002, 1.119001308099221e-001, 1.981253387534383e-002, 8.747193276376092e-002,-1.137777079415963e-001, 1.939732096283272e-001
 3.200000000000000e-001, 5.376628071867521e-002, 1.118958155716487e-001, 1.983537782337413e-002, 8.747351698806724e-002,-1.138544094867776e-001, 1.939807526223168e-001
 3.300000000000000e-001, 5.372173150265721e-002, 1.118974931745751e-001, 1.985078319179324e-002, 8.747685645045568e-002,-1.139310765046251e-001, 1.939815176632777e-001
 3.400000000000000e-001, 5.368369070562084e-002, 1.119056109969980e-001, 1.985654454463781e-002, 8.748331470066988e-002,-1.140080989832797e-001, 1.939749161040279e-001
 3.500000000000000e-001, 5.365301075360877e-002, 1.119201078204262e-001, 1.985099671637191e-002, 8.749439348188678e-002,-1.140865534895388e-001, 1.939619772764276e-001
 3.600000000000000e-001, 5.363078960850751e-002, 1.119404928961256e-001, 1.983299409680552e-002, 8.751144742209514e-002,-1.141674660019867e-001, 1.939437565805682e-001
 3.700000000000000e-001, 5.361833133066435e-002, 1.119662864857332e-001, 1.980145206538610e-002, 8.753552099148229e-002,-1.142514639358519e-001, 1.939205735753306e-001
 3.800000000000000e-001, 5.361727623023117e-002, 1.119974572548945e-001, 1.975539910738148e-002, 8.756744596987236e-002,-1.143389826642935e-001, 1.938920544063877e-001
 3.900000000000000e-001, 5.362982907488487e-002, 1.120344466111003e-001, 1.969471641318824e-002, 8.760797735470968e-002,-1.144304588513792e-001, 1.938571857356604e-001
 4.000000000000000e-001, 5.365867459570585e-002, 1.120776395298824e-001, 1.962078529520903e-002, 8.765761391630798e-002,-1.145261046662887e-001, 1.938146859901872e-001
 4.100000000000000e-001, 5.370594924827044e-002, 1.121265479502616e-001, 1.953636532457821e-002, 8.771607380124588e-002,-1.146252783666805e-001, 1.937643946933342e-001
 4.200000000000000e-001, 5.377242356843296e-002, 1.121795125031631e-001, 1.944409343158900e-002, 8.778222278590686e-002,-1.147262843573926e-001, 1.937086524352705e-001
 4.300000000000000e-001, 5.385868228646455e-002, 1.122346824514291e-001, 1.934359662113464e-002, 8.785509895008313e-002,-1.148274345260600e-001, 1.936521078636672e-001
 4.400000000000000e-001, 5.396603839704989e-002, 1.122913214291090e-001, 1.923022272466988e-002, 8.793446706525700e-002,-1.149280071296648e-001, 1.936007502536100e-001
 4.500000000000000e-001, 5.409402340326066e-002, 1.123495840763591e-001, 1.909849659153445e-002, 8.801917902374039e-002,-1.150273215324008e-001, 1.935614637528743e-001
 4.600000000000000e-001, 5.423748051722000e-002, 1.124092492320452e-001, 1.894720114379393e-002, 8.810535405936433e-002,-1.151232504674607e-001, 1.935410353064222e-001
 4.700000000000000e-001, 5.438740245482891e-002, 1.124694064663119e-001, 1.878084244981840e-002, 8.818703781840230e-002,-1.152125555223500e-001, 1.935437099463950e-001
 4.800000000000000e-001, 5.453337681597650e-002, 1.125291101501116e-001, 1.860799412084376e-002, 8.825799547784058e-002,-1.152925207997761e-001, 1.935692635430075e-001
 4.900000000000000e-001, 5.466504078485830e-002, 1.125877189476288e-001, 1.843927115567748e-002, 8.831261896342606e-002,-1.153618145957968e-001, 1.936138022048254e-001
 5.000000000000000e-001, 5.477376882282785e-002, 1.126448506135716e-001, 1.828512507610814e-002, 8.834650733034155e-002,-1.154202596335586e-001, 1.936721641794370e-001
 5.100000000000000e-001, 5.485450009215932e-002, 1.127005174158109e-001, 1.815370130397224e-002, 8.835716479948717e-002,-1.154684052806076e-001, 1.937392297194052e-001
 5.200000000000000e-001, 5.490628215323765e-002, 1.127552396455274e-001, 1.804956406227246e-002, 8.834434106835692e-002,-1.155072984957107e-001, 1.938099732345429e-001
 5.300000000000000e-001, 5.493146546655870e-002, 1.128096497503599e-001, 1.797329347644496e-002, 8.830990077826613e-002,-1.155384090560466e-001, 1.938800506259486e-001
 5.400000000000000e-001, 5.493382678630816e-002, 1.128636974756776e-001, 1.792207485946852e-002, 8.825717158696944e-002,-1.155634690931713e-001, 1.939470943797128e-001
 5.499999999999999e-001, 5.491677318182724e-002, 1.129161241873222e-001, 1.789129965544387e-002, 8.819008197619148e-002,-1.155840477963964e-001, 1.940108234604460e-001
 5.600000000000001e-001, 5.488305978508853e-002, 1.129648019449194e-001, 1.787637927836055e-002, 8.811270712100633e-002,-1.156012292476204e-001, 1.940712466353068e-001
 5.700000000000000e-001, 5.483515110370839e-002, 1.130076539452636e-001, 1.787395892584846e-002, 8.802902810745304e-002,-1.156157223257491e-001, 1.941271047270233e-001
 5.800000000000001e-001, 5.477454091213580e-002, 1.130432356695412e-001, 1.788245004808821e-002, 8.794238762199882e-002,-1.156281760439041e-001, 1.941764162582764e-001
 5.900000000000000e-001, 5.470078856206925e-002, 1.130707143101806e-001, 1.790206660191244e-002, 8.785498450798841e-002,-1.156395195563992e-001, 1.942180326292502e-001
 6.000000000000000e-001, 5.461202823753360e-002, 1.130897001596054e-001, 1.793456189066449e-002, 8.776794757352456e-002,-1.156511598796304e-001, 1.942522802147258e-001
 6.100000000000000e-001, 5.450644268836617e-002, 1.131002277527617e-001, 1.798296488006852e-002, 8.768170714410963e-002,-1.156646724519046e-001, 1.942802202284941e-001
 6.200000000000000e-001, 5.438301536384148e-002, 1.131027917863103e-001, 1.805122851166091e-002, 8.759614299511491e-002,-1.156811066190038e-001, 1.943024756709897e-001
 6.300000000000000e-001, 5.424141065305355e-002, 1.130981715750459e-001, 1.814354982233310e-002, 8.751061583436595e-002,-1.157005334385242e-001, 1.943187481181807e-001
 6.400000000000000e-001, 5.408206177462133e-002, 1.130870954678995e-001, 1.826339122398148e-002, 8.742436245502511e-002,-1.157221680025811e-001, 1.943280519374568e-001
 6.500000000000000e-001, 5.390707604547530e-002, 1.130701936721770e-001, 1.841190986015685e-002, 8.733738284861670e-002,-1.157449591097389e-001, 1.943295875829570e-001
 6.600000000000000e-001, 5.372132933678416e-002, 1.130484896440445e-001, 1.858597648684578e-002, 8.725131519098038e-002,-1.157683817283376e-001, 1.943240825158251e-001
 6.699999999999999e-001, 5.353193559417822e-002, 1.130239190004856e-001, 1.877798287408377e-002, 8.716926068464723e-002,-1.157928622965898e-001, 1.943141445157099e-001
 6.800000000000001e-001, 5.334539135160979e-002, 1.129990791936126e-001, 1.897884085946376e-002, 8.709418745011753e-002,-1.158193936146093e-001, 1.943029193402016e-001
 6.900000000000000e-001, 5.316510286888361e-002, 1.129764120674905e-001, 1.918138187697303e-002, 8.702744994577556e-002,-1.158489083245764e-001, 1.942922461400867e-001
 7.000000000000001e-001, 5.299188444525297e-002, 1.129577150862919e-001, 1.938084284006889e-002, 8.696895210047592e-002,-1.158821233547314e-001, 1.942816825909624e-001
 7.100000000000000e-001, 5.282646399170047e-002, 1.129441551056696e-001, 1.957293161931596e-002, 8.691842957281251e-002,-1.159197712633916e-001, 1.942689552324644e-001
 7.200000000000000e-001, 5.267135617292046e-002, 1.129362911434151e-001, 1.975240617897551e-002, 8.687627465574044e-002,-1.159627740917529e-001, 1.942513833375733e-001
 7.300000000000000e-001, 5.253047008058792e-002, 1.129339584629123e-001, 1.991384647185990e-002, 8.684315746096841e-002,-1.160118372558443e-001, 1.942272936106070e-001
 7.400000000000000e-001, 5.240732351214094e-002, 1.129363657180604e-001, 2.005321267105220e-002, 8.681923809089873e-002,-1.160665772604172e-001, 1.941965446013841e-001
 7.500000000000000e-001, 5.230372113707348e-002, 1.129424340285363e-001, 2.016867914215683e-002, 8.680378524055844e-002,-1.161251565188697e-001, 1.941597682328186e-001
 7.600000000000000e-001, 5.221957741131651e-002, 1.129508796538254e-001, 2.026094551438254e-002, 8.679528181163357e-002,-1.161850497905545e-001, 1.941171991646756e-001
 7.699999999999999e-001, 5.215348997754916e-002, 1.129599000265840e-001, 2.033293614110858e-002, 8.679201280669582e-002,-1.162443111375888e-001, 1.940684312004054e-001
 7.800000000000000e-001, 5.210332368372983e-002, 1.129670212429830e-001, 2.038873917725699e-002, 8.679265530870364e-002,-1.163020592491126e-001, 1.940129547498093e-001
 7.899999999999999e-001, 5.206665426136915e-002, 1.129696041700885e-001, 2.043236960411632e-002, 8.679630527528863e-002,-1.163578747923448e-001, 1.939505530241727e-001
 8.000000000000000e-001, 5.204123624539715e-002, 1.129657345383404e-001, 2.046690553114828e-002, 8.680217616973865e-002,-1.164110571483551e-001, 1.938819481991081e-001
 8.099999999999999e-001, 5.202536545082676e-002, 1.129546494012408e-001, 2.049409488860622e-002, 8.680957643762882e-002,-1.164606116546370e-001, 1.938102783996084e-001
 8.200000000000001e-001, 5.201825743237768e-002, 1.129364597299050e-001, 2.051430163881115e-002, 8.681842983585550e-002,-1.165059162876389e-001, 1.937415557931503e-001
 8.300000000000000e-001, 5.202050536654638e-002, 1.129118307530370e-001, 2.052671389658052e-002, 8.682995883377852e-002,-1.165473944290561e-001, 1.936822568909781e-001
 8.400000000000000e-001, 5.203403413167617e-002, 1.128818557781754e-001, 2.052951663307344e-002, 8.684684979248951e-002,-1.165866309530349e-001, 1.936363181748653e-001
 8.500000000000000e-001, 5.206148390320906e-002, 1.128479235145552e-001, 2.051986459490431e-002, 8.687278468716762e-002,-1.166260275593036e-001, 1.936045335744321e-001
 8.600000000000000e-001, 5.210596787624622e-002, 1.128118375912950e-001, 2.049399116341667e-002, 8.691183225145639e-002,-1.166684833073517e-001, 1.935855554143680e-001
 8.700000000000000e-001, 5.217132671669880e-002, 1.127762389589422e-001, 2.044753305922489e-002, 8.696795118801888e-002,-1.167170240069867e-001, 1.935767211856051e-001
 8.800000000000000e-001, 5.226184900900949e-002, 1.127448704002703e-001, 2.037583337696909e-002, 8.704457698244683e-002,-1.167742751926824e-001, 1.935746818499264e-001
 8.899999999999999e-001, 5.238142398126553e-002, 1.127223414125966e-001, 2.027416097562422e-002, 8.714443830577075e-002,-1.168423838377090e-001, 1.935763002556308e-001
 9.000000000000000e-001, 5.253282956208222e-002, 1.127130937010807e-001, 2.013824152793561e-002, 8.726940893264387e-002,-1.169231944666964e-001, 1.935796740228749e-001
 9.099999999999999e-001, 5.271669184354877e-002, 1.127198047473890e-001, 1.996583682140098e-002, 8.741988219795864e-002,-1.170177160192773e-001, 1.935842683115403e-001
 9.200000000000000e-001, 5.292970748052681e-002, 1.127424132209696e-001, 1.975945197067987e-002, 8.759379114283350e-002,-1.171252843094690e-001, 1.935895178588895e-001
 9.299999999999999e-001, 5.316260875792752e-002, 1.127782649289451e-001, 1.952891302757592e-002, 8.778545417543478e-002,-1.172434212319439e-001, 1.935933600873998e-001
 9.400000000000001e-001, 5.339831329106999e-002, 1.128225233838209e-001, 1.929229984332103e-002, 8.798425493662240e-002,-1.173679094674733e-001, 1.935925513169735e-001
 9.500000000000000e-001, 5.360987875429424e-002, 1.128667073642788e-001, 1.906560524004234e-002, 8.816861150291042e-002,-1.174894506326945e-001, 1.935964588936935e-001
 9.600000000000000e-001, 5.377352970540120e-002, 1.129065645590957e-001, 1.889567812999194e-002, 8.833234442752920e-002,-1.176068006259849e-001, 1.935765857231330e-001
 9.700000000000000e-001, 5.386514981217570e-002, 1.129342010980390e-001, 1.879454999206582e-002, 8.845382772484836e-002,-1.177096784917396e-001, 1.935460311835162e-001
 9.800000000000000e-001, 5.387228101565579e-002, 1.129453124924775e-001, 1.877348969158532e-002, 8.852262292343620e-002,-1.177925702524947e-001, 1.935071195490997e-001
 9.900000000000000e-001, 5.380646435253639e-002, 1.129409873284855e-001, 1.882132716286866e-002, 8.854328729281304e-002,-1.178553181773067e-001, 1.934635843615594e-001
 1.000000000000000e+000, 5.369425364082083e-002, 1.129263027806662e-001, 1.891319952982520e-002, 8.853154034919913e-002,-1.179030751370458e-001, 1.934184495433022e-001
