Main.Studies.MarkerTracking.t,Main.Studies.MarkerTracking.JointAngleOutputs.OutputFile_LeftLeg.HipFlexion,Main.Studies.MarkerTracking.JointAngleOutputs.OutputFile_LeftLeg.HipAbduction,Main.Studies.MarkerTracking.JointAngleOutputs.OutputFile_LeftLeg.HipExternalRotation,Main.Studies.MarkerTracking.JointAngleOutputs.OutputFile_LeftLeg.KneeFlexion,Main.Studies.MarkerTracking.JointAngleOutputs.OutputFile_LeftLeg.AnklePlantarFlexion,Main.Studies.MarkerTracking.JointAngleOutputs.OutputFile_LeftLeg.SubTalarEversion
 1.000000000000000e-002, 1.115041670448245e-001, 1.211348076323984e-001,-2.068943330134369e-001, 3.698551516188613e-002,-2.265000331219691e-002, 1.885767637745402e-001
 2.000000000000000e-002, 1.108392184250284e-001, 1.208945949612561e-001,-2.072522798859962e-001, 3.726883374793896e-002,-2.332492985322054e-002, 1.890781568657294e-001
 3.000000000000000e-002, 1.101774351223622e-001, 1.206515908585253e-001,-2.076017207596661e-001, 3.753991126560347e-002,-2.398942267615559e-002, 1.895742933464267e-001
 4.000000000000000e-002, 1.095334743878475e-001, 1.204070200922713e-001,-2.079303203495640e-001, 3.778918843563871e-002,-2.463155935024943e-002, 1.900406634024912e-001
 5.000000000000000e-002, 1.089281803289674e-001, 1.201655304713745e-001,-2.082242935006452e-001, 3.800319482177967e-002,-2.523166928757408e-002, 1.904598638100405e-001
 6.000000000000000e-002, 1.083764156762770e-001, 1.199352108338514e-001,-2.084706476666398e-001, 3.817215866757848e-002,-2.577138486048968e-002, 1.908199889378893e-001
 6.999999999999999e-002, 1.078871928530020e-001, 1.197246637214269e-001,-2.086594271491002e-001, 3.829047952906090e-002,-2.623612511341029e-002, 1.911141952926267e-001
 7.999999999999999e-002, 1.074696317502318e-001, 1.195446776430340e-001,-2.087846870886018e-001, 3.835860746911264e-002,-2.661724201319054e-002, 1.913186099130707e-001
 9.000000000000000e-002, 1.071128407037394e-001, 1.193878965639554e-001,-2.088602371858822e-001, 3.838300343830774e-002,-2.692285990018259e-002, 1.914940525899889e-001
 9.999999999999999e-002, 1.068200143859129e-001, 1.192588184703123e-001,-2.088893075394979e-001, 3.837258959195404e-002,-2.715737125152819e-002, 1.916227096980879e-001
 1.100000000000000e-001, 1.065871149528875e-001, 1.191558430593200e-001,-2.088805834788892e-001, 3.833819043611737e-002,-2.733140131744292e-002, 1.917088615867937e-001
 1.200000000000000e-001, 1.064068579100297e-001, 1.190760169060989e-001,-2.088436937393561e-001, 3.828930475244886e-002,-2.745600345742287e-002, 1.917607955779221e-001
 1.300000000000000e-001, 1.062699972172654e-001, 1.190155353795437e-001,-2.087879818892018e-001, 3.823395747537080e-002,-2.754281173457539e-002, 1.917876206348201e-001
 1.400000000000000e-001, 1.061667553503623e-001, 1.189703939133215e-001,-2.087226801504304e-001, 3.817864283830306e-002,-2.760411958036109e-002, 1.917990874689727e-001
 1.500000000000000e-001, 1.060875072758345e-001, 1.189372512429101e-001,-2.086566903628717e-001, 3.812786137207201e-002,-2.765149421570116e-002, 1.918050456827188e-001
 1.600000000000000e-001, 1.060234379003509e-001, 1.189137812602981e-001,-2.085970397904952e-001, 3.808443720604648e-002,-2.769361863463899e-002, 1.918128672637280e-001
 1.700000000000000e-001, 1.059677345299475e-001, 1.188982663756173e-001,-2.085469714131017e-001, 3.805079829206027e-002,-2.773511161757479e-002, 1.918239514512087e-001
 1.800000000000000e-001, 1.059159387913645e-001, 1.188890620188419e-001,-2.085054023787116e-001, 3.802932709323651e-002,-2.777726695689290e-002, 1.918328223778367e-001
 1.900000000000000e-001, 1.058648501628450e-001, 1.188846897929572e-001,-2.084684970293927e-001, 3.802119169932622e-002,-2.782014945261696e-002, 1.918302053363912e-001
 2.000000000000000e-001, 1.058116238955529e-001, 1.188843548607199e-001,-2.084323643966474e-001, 3.802541506256300e-002,-2.786418003430505e-002, 1.918073033241039e-001
 2.100000000000000e-001, 1.057541771563465e-001, 1.188879951120001e-001,-2.083950757948200e-001, 3.803927052719713e-002,-2.791015523563824e-002, 1.917586276284429e-001
 2.200000000000000e-001, 1.056920400693846e-001, 1.188957717469164e-001,-2.083572322874928e-001, 3.805913034600726e-002,-2.795866461693271e-002, 1.916835686013272e-001
 2.300000000000000e-001, 1.056264683608422e-001, 1.189076518988603e-001,-2.083212554773883e-001, 3.808093043815758e-002,-2.800978500810697e-002, 1.915869093842259e-001
 2.400000000000000e-001, 1.055595886070610e-001, 1.189232522643027e-001,-2.082900066339885e-001, 3.810056012932177e-002,-2.806311399152248e-002, 1.914778160524448e-001
 2.500000000000000e-001, 1.054932713271702e-001, 1.189417286219812e-001,-2.082656952205045e-001, 3.811459891599583e-002,-2.811811300696519e-002, 1.913675502676397e-001
 2.600000000000000e-001, 1.054285784592290e-001, 1.189617950055937e-001,-2.082496111425692e-001, 3.812106485939567e-002,-2.817430734201552e-002, 1.912668291839267e-001
 2.700000000000000e-001, 1.053659331268889e-001, 1.189819183243199e-001,-2.082424550888370e-001, 3.811963437685283e-002,-2.823118706174988e-002, 1.911838906978675e-001
 2.800000000000000e-001, 1.053055718622777e-001, 1.190005116284827e-001,-2.082446532908921e-001, 3.811132874080209e-002,-2.828846134947617e-002, 1.911237957637432e-001
 2.900000000000000e-001, 1.052478851869961e-001, 1.190161546790480e-001,-2.082562062817528e-001, 3.809790938937503e-002,-2.834645210581503e-002, 1.910885226519881e-001
 3.000000000000000e-001, 1.051934800349515e-001, 1.190277967573881e-001,-2.082763012793558e-001, 3.808127119519274e-002,-2.840584047794554e-002, 1.910769916648409e-001
 3.100000000000000e-001, 1.051428916982464e-001, 1.190347455863381e-001,-2.083030173762655e-001, 3.806308014696454e-002,-2.846717683260761e-002, 1.910849670378909e-001
 3.200000000000000e-001, 1.050961298858120e-001, 1.190365200282388e-001,-2.083331870305073e-001, 3.804465093519488e-002,-2.853082901887380e-002, 1.911056114117512e-001
 3.300000000000000e-001, 1.050526024067636e-001, 1.190327420495827e-001,-2.083628893454292e-001, 3.802698367397076e-002,-2.859737257810140e-002, 1.911314364898901e-001
 3.400000000000000e-001, 1.050116257319030e-001, 1.190231935711710e-001,-2.083885780263366e-001, 3.801087046516504e-002,-2.866790683937564e-002, 1.911568676888853e-001
 3.500000000000000e-001, 1.049729524210509e-001, 1.190079899160470e-001,-2.084076267602610e-001, 3.799711707935417e-002,-2.874358258537868e-002, 1.911788234198149e-001
 3.600000000000000e-001, 1.049368424279774e-001, 1.189875458789653e-001,-2.084176980236593e-001, 3.798673505251823e-002,-2.882478614236463e-002, 1.911949636944873e-001
 3.700000000000000e-001, 1.049037652088972e-001, 1.189622654505735e-001,-2.084161893400395e-001, 3.798043139525265e-002,-2.891114125747835e-002, 1.912033311726496e-001
 3.800000000000000e-001, 1.048741611257284e-001, 1.189322532751191e-001,-2.084010278247676e-001, 3.797768387234565e-002,-2.900226187612920e-002, 1.912051599093826e-001
 3.900000000000000e-001, 1.048489169073933e-001, 1.188972466263001e-001,-2.083718965685513e-001, 3.797691586412598e-002,-2.909822266183938e-002, 1.912068013004442e-001
 4.000000000000000e-001, 1.048301868976389e-001, 1.188568541110420e-001,-2.083301709044944e-001, 3.797689829118865e-002,-2.919905722228499e-002, 1.912168233217579e-001
 4.100000000000000e-001, 1.048211379548735e-001, 1.188111333096922e-001,-2.082777098974580e-001, 3.797777489526881e-002,-2.930369002436374e-002, 1.912404780673256e-001
 4.200000000000000e-001, 1.048248051590454e-001, 1.187609745930580e-001,-2.082153522208760e-001, 3.798101212582902e-002,-2.940937489523397e-002, 1.912765113937797e-001
 4.300000000000000e-001, 1.048436770248950e-001, 1.187074356253663e-001,-2.081412137709912e-001, 3.798904950510362e-002,-2.951193392985908e-002, 1.913177868094025e-001
 4.400000000000000e-001, 1.048796255055017e-001, 1.186506822035165e-001,-2.080506703415846e-001, 3.800485073114529e-002,-2.960650476445816e-002, 1.913543165760264e-001
 4.500000000000000e-001, 1.049327973585749e-001, 1.185902604200744e-001,-2.079401111606492e-001, 3.803083299538283e-002,-2.968891616266435e-002, 1.913775256030069e-001
 4.600000000000000e-001, 1.050007340500670e-001, 1.185263057014105e-001,-2.078110317338668e-001, 3.806791100878679e-002,-2.975721750192234e-002, 1.913834077188959e-001
 4.700000000000000e-001, 1.050792506326902e-001, 1.184598099900418e-001,-2.076699544373169e-001, 3.811572159081201e-002,-2.981215064648657e-002, 1.913723138895056e-001
 4.800000000000000e-001, 1.051636143581280e-001, 1.183919471538710e-001,-2.075260307639476e-001, 3.817339593363114e-002,-2.985663914911579e-002, 1.913470135100430e-001
 4.900000000000000e-001, 1.052489356151634e-001, 1.183236582754188e-001,-2.073891791076608e-001, 3.824001964976433e-002,-2.989491274203347e-002, 1.913113568646853e-001
 5.000000000000000e-001, 1.053307645873032e-001, 1.182555716892404e-001,-2.072678140202699e-001, 3.831481325713810e-002,-2.993116474834354e-002, 1.912692670367154e-001
 5.100000000000000e-001, 1.054059596467976e-001, 1.181878375460745e-001,-2.071665455513428e-001, 3.839694715654791e-002,-2.996875437551502e-002, 1.912240096328527e-001
 5.200000000000000e-001, 1.054731026396644e-001, 1.181201225871373e-001,-2.070859305327031e-001, 3.848503491265862e-002,-3.001076359663153e-002, 1.911781600383521e-001
 5.300000000000000e-001, 1.055321555927394e-001, 1.180521276254547e-001,-2.070240275976608e-001, 3.857676570269081e-002,-3.006011757738215e-002, 1.911337123604559e-001
 5.400000000000000e-001, 1.055832407259949e-001, 1.179844095245621e-001,-2.069781859612314e-001, 3.866889353276096e-002,-3.011814860646667e-002, 1.910921745626041e-001
 5.499999999999999e-001, 1.056255651649768e-001, 1.179188046128055e-001,-2.069459061814524e-001, 3.875769974843157e-002,-3.018333360171065e-002, 1.910542092051054e-001
 5.600000000000001e-001, 1.056577439717895e-001, 1.178579035471112e-001,-2.069247067163646e-001, 3.883980630916496e-002,-3.025183216093750e-002, 1.910186816924387e-001
 5.700000000000000e-001, 1.056787054191596e-001, 1.178040035983046e-001,-2.069123894757166e-001, 3.891266674415530e-002,-3.031933578549347e-002, 1.909829238297034e-001
 5.800000000000001e-001, 1.056875471281185e-001, 1.177586020671000e-001,-2.069083055426459e-001, 3.897433226637574e-002,-3.038287456223093e-002, 1.909446471570574e-001
 5.900000000000000e-001, 1.056826745306809e-001, 1.177226710590760e-001,-2.069145166436206e-001, 3.902271865046152e-002,-3.044181549361076e-002, 1.909041616617652e-001
 6.000000000000000e-001, 1.056618649393909e-001, 1.176969496618365e-001,-2.069356375821776e-001, 3.905519947128135e-002,-3.049775820295634e-002, 1.908655458916208e-001
 6.100000000000000e-001, 1.056234428359810e-001, 1.176817058893003e-001,-2.069769816013286e-001, 3.906945419546398e-002,-3.055351017130861e-002, 1.908350043726381e-001
 6.200000000000000e-001, 1.055672231298084e-001, 1.176763424754226e-001,-2.070424983587464e-001, 3.906495643531434e-002,-3.061168738493087e-002, 1.908172168743254e-001
 6.300000000000000e-001, 1.054945627345940e-001, 1.176795324173798e-001,-2.071343793618362e-001, 3.904346649954323e-002,-3.067336864835640e-002, 1.908133683208174e-001
 6.400000000000000e-001, 1.054080884713561e-001, 1.176897947608087e-001,-2.072534740928830e-001, 3.900833970422631e-002,-3.073758135997602e-002, 1.908219697437519e-001
 6.500000000000000e-001, 1.053116654244128e-001, 1.177057935579855e-001,-2.073988663333271e-001, 3.896369311478088e-002,-3.080220796620255e-002, 1.908404302000954e-001
 6.600000000000000e-001, 1.052103364326855e-001, 1.177259973694536e-001,-2.075670198549746e-001, 3.891383115287964e-002,-3.086560336663516e-002, 1.908664599145763e-001
 6.699999999999999e-001, 1.051095095786411e-001, 1.177481360611994e-001,-2.077517549123466e-001, 3.886294546809659e-002,-3.092751993958410e-002, 1.908991049525475e-001
 6.800000000000001e-001, 1.050135138182510e-001, 1.177692441233325e-001,-2.079455946977923e-001, 3.881534874041953e-002,-3.098862082314375e-002, 1.909380492640990e-001
 6.900000000000000e-001, 1.049247114704853e-001, 1.177863500425873e-001,-2.081414441470291e-001, 3.877575147157031e-002,-3.104947482864002e-002, 1.909814667539308e-001
 7.000000000000001e-001, 1.048437141793514e-001, 1.177971292403379e-001,-2.083330497348117e-001, 3.874860943975867e-002,-3.111055429995288e-002, 1.910253261114701e-001
 7.100000000000000e-001, 1.047703684964416e-001, 1.178001620057332e-001,-2.085141536520622e-001, 3.873707204792658e-002,-3.117306615443282e-002, 1.910648073962431e-001
 7.200000000000000e-001, 1.047050626254185e-001, 1.177949834232130e-001,-2.086776795408167e-001, 3.874293671592642e-002,-3.123918633833310e-002, 1.910950070064368e-001
 7.300000000000000e-001, 1.046493557963993e-001, 1.177820445755349e-001,-2.088165152795246e-001, 3.876740499755942e-002,-3.131163757328242e-002, 1.911107080792570e-001
 7.400000000000000e-001, 1.046052766860313e-001, 1.177624534854960e-001,-2.089255958502153e-001, 3.881128422360645e-002,-3.139358064331604e-002, 1.911078826063212e-001
 7.500000000000000e-001, 1.045740612139736e-001, 1.177376785058244e-001,-2.090038165760710e-001, 3.887404428268871e-002,-3.148851128732719e-002, 1.910869070050954e-001
 7.600000000000000e-001, 1.045555133295299e-001, 1.177096692016908e-001,-2.090552719553653e-001, 3.895251420611567e-002,-3.159893837014637e-002, 1.910550229955132e-001
 7.699999999999999e-001, 1.045481842017973e-001, 1.176812431880268e-001,-2.090889577709779e-001, 3.904070386050234e-002,-3.172406551547238e-002, 1.910253056057137e-001
 7.800000000000000e-001, 1.045497720271389e-001, 1.176560767898971e-001,-2.091159938238550e-001, 3.913117861638766e-002,-3.185854070401644e-002, 1.910111582833844e-001
 7.899999999999999e-001, 1.045576069994202e-001, 1.176378983466380e-001,-2.091457187920571e-001, 3.921707134177284e-002,-3.199381823907732e-002, 1.910202661829168e-001
 8.000000000000000e-001, 1.045693285520029e-001, 1.176291539170051e-001,-2.091831303579786e-001, 3.929378340920401e-002,-3.212151154094821e-002, 1.910532007587976e-001
 8.099999999999999e-001, 1.045833054111055e-001, 1.176302892470384e-001,-2.092286197504113e-001, 3.935946434110155e-002,-3.223649908440692e-002, 1.911061650248724e-001
 8.200000000000001e-001, 1.045986264666121e-001, 1.176402701448858e-001,-2.092790137786359e-001, 3.941408964991606e-002,-3.233753639931131e-002, 1.911733066689518e-001
 8.300000000000000e-001, 1.046151604985629e-001, 1.176573602949282e-001,-2.093284287886475e-001, 3.945866999219089e-002,-3.242514773354350e-002, 1.912463347077542e-001
 8.400000000000000e-001, 1.046336033576889e-001, 1.176795101059629e-001,-2.093688247513546e-001, 3.949536930288161e-002,-3.249916535540961e-002, 1.913136215869367e-001
 8.500000000000000e-001, 1.046551164712984e-001, 1.177046623226099e-001,-2.093914050216053e-001, 3.952723494266221e-002,-3.255838936939164e-002, 1.913625125283666e-001
 8.600000000000000e-001, 1.046810512470612e-001, 1.177307969504244e-001,-2.093888256003142e-001, 3.955703274300201e-002,-3.260211918918149e-002, 1.913846422954705e-001
 8.700000000000000e-001, 1.047131304376029e-001, 1.177554978748001e-001,-2.093562238517387e-001, 3.958655145158001e-002,-3.263142527369867e-002, 1.913789181559626e-001
 8.800000000000000e-001, 1.047535163322568e-001, 1.177754296201565e-001,-2.092899299850584e-001, 3.961735984935666e-002,-3.264895464388799e-002, 1.913484726674413e-001
 8.899999999999999e-001, 1.048045315917210e-001, 1.177862743218643e-001,-2.091858859035758e-001, 3.965196720781303e-002,-3.265784971113483e-002, 1.912951492795653e-001
 9.000000000000000e-001, 1.048683189392804e-001, 1.177836776474297e-001,-2.090399663203208e-001, 3.969372674251575e-002,-3.266071777341013e-002, 1.912166372667962e-001
 9.099999999999999e-001, 1.049461582669095e-001, 1.177649681934716e-001,-2.088495168453119e-001, 3.974561058120613e-002,-3.265880980630335e-002, 1.911062213375683e-001
 9.200000000000000e-001, 1.050373313430895e-001, 1.177303311221416e-001,-2.086156859629402e-001, 3.980899747528598e-002,-3.265172985073769e-002, 1.909548064092383e-001
 9.299999999999999e-001, 1.051380789501120e-001, 1.176828424651464e-001,-2.083469832323823e-001, 3.988287356771663e-002,-3.263809388446932e-002, 1.907559409452183e-001
 9.400000000000001e-001, 1.052409559099458e-001, 1.176280886249985e-001,-2.080616102332685e-001, 3.996376160795261e-002,-3.261628337306850e-002, 1.905094753387454e-001
 9.500000000000000e-001, 1.053357593911340e-001, 1.175756483825003e-001,-2.077655808970245e-001, 4.004995837171638e-002,-3.258503066660078e-002, 1.901767502356598e-001
 9.600000000000000e-001, 1.054102958216802e-001, 1.175294955923996e-001,-2.075250427259847e-001, 4.013115951631650e-002,-3.254208156704254e-002, 1.898423525818712e-001
 9.700000000000000e-001, 1.054562801662941e-001, 1.174974832011142e-001,-2.073422536405003e-001, 4.020668188328901e-002,-3.248544854916034e-002, 1.894758290863623e-001
 9.800000000000000e-001, 1.054689485280701e-001, 1.174833482434192e-001,-2.072268896576874e-001, 4.027430692147305e-002,-3.241238024490600e-002, 1.890805678469726e-001
 9.900000000000000e-001, 1.054525125385951e-001, 1.174854969691546e-001,-2.071703326944195e-001, 4.033314704454880e-002,-3.232460397039032e-002, 1.886697334188426e-001
 1.000000000000000e+000, 1.054172299206498e-001, 1.174985283664847e-001,-2.071530948898961e-001, 4.038460021053822e-002,-3.222833611329121e-002, 1.882581477619232e-001
