Main.Studies.MarkerTracking.t,Main.Studies.MarkerTracking.JointAngleOutputs.OutputFile_RightArm.SternoClavicularProtraction,Main.Studies.MarkerTracking.JointAngleOutputs.OutputFile_RightArm.SternoClavicularElevation,Main.Studies.MarkerTracking.JointAngleOutputs.OutputFile_RightArm.SternoClavicularAxialRotation,Main.Studies.MarkerTracking.JointAngleOutputs.OutputFile_RightArm.AcromioClavicularProtraction,Main.Studies.MarkerTracking.JointAngleOutputs.OutputFile_RightArm.AcromioClavicularMedialRotation,Main.Studies.MarkerTracking.JointAngleOutputs.OutputFile_RightArm.AcromioClavicularPosteriorTilt,Main.Studies.MarkerTracking.JointAngleOutputs.OutputFile_RightArm.GlenohumeralFlexion,Main.Studies.MarkerTracking.JointAngleOutputs.OutputFile_RightArm.GlenohumeralExternalRotation,Main.Studies.MarkerTracking.JointAngleOutputs.OutputFile_RightArm.GlenohumeralAbduction,Main.Studies.MarkerTracking.JointAngleOutputs.OutputFile_RightArm.ElbowFlexion,Main.Studies.MarkerTracking.JointAngleOutputs.OutputFile_RightArm.ElbowPronation,Main.Studies.MarkerTracking.JointAngleOutputs.OutputFile_RightArm.WristFlexion,Main.Studies.MarkerTracking.JointAngleOutputs.OutputFile_RightArm.WristAbduction
 1.000000000000000e-002,-3.130858169438664e-001, 2.004730905026433e-001,-3.490658065592759e-001, 6.059329383435287e-001,-3.498155839524415e-001, 2.893568983333617e-001, 5.235987755982992e-001,-1.221730476396030e+000, 0.000000000000000e+000, 2.094395102393196e+000,-2.580956827951785e-008,-2.220446049250313e-016, 0.000000000000000e+000
 2.000000000000000e-002,-3.133568208464475e-001, 2.003736655758690e-001,-3.490658007335253e-001, 6.059096169325410e-001,-3.498154880124924e-001, 2.893326443201680e-001, 5.235987755982987e-001,-1.221730476396030e+000, 0.000000000000000e+000, 2.094395102393195e+000,-2.580956827951785e-008, 2.220446049250313e-016, 0.000000000000000e+000
 3.000000000000000e-002,-3.136236990337815e-001, 2.002692102326233e-001,-3.490657949244269e-001, 6.058880528205555e-001,-3.498143809827385e-001, 2.893050656437800e-001, 5.235987755982987e-001,-1.221730476396031e+000, 0.000000000000000e+000, 2.094395102393196e+000,-1.490116119384766e-008,-4.440892098500626e-016, 0.000000000000000e+000
 4.000000000000000e-002,-3.138846197360709e-001, 2.001611637150467e-001,-3.490657891585581e-001, 6.058682398554158e-001,-3.498123822356840e-001, 2.892747592531627e-001, 5.235987755982992e-001,-1.221730476396030e+000, 0.000000000000000e+000, 2.094395102393195e+000, 0.000000000000000e+000, 2.220446049250313e-016, 0.000000000000000e+000
 5.000000000000000e-002,-3.141344073322469e-001, 2.000514007208607e-001,-3.490657835216145e-001, 6.058506276542188e-001,-3.498094906144333e-001, 2.892421761214372e-001, 5.235987755982983e-001,-1.221730476396031e+000, 0.000000000000000e+000, 2.094395102393196e+000, 0.000000000000000e+000,-2.220446049250313e-016, 0.000000000000000e+000
 6.000000000000000e-002,-3.143628475339774e-001, 1.999373348156399e-001,-3.490657781671488e-001, 6.058374425716889e-001,-3.498047351466749e-001, 2.892046654172814e-001, 5.235987755982992e-001,-1.221730476396031e+000, 0.000000000000000e+000, 2.094395102393195e+000, 0.000000000000000e+000, 0.000000000000000e+000, 0.000000000000000e+000
 6.999999999999999e-002,-3.145568628709410e-001, 1.998129803446243e-001,-3.490657732709125e-001, 6.058321042683501e-001,-3.497964611994608e-001, 2.891573289099695e-001, 5.235987755982987e-001,-1.221730476396031e+000, 0.000000000000000e+000, 2.094395102393196e+000, 0.000000000000000e+000, 2.220446049250313e-016, 0.000000000000000e+000
 7.999999999999999e-002,-3.147072178574435e-001, 1.996744799165604e-001,-3.490657950370323e-001, 6.058369380286336e-001,-3.497835617021929e-001, 2.890969316716461e-001, 5.235987755982992e-001,-1.221730476396031e+000, 0.000000000000000e+000, 2.094395102393195e+000, 0.000000000000000e+000,-2.220446049250313e-016, 0.000000000000000e+000
 9.000000000000000e-002,-3.148116450888148e-001, 1.995174333437981e-001,-3.490657839570408e-001, 6.058532730776467e-001,-3.497652243812244e-001, 2.890207090527481e-001, 5.235987755982983e-001,-1.221730476396030e+000, 0.000000000000000e+000, 2.094395102393196e+000, 0.000000000000000e+000, 2.220446049250313e-016, 0.000000000000000e+000
 9.999999999999999e-002,-3.148778412897388e-001, 1.993443346507986e-001,-3.490657753439155e-001, 6.058793024020948e-001,-3.497422710022589e-001, 2.889309963857114e-001, 5.235987755982992e-001,-1.221730476396030e+000, 0.000000000000000e+000, 2.094395102393195e+000, 0.000000000000000e+000, 0.000000000000000e+000, 0.000000000000000e+000
 1.100000000000000e-001,-3.149174514585501e-001, 1.991569847568402e-001,-3.490657692945922e-001, 6.059127321904140e-001,-3.497156325882229e-001, 2.888301790584007e-001, 5.235987755982992e-001,-1.221730476396031e+000, 0.000000000000000e+000, 2.094395102393195e+000, 0.000000000000000e+000, 0.000000000000000e+000, 0.000000000000000e+000
 1.200000000000000e-001,-3.149429945319493e-001, 1.989564153899390e-001,-3.490657653380132e-001, 6.059512896708744e-001,-3.496861704097172e-001, 2.887203092501289e-001, 5.235987755982987e-001,-1.221730476396030e+000, 0.000000000000000e+000, 2.094395102393195e+000, 0.000000000000000e+000, 0.000000000000000e+000, 0.000000000000000e+000
 1.300000000000000e-001,-3.149653274323257e-001, 1.987434859579875e-001,-3.490657627213927e-001, 6.059930116287391e-001,-3.496546259320676e-001, 2.886031457268431e-001, 5.235987755982992e-001,-1.221730476396031e+000, 0.000000000000000e+000, 2.094395102393196e+000, 0.000000000000000e+000, 0.000000000000000e+000, 0.000000000000000e+000
 1.400000000000000e-001,-3.149919775890531e-001, 1.985198149766698e-001,-3.490657605970289e-001, 6.060363192684413e-001,-3.496216708491116e-001, 2.884804832900803e-001, 5.235987755982983e-001,-1.221730476396031e+000, 0.000000000000000e+000, 2.094395102393195e+000, 0.000000000000000e+000, 2.220446049250313e-016, 0.000000000000000e+000
 1.500000000000000e-001,-3.150255575657998e-001, 1.982880745204052e-001,-3.490657580787188e-001, 6.060802153294727e-001,-3.495878633895493e-001, 2.883541331706878e-001, 5.235987755982987e-001,-1.221730476396030e+000, 0.000000000000000e+000, 2.094395102393195e+000, 0.000000000000000e+000, 0.000000000000000e+000, 0.000000000000000e+000
 1.600000000000000e-001,-3.150631942347268e-001, 1.980520803823935e-001,-3.490657544405732e-001, 6.061243583003659e-001,-3.495536300592932e-001, 2.882259073763429e-001, 5.235987755982987e-001,-1.221730476396031e+000, 0.000000000000000e+000, 2.094395102393196e+000, 0.000000000000000e+000,-2.220446049250313e-016, 0.000000000000000e+000
 1.700000000000000e-001,-3.150991572987090e-001, 1.978169070776625e-001,-3.490657494841192e-001, 6.061686064797218e-001,-3.495194308249565e-001, 2.880979901824153e-001, 5.235987755982992e-001,-1.221730476396031e+000, 0.000000000000000e+000, 2.094395102393195e+000, 0.000000000000000e+000, 0.000000000000000e+000, 0.000000000000000e+000
 1.800000000000000e-001,-3.151303270217397e-001, 1.975888608322325e-001,-3.490657437227838e-001, 6.062121266576522e-001,-3.494860618246927e-001, 2.879735593594277e-001, 5.235987755982987e-001,-1.221730476396030e+000, 0.000000000000000e+000, 2.094395102393195e+000, 0.000000000000000e+000, 0.000000000000000e+000, 0.000000000000000e+000
 1.900000000000000e-001,-3.151596564365722e-001, 1.973747831214765e-001,-3.490657380331593e-001, 6.062529747106411e-001,-3.494547423851759e-001, 2.878567959414816e-001, 5.235987755982987e-001,-1.221730476396030e+000, 0.000000000000000e+000, 2.094395102393195e+000, 0.000000000000000e+000, 2.220446049250313e-016, 0.000000000000000e+000
 2.000000000000000e-001,-3.151942628650110e-001, 1.971802092058574e-001,-3.490657329973512e-001, 6.062888014975210e-001,-3.494267242318743e-001, 2.877516266713236e-001, 5.235987755982987e-001,-1.221730476396031e+000, 0.000000000000000e+000, 2.094395102393196e+000, 0.000000000000000e+000, 0.000000000000000e+000, 0.000000000000000e+000
 2.100000000000000e-001,-3.152409000374319e-001, 1.970078744123245e-001,-3.490657285896535e-001, 6.063179145453805e-001,-3.494028073297928e-001, 2.876603607190081e-001, 5.235987755982987e-001,-1.221730476396031e+000, 0.000000000000000e+000, 2.094395102393195e+000, 0.000000000000000e+000,-2.220446049250313e-016, 0.000000000000000e+000
 2.200000000000000e-001,-3.153036325622785e-001, 1.968579269816446e-001,-3.490657244740095e-001, 6.063396145836618e-001,-3.493832422510645e-001, 2.875835425150781e-001, 5.235987755982992e-001,-1.221730476396031e+000, 0.000000000000000e+000, 2.094395102393196e+000, 0.000000000000000e+000, 0.000000000000000e+000, 0.000000000000000e+000
 2.300000000000000e-001,-3.153850304113631e-001, 1.967287707308592e-001,-3.490657204402610e-001, 6.063538200736387e-001,-3.493679270972101e-001, 2.875205659638003e-001, 5.235987755982987e-001,-1.221730476396031e+000, 0.000000000000000e+000, 2.094395102393196e+000, 0.000000000000000e+000, 0.000000000000000e+000, 0.000000000000000e+000
 2.400000000000000e-001,-3.154874903317980e-001, 1.966179026341304e-001,-3.490657164726019e-001, 6.063606718199642e-001,-3.493566106277992e-001, 2.874702985226557e-001, 5.235987755982987e-001,-1.221730476396030e+000, 0.000000000000000e+000, 2.094395102393195e+000, 0.000000000000000e+000,-2.220446049250313e-016, 0.000000000000000e+000
 2.500000000000000e-001,-3.156122159554150e-001, 1.965229989978015e-001,-3.490657125981465e-001, 6.063604684646481e-001,-3.493490021121171e-001, 2.874315715893827e-001, 5.235987755982992e-001,-1.221730476396031e+000, 0.000000000000000e+000, 2.094395102393195e+000, 0.000000000000000e+000, 0.000000000000000e+000, 0.000000000000000e+000
 2.600000000000000e-001,-3.157582586733321e-001, 1.964425832495094e-001,-3.490657088861791e-001, 6.063536811187312e-001,-3.493448202487519e-001, 2.874034431615183e-001, 5.235987755982987e-001,-1.221730476396031e+000, 0.000000000000000e+000, 2.094395102393195e+000, 0.000000000000000e+000, 2.220446049250313e-016, 0.000000000000000e+000
 2.700000000000000e-001,-3.159230669678957e-001, 1.963759228560678e-001,-3.490657055039192e-001, 6.063408850450779e-001,-3.493438082078280e-001, 2.873852035895412e-001, 5.235987755982992e-001,-1.221730476396031e+000, 0.000000000000000e+000, 2.094395102393196e+000, 0.000000000000000e+000,-2.220446049250313e-016, 0.000000000000000e+000
 2.800000000000000e-001,-3.161025560076026e-001, 1.963227589210339e-001,-3.490657026823665e-001, 6.063228057681790e-001,-3.493456960130317e-001, 2.873762319178704e-001, 5.235987755982987e-001,-1.221730476396031e+000, 0.000000000000000e+000, 2.094395102393195e+000, 0.000000000000000e+000, 0.000000000000000e+000, 0.000000000000000e+000
 2.900000000000000e-001,-3.162905231487235e-001, 1.962832916296462e-001,-3.490657006846392e-001, 6.063004178057494e-001,-3.493501656538083e-001, 2.873759198429166e-001, 5.235987755982992e-001,-1.221730476396030e+000, 0.000000000000000e+000, 2.094395102393195e+000, 0.000000000000000e+000, 2.220446049250313e-016, 0.000000000000000e+000
 3.000000000000000e-001,-3.164797665763947e-001, 1.962583405927689e-001,-3.490656997964959e-001, 6.062747268392671e-001,-3.493569387405933e-001, 2.873838914618899e-001, 5.235987755982983e-001,-1.221730476396031e+000, 0.000000000000000e+000, 2.094395102393196e+000, 0.000000000000000e+000,-2.220446049250313e-016, 0.000000000000000e+000
 3.100000000000000e-001,-3.166651600802770e-001, 1.962492438422658e-001,-3.490657002665440e-001, 6.062462872542593e-001,-3.493659334820032e-001, 2.874003033943205e-001, 5.235987755982992e-001,-1.221730476396031e+000, 0.000000000000000e+000, 2.094395102393196e+000, 0.000000000000000e+000, 0.000000000000000e+000, 0.000000000000000e+000
 3.200000000000000e-001,-3.168447415512784e-001, 1.962570342394230e-001,-3.490657021804159e-001, 6.062151998054202e-001,-3.493771987297512e-001, 2.874255091403998e-001, 5.235987755982987e-001,-1.221730476396030e+000, 0.000000000000000e+000, 2.094395102393194e+000, 0.000000000000000e+000, 2.220446049250313e-016, 0.000000000000000e+000
 3.300000000000000e-001,-3.170166801466594e-001, 1.962809995682799e-001,-3.490657053477561e-001, 6.061819161717450e-001,-3.493905221482376e-001, 2.874588995894292e-001, 5.235987755982992e-001,-1.221730476396031e+000, 0.000000000000000e+000, 2.094395102393196e+000, 0.000000000000000e+000,-2.220446049250313e-016, 0.000000000000000e+000
 3.400000000000000e-001,-3.171768221840786e-001, 1.963177338263356e-001,-3.490657092959479e-001, 6.061478434303858e-001,-3.494051468537358e-001, 2.874980856002120e-001, 5.235987755982983e-001,-1.221730476396030e+000, 0.000000000000000e+000, 2.094395102393195e+000, 0.000000000000000e+000, 2.220446049250313e-016, 0.000000000000000e+000
 3.500000000000000e-001,-3.173200686667055e-001, 1.963620123475693e-001,-3.490657134431731e-001, 6.061149313099015e-001,-3.494199835572567e-001, 2.875395472883704e-001, 5.235987755982992e-001,-1.221730476396031e+000, 0.000000000000000e+000, 2.094395102393196e+000, 0.000000000000000e+000,-2.220446049250313e-016, 0.000000000000000e+000
 3.600000000000000e-001,-3.174420614242872e-001, 1.964087579492597e-001,-3.490657173598990e-001, 6.060849762878164e-001,-3.494340075484907e-001, 2.875799315786459e-001, 5.235987755982992e-001,-1.221730476396031e+000, 0.000000000000000e+000, 2.094395102393195e+000, 0.000000000000000e+000, 0.000000000000000e+000, 0.000000000000000e+000
 3.700000000000000e-001,-3.175392403382445e-001, 1.964539505531933e-001,-3.490657208196397e-001, 6.060594183020026e-001,-3.494464016761456e-001, 2.876165693191761e-001, 5.235987755982983e-001,-1.221730476396031e+000, 0.000000000000000e+000, 2.094395102393196e+000, 0.000000000000000e+000, 0.000000000000000e+000, 0.000000000000000e+000
 3.800000000000000e-001,-3.176092174622235e-001, 1.964940189612650e-001,-3.490657236352150e-001, 6.060394095138975e-001,-3.494564835476208e-001, 2.876471780515820e-001, 5.235987755982992e-001,-1.221730476396031e+000, 0.000000000000000e+000, 2.094395102393195e+000, 0.000000000000000e+000, 0.000000000000000e+000, 0.000000000000000e+000
 3.900000000000000e-001,-3.176518313689643e-001, 1.965246560676064e-001,-3.490657255425931e-001, 6.060258945953758e-001,-3.494635820839620e-001, 2.876693200543884e-001, 5.235987755982983e-001,-1.221730476396030e+000, 0.000000000000000e+000, 2.094395102393196e+000, 0.000000000000000e+000, 2.220446049250313e-016, 0.000000000000000e+000
 4.000000000000000e-001,-3.176698007347538e-001, 1.965404932394588e-001,-3.490657263279156e-001, 6.060195732067637e-001,-3.494670238671847e-001, 2.876802959579831e-001, 5.235987755982992e-001,-1.221730476396030e+000, 0.000000000000000e+000, 2.094395102393195e+000, 0.000000000000000e+000,-2.220446049250313e-016, 0.000000000000000e+000
 4.100000000000000e-001,-3.176680390463960e-001, 1.965368171460871e-001,-3.490657261302254e-001, 6.060206459322813e-001,-3.494663589556817e-001, 2.876780294991980e-001, 5.235987755982987e-001,-1.221730476396031e+000, 0.000000000000000e+000, 2.094395102393196e+000, 0.000000000000000e+000, 2.220446049250313e-016, 0.000000000000000e+000
 4.200000000000000e-001,-3.176515272343470e-001, 1.965118825318635e-001,-3.490657254340852e-001, 6.060286693380450e-001,-3.494615977466529e-001, 2.876621195037622e-001, 5.235987755982992e-001,-1.221730476396031e+000, 0.000000000000000e+000, 2.094395102393196e+000, 0.000000000000000e+000, 0.000000000000000e+000, 0.000000000000000e+000
 4.300000000000000e-001,-3.176233783979119e-001, 1.964674231606327e-001,-3.490657246432947e-001, 6.060427639673356e-001,-3.494531812748858e-001, 2.876339021621399e-001, 5.235987755982987e-001,-1.221730476396031e+000, 0.000000000000000e+000, 2.094395102393195e+000, 0.000000000000000e+000,-2.220446049250313e-016, 0.000000000000000e+000
 4.400000000000000e-001,-3.175842963268099e-001, 1.964076383949200e-001,-3.490657238147824e-001, 6.060619191127754e-001,-3.494417949410174e-001, 2.875958186122438e-001, 5.235987755982987e-001,-1.221730476396031e+000, 0.000000000000000e+000, 2.094395102393194e+000, 0.000000000000000e+000, 2.220446049250313e-016, 0.000000000000000e+000
 4.500000000000000e-001,-3.175332843873472e-001, 1.963381952181258e-001,-3.490657227863180e-001, 6.060850894436074e-001,-3.494282546339986e-001, 2.875509360547864e-001, 5.235987755982992e-001,-1.221730476396031e+000, 0.000000000000000e+000, 2.094395102393197e+000, 0.000000000000000e+000,-2.220446049250313e-016, 0.000000000000000e+000
 4.600000000000000e-001,-3.174696446212572e-001, 1.962655390738821e-001,-3.490657214579793e-001, 6.061110144841231e-001,-3.494135126226929e-001, 2.875027920799215e-001, 5.235987755982987e-001,-1.221730476396030e+000, 0.000000000000000e+000, 2.094395102393195e+000, 0.000000000000000e+000, 0.000000000000000e+000, 0.000000000000000e+000
 4.700000000000000e-001,-3.173954391697633e-001, 1.961961394139649e-001,-3.490657199987995e-001, 6.061379763417520e-001,-3.493986793748825e-001, 2.874552562047914e-001, 5.235987755982992e-001,-1.221730476396032e+000, 0.000000000000000e+000, 2.094395102393195e+000, 0.000000000000000e+000, 0.000000000000000e+000, 0.000000000000000e+000
 4.800000000000000e-001,-3.173162641331672e-001, 1.961355568239263e-001,-3.490657187928400e-001, 6.061638719203375e-001,-3.493849235637796e-001, 2.874120958849519e-001, 5.235987755982987e-001,-1.221730476396030e+000, 0.000000000000000e+000, 2.094395102393195e+000, 0.000000000000000e+000,-2.220446049250313e-016, 0.000000000000000e+000
 4.900000000000000e-001,-3.172399835507443e-001, 1.960875273362475e-001,-3.490657181834552e-001, 6.061866156488190e-001,-3.493732604836524e-001, 2.873763163982938e-001, 5.235987755982987e-001,-1.221730476396031e+000, 0.000000000000000e+000, 2.094395102393195e+000, 0.000000000000000e+000, 4.440892098500626e-016, 0.000000000000000e+000
 5.000000000000000e-001,-3.171755588730024e-001, 1.960533545619565e-001,-3.490657182894392e-001, 6.062044609962018e-001,-3.493643929978882e-001, 2.873496853805574e-001, 5.235987755982992e-001,-1.221730476396030e+000, 0.000000000000000e+000, 2.094395102393196e+000, 0.000000000000000e+000, 0.000000000000000e+000, 0.000000000000000e+000
 5.100000000000000e-001,-3.171329287869277e-001, 1.960315566141100e-001,-3.490657189668450e-001, 6.062160956211471e-001,-3.493586503478059e-001, 2.873325222169404e-001, 5.235987755982983e-001,-1.221730476396031e+000, 0.000000000000000e+000, 2.094395102393196e+000, 0.000000000000000e+000, 0.000000000000000e+000, 0.000000000000000e+000
 5.200000000000000e-001,-3.171224488888066e-001, 1.960178115886480e-001,-3.490657198598191e-001, 6.062207449706774e-001,-3.493559481389708e-001, 2.873236031923681e-001, 5.235987755982992e-001,-1.221730476396030e+000, 0.000000000000000e+000, 2.094395102393196e+000, 0.000000000000000e+000,-2.220446049250313e-016, 0.000000000000000e+000
 5.300000000000000e-001,-3.171521831255580e-001, 1.960060974396318e-001,-3.490657205888216e-001, 6.062183730393143e-001,-3.493558116927191e-001, 2.873204863369577e-001, 5.235987755982987e-001,-1.221730476396031e+000, 0.000000000000000e+000, 2.094395102393195e+000, 0.000000000000000e+000, 0.000000000000000e+000, 0.000000000000000e+000
 5.400000000000000e-001,-3.172230470769199e-001, 1.959913509614204e-001,-3.490657209701521e-001, 6.062099108614183e-001,-3.493575128738384e-001, 2.873204382764264e-001, 5.235987755982987e-001,-1.221730476396030e+000, 0.000000000000000e+000, 2.094395102393194e+000, 0.000000000000000e+000, 0.000000000000000e+000, 0.000000000000000e+000
 5.499999999999999e-001,-3.173251364157460e-001, 1.959715148548729e-001,-3.490657209988413e-001, 6.061974209720197e-001,-3.493601795282231e-001, 2.873211558482183e-001, 5.235987755982987e-001,-1.221730476396030e+000, 0.000000000000000e+000, 2.094395102393196e+000, 0.000000000000000e+000, 2.220446049250313e-016, 0.000000000000000e+000
 5.600000000000001e-001,-3.174399191755042e-001, 1.959466572612618e-001,-3.490657207270103e-001, 6.061839253101999e-001,-3.493627834402271e-001, 2.873205273960563e-001, 5.235987755982987e-001,-1.221730476396031e+000, 0.000000000000000e+000, 2.094395102393196e+000, 0.000000000000000e+000, 0.000000000000000e+000, 0.000000000000000e+000
 5.700000000000000e-001,-3.175476894541409e-001, 1.959166486254791e-001,-3.490657202236020e-001, 6.061726792140664e-001,-3.493642009822917e-001, 2.873161954131629e-001, 5.235987755982987e-001,-1.221730476396031e+000, 0.000000000000000e+000, 2.094395102393195e+000, 0.000000000000000e+000, 0.000000000000000e+000, 0.000000000000000e+000
 5.800000000000001e-001,-3.176335064725527e-001, 1.958805330594089e-001,-3.490657195220948e-001, 6.061663329322529e-001,-3.493634489374973e-001, 2.873058926975189e-001, 5.235987755982992e-001,-1.221730476396030e+000, 0.000000000000000e+000, 2.094395102393195e+000, 0.000000000000000e+000, 0.000000000000000e+000, 0.000000000000000e+000
 5.900000000000000e-001,-3.176873230277402e-001, 1.958372814000993e-001,-3.490657186443451e-001, 6.061667505854763e-001,-3.493598070388639e-001, 2.872878790645950e-001, 5.235987755982987e-001,-1.221730476396031e+000, 0.000000000000000e+000, 2.094395102393196e+000, 0.000000000000000e+000,-2.220446049250313e-016, 0.000000000000000e+000
 6.000000000000000e-001,-3.177016478704013e-001, 1.957858648316730e-001,-3.490657176556523e-001, 6.061753777924824e-001,-3.493526979841415e-001, 2.872607115285740e-001, 5.235987755982992e-001,-1.221730476396031e+000, 0.000000000000000e+000, 2.094395102393195e+000, 0.000000000000000e+000, 2.220446049250313e-016, 0.000000000000000e+000
 6.100000000000000e-001,-3.176711930492041e-001, 1.957250475492032e-001,-3.490657166171861e-001, 6.061933439748019e-001,-3.493416355057111e-001, 2.872230873792845e-001, 5.235987755982983e-001,-1.221730476396030e+000, 0.000000000000000e+000, 2.094395102393196e+000, 0.000000000000000e+000, 0.000000000000000e+000, 0.000000000000000e+000
 6.200000000000000e-001,-3.175940520090890e-001, 1.956540186787317e-001,-3.490657155418594e-001, 6.062211348699066e-001,-3.493263873716868e-001, 2.871743351260965e-001, 5.235987755982992e-001,-1.221730476396031e+000, 0.000000000000000e+000, 2.094395102393196e+000, 0.000000000000000e+000, 0.000000000000000e+000, 0.000000000000000e+000
 6.300000000000000e-001,-3.174726233178555e-001, 1.955731942409236e-001,-3.490657144728587e-001, 6.062582701856019e-001,-3.493071505462035e-001, 2.871149707325747e-001, 5.235987755982992e-001,-1.221730476396031e+000, 0.000000000000000e+000, 2.094395102393195e+000, 0.000000000000000e+000, 0.000000000000000e+000, 0.000000000000000e+000
 6.400000000000000e-001,-3.173139871959684e-001, 1.954845683331705e-001,-3.490657135652665e-001, 6.063031666694859e-001,-3.492846266740948e-001, 2.870469370034252e-001, 5.235987755982987e-001,-1.221730476396031e+000, 0.000000000000000e+000, 2.094395102393196e+000, 0.000000000000000e+000, 0.000000000000000e+000, 0.000000000000000e+000
 6.500000000000000e-001,-3.171294760091548e-001, 1.953918382460680e-001,-3.490657129925288e-001, 6.063531811189327e-001,-3.492600179114871e-001, 2.869736222498786e-001, 5.235987755982987e-001,-1.221730476396030e+000, 0.000000000000000e+000, 2.094395102393195e+000, 0.000000000000000e+000, 0.000000000000000e+000, 0.000000000000000e+000
 6.600000000000000e-001,-3.169335638047976e-001, 1.952998773540169e-001,-3.490657127505660e-001, 6.064049039411787e-001,-3.492348842706765e-001, 2.868994344998747e-001, 5.235987755982987e-001,-1.221730476396031e+000, 0.000000000000000e+000, 2.094395102393195e+000, 0.000000000000000e+000, 0.000000000000000e+000, 0.000000000000000e+000
 6.699999999999999e-001,-3.167422640647016e-001, 1.952131892916875e-001,-3.490657126205002e-001, 6.064547508079988e-001,-3.492108163633603e-001, 2.868287491248797e-001, 5.235987755982992e-001,-1.221730476396030e+000, 0.000000000000000e+000, 2.094395102393196e+000, 0.000000000000000e+000, 0.000000000000000e+000, 0.000000000000000e+000
 6.800000000000001e-001,-3.165706929447847e-001, 1.951347149423923e-001,-3.490657123995005e-001, 6.064996163522440e-001,-3.491891152564142e-001, 2.867649593987830e-001, 5.235987755982987e-001,-1.221730476396031e+000, 0.000000000000000e+000, 2.094395102393196e+000, 0.000000000000000e+000, 0.000000000000000e+000, 0.000000000000000e+000
 6.900000000000000e-001,-3.164306505846946e-001, 1.950666276714363e-001,-3.490657121582875e-001, 6.065371013068439e-001,-3.491707789009937e-001, 2.867106434531242e-001, 5.235987755982987e-001,-1.221730476396031e+000, 0.000000000000000e+000, 2.094395102393194e+000, 0.000000000000000e+000, 0.000000000000000e+000, 0.000000000000000e+000
 7.000000000000001e-001,-3.163298276648106e-001, 1.950119888226176e-001,-3.490657121996633e-001, 6.065652899212966e-001,-3.491567117782599e-001, 2.866684001397181e-001, 5.235987755982992e-001,-1.221730476396030e+000, 0.000000000000000e+000, 2.094395102393196e+000, 0.000000000000000e+000, 2.220446049250313e-016, 0.000000000000000e+000
 7.100000000000000e-001,-3.162732186182892e-001, 1.949747829024651e-001,-3.490657128070684e-001, 6.065825113522056e-001,-3.491478089605991e-001, 2.866410326278434e-001, 5.235987755982987e-001,-1.221730476396031e+000, 0.000000000000000e+000, 2.094395102393195e+000, 0.000000000000000e+000, 0.000000000000000e+000, 0.000000000000000e+000
 7.200000000000000e-001,-3.162653993610659e-001, 1.949583378583066e-001,-3.490657140778232e-001, 6.065873039141754e-001,-3.491448404125970e-001, 2.866309288502033e-001, 5.235987755982987e-001,-1.221730476396031e+000, 0.000000000000000e+000, 2.094395102393196e+000, 0.000000000000000e+000, 0.000000000000000e+000, 0.000000000000000e+000
 7.300000000000000e-001,-3.163106086432498e-001, 1.949638193370844e-001,-3.490657159416549e-001, 6.065787235696749e-001,-3.491482235702095e-001, 2.866392297514106e-001, 5.235987755982992e-001,-1.221730476396031e+000, 0.000000000000000e+000, 2.094395102393196e+000, 0.000000000000000e+000, 0.000000000000000e+000, 0.000000000000000e+000
 7.400000000000000e-001,-3.164099990522466e-001, 1.949895679302509e-001,-3.490657183209343e-001, 6.065569363559765e-001,-3.491577668543215e-001, 2.866651411821928e-001, 5.235987755982983e-001,-1.221730476396031e+000, 0.000000000000000e+000, 2.094395102393194e+000, 0.000000000000000e+000, 0.000000000000000e+000, 0.000000000000000e+000
 7.500000000000000e-001,-3.165588316545483e-001, 1.950313523153084e-001,-3.490657212850669e-001, 6.065236241235260e-001,-3.491725512944921e-001, 2.867057503208308e-001, 5.235987755982992e-001,-1.221730476396030e+000, 0.000000000000000e+000, 2.094395102393196e+000, 0.000000000000000e+000,-2.220446049250313e-016, 0.000000000000000e+000
 7.600000000000000e-001,-3.167450093942997e-001, 1.950834763574831e-001,-3.490657250472104e-001, 6.064819878199455e-001,-3.491910192322478e-001, 2.867564735036978e-001, 5.235987755982987e-001,-1.221730476396031e+000, 0.000000000000000e+000, 2.094395102393194e+000, 0.000000000000000e+000, 2.220446049250313e-016, 0.000000000000000e+000
 7.699999999999999e-001,-3.169496221339176e-001, 1.951403040903319e-001,-3.490657297636232e-001, 6.064363313228112e-001,-3.492112406550851e-001, 2.868119705993373e-001, 5.235987755982987e-001,-1.221730476396031e+000, 0.000000000000000e+000, 2.094395102393196e+000, 0.000000000000000e+000,-2.220446049250313e-016, 0.000000000000000e+000
 7.800000000000000e-001,-3.171514041931355e-001, 1.951974107463810e-001,-3.490657352631875e-001, 6.063910841347440e-001,-3.492313414168469e-001, 2.868673041498795e-001, 5.235987755982983e-001,-1.221730476396031e+000, 0.000000000000000e+000, 2.094395102393196e+000, 0.000000000000000e+000, 2.220446049250313e-016, 0.000000000000000e+000
 7.899999999999999e-001,-3.173330726927566e-001, 1.952515151202927e-001,-3.490657410630764e-001, 6.063497771887753e-001,-3.492498484599929e-001, 2.869186355342308e-001, 5.235987755982996e-001,-1.221730476396031e+000, 0.000000000000000e+000, 2.094395102393194e+000, 0.000000000000000e+000, 0.000000000000000e+000, 0.000000000000000e+000
 8.000000000000000e-001,-3.174840691109476e-001, 1.952993550038353e-001,-3.490657466570712e-001, 6.063148346724233e-001,-3.492656696791372e-001, 2.869629135382226e-001, 5.235987755982983e-001,-1.221730476396030e+000, 0.000000000000000e+000, 2.094395102393196e+000, 0.000000000000000e+000, 0.000000000000000e+000, 0.000000000000000e+000
 8.099999999999999e-001,-3.175994648632657e-001, 1.953371828574435e-001,-3.490657516304642e-001, 6.062878619347850e-001,-3.492779540448159e-001, 2.869974658018906e-001, 5.235987755982992e-001,-1.221730476396031e+000, 0.000000000000000e+000, 2.094395102393196e+000, 0.000000000000000e+000, 2.220446049250313e-016, 0.000000000000000e+000
 8.200000000000001e-001,-3.176792360973424e-001, 1.953620901322317e-001,-3.490657556462645e-001, 6.062694821753577e-001,-3.492862541141164e-001, 2.870206573308070e-001, 5.235987755982983e-001,-1.221730476396031e+000, 0.000000000000000e+000, 2.094395102393195e+000, 0.000000000000000e+000,-2.220446049250313e-016, 0.000000000000000e+000
 8.300000000000000e-001,-3.177283019272058e-001, 1.953738274268351e-001,-3.490657585516357e-001, 6.062589420580534e-001,-3.492908079093031e-001, 2.870329157293485e-001, 5.235987755982992e-001,-1.221730476396030e+000, 0.000000000000000e+000, 2.094395102393195e+000, 0.000000000000000e+000, 0.000000000000000e+000, 0.000000000000000e+000
 8.400000000000000e-001,-3.177544152168408e-001, 1.953747388067195e-001,-3.490657604259046e-001, 6.062544712709374e-001,-3.492924106756481e-001, 2.870364509211251e-001, 5.235987755982987e-001,-1.221730476396031e+000, 0.000000000000000e+000, 2.094395102393195e+000, 0.000000000000000e+000, 0.000000000000000e+000, 0.000000000000000e+000
 8.500000000000000e-001,-3.177642742387364e-001, 1.953678061383539e-001,-3.490657614048951e-001, 6.062543364554340e-001,-3.492918964117409e-001, 2.870337089451078e-001, 5.235987755982992e-001,-1.221730476396031e+000, 0.000000000000000e+000, 2.094395102393196e+000, 0.000000000000000e+000, 0.000000000000000e+000, 0.000000000000000e+000
 8.600000000000000e-001,-3.177615775944180e-001, 1.953551437209180e-001,-3.490657615476244e-001, 6.062574807347126e-001,-3.492897975190366e-001, 2.870263027805516e-001, 5.235987755982987e-001,-1.221730476396031e+000, 0.000000000000000e+000, 2.094395102393195e+000, 0.000000000000000e+000, 0.000000000000000e+000, 0.000000000000000e+000
 8.700000000000000e-001,-3.177484461132190e-001, 1.953380753583320e-001,-3.490657609164905e-001, 6.062632743094770e-001,-3.492864363808215e-001, 2.870152199568636e-001, 5.235987755982992e-001,-1.221730476396030e+000, 0.000000000000000e+000, 2.094395102393195e+000, 0.000000000000000e+000, 0.000000000000000e+000, 0.000000000000000e+000
 8.800000000000000e-001,-3.177274726876399e-001, 1.953176612912575e-001,-3.490657596588221e-001, 6.062710663225951e-001,-3.492821212478161e-001, 2.870013550279648e-001, 5.235987755982983e-001,-1.221730476396031e+000, 0.000000000000000e+000, 2.094395102393196e+000, 0.000000000000000e+000, 0.000000000000000e+000, 0.000000000000000e+000
 8.899999999999999e-001,-3.177013242671419e-001, 1.952945643065722e-001,-3.490657579071199e-001, 6.062802786270870e-001,-3.492771033769888e-001, 2.869853883803188e-001, 5.235987755982992e-001,-1.221730476396031e+000, 0.000000000000000e+000, 2.094395102393195e+000, 0.000000000000000e+000, 0.000000000000000e+000, 0.000000000000000e+000
 9.000000000000000e-001,-3.176708367976302e-001, 1.952685120610764e-001,-3.490657556622926e-001, 6.062908325179170e-001,-3.492713876401890e-001, 2.869672645065827e-001, 5.235987755982983e-001,-1.221730476396031e+000, 0.000000000000000e+000, 2.094395102393195e+000, 0.000000000000000e+000, 0.000000000000000e+000, 0.000000000000000e+000
 9.099999999999999e-001,-3.176346895325592e-001, 1.952381943921222e-001,-3.490657528737567e-001, 6.063032239909262e-001,-3.492646984541192e-001, 2.869460970197948e-001, 5.235987755982992e-001,-1.221730476396030e+000, 0.000000000000000e+000, 2.094395102393195e+000, 0.000000000000000e+000, 2.220446049250313e-016, 0.000000000000000e+000
 9.200000000000000e-001,-3.175905046598034e-001, 1.952017998069875e-001,-3.490657495714293e-001, 6.063182291730652e-001,-3.492566238527162e-001, 2.869205967332145e-001, 5.235987755982987e-001,-1.221730476396031e+000, 0.000000000000000e+000, 2.094395102393196e+000, 0.000000000000000e+000,-2.220446049250313e-016, 0.000000000000000e+000
 9.299999999999999e-001,-3.175358867565549e-001, 1.951579580193781e-001,-3.490657459271264e-001, 6.063365329391485e-001,-3.492468186816349e-001, 2.868897200772178e-001, 5.235987755982992e-001,-1.221730476396031e+000, 0.000000000000000e+000, 2.094395102393196e+000, 0.000000000000000e+000, 0.000000000000000e+000, 0.000000000000000e+000
 9.400000000000001e-001,-3.174699616946964e-001, 1.951070247001998e-001,-3.490657423445159e-001, 6.063582026731313e-001,-3.492352884817400e-001, 2.868535666847893e-001, 5.235987755982983e-001,-1.221730476396031e+000, 0.000000000000000e+000, 2.094395102393194e+000, 0.000000000000000e+000, 2.220446049250313e-016, 0.000000000000000e+000
 9.500000000000000e-001,-3.173960461753856e-001, 1.950504708366467e-001,-3.490657417311033e-001, 6.063823816080504e-001,-3.492224449372836e-001, 2.868133458377118e-001, 5.235987755982987e-001,-1.221730476396031e+000, 0.000000000000000e+000, 2.094395102393195e+000, 0.000000000000000e+000, 0.000000000000000e+000, 0.000000000000000e+000
 9.600000000000000e-001,-3.173172871281769e-001, 1.949952458486781e-001,-3.490657398972921e-001, 6.064070707976813e-001,-3.492095341302615e-001, 2.867733139467719e-001, 5.235987755982992e-001,-1.221730476396030e+000, 0.000000000000000e+000, 2.094395102393195e+000, 0.000000000000000e+000, 0.000000000000000e+000, 0.000000000000000e+000
 9.700000000000000e-001,-3.172418046275886e-001, 1.949434828109598e-001,-3.490657384696101e-001, 6.064304850173579e-001,-3.491973388699994e-001, 2.867356038214672e-001, 5.235987755982987e-001,-1.221730476396031e+000, 0.000000000000000e+000, 2.094395102393195e+000, 0.000000000000000e+000, 0.000000000000000e+000, 0.000000000000000e+000
 9.800000000000000e-001,-3.171758517825636e-001, 1.948978269059902e-001,-3.490657374924636e-001, 6.064510351369039e-001,-3.491866168415188e-001, 2.867024185825584e-001, 5.235987755982992e-001,-1.221730476396031e+000, 0.000000000000000e+000, 2.094395102393196e+000, 0.000000000000000e+000, 0.000000000000000e+000, 0.000000000000000e+000
 9.900000000000000e-001,-3.171213941453556e-001, 1.948592228374571e-001,-3.490657369367906e-001, 6.064681972418828e-001,-3.491776238553890e-001, 2.866745129877889e-001, 5.235987755982992e-001,-1.221730476396030e+000, 0.000000000000000e+000, 2.094395102393195e+000, 0.000000000000000e+000,-2.220446049250313e-016, 0.000000000000000e+000
 1.000000000000000e+000,-3.170760140814166e-001, 1.948264231062218e-001,-3.490657366778067e-001, 6.064826334799138e-001,-3.491700326244498e-001, 2.866509079402808e-001, 5.235987755982992e-001,-1.221730476396030e+000, 0.000000000000000e+000, 2.094395102393196e+000, 0.000000000000000e+000,-2.220446049250313e-016, 0.000000000000000e+000
