2.6917000000000 -1.7754972712333 -0.2986094772123 0.9921649815432 0.0155210077347 -0.0643933795210 1.5689916812054 -0.0789708005022 -0.0332075960045 -0.0996500302162 -0.1588733276544 1.8057350415969 -0.4167919052635 0.4414604055722 -0.0785446717521 0.0046212934401 -0.8972203217550 1.6404735153410 -0.0091203179801 
2.7052544303797 -1.7601606091696 -0.2990225383952 0.9907315090799 0.0197044471983 -0.0642355530478 1.5693890981184 -0.1014482369170 -0.0364685999715 -0.0993751937372 -0.1487936132673 1.8133313478414 -0.4174345343381 0.4501604188896 -0.0787113995257 0.0040206699181 -0.8214085224360 1.6261012834692 0.0306618451179 
2.7188088607595 -1.7449583353150 -0.2995350908096 0.9889420750313 0.0232604238000 -0.0638320122369 1.5715195575674 -0.1235047890350 -0.0393139872953 -0.1007232655103 -0.1387434091290 1.8211838069036 -0.4175137250431 0.4555819120557 -0.0719842450735 0.0034008778842 -0.7411798285786 1.6084551470314 0.0537538391411 
2.7323632911392 -1.7299412343560 -0.3001782988539 0.9867508112468 0.0260861442255 -0.0627210017559 1.5758859576108 -0.1440990779490 -0.0415967044206 -0.1043118544919 -0.1296165303236 1.8291633159261 -0.4195724781704 0.4594605927341 -0.0581236335609 0.0017558909063 -0.6598313759827 1.5887842591446 0.0734025621945 
2.7459177215190 -1.7149748749189 -0.3009329644989 0.9841813675005 0.0288854600078 -0.0609759781510 1.5821234819181 -0.1629502186789 -0.0435958126878 -0.1098088554924 -0.1223575756737 1.8371754351964 -0.4241280320399 0.4621805505760 -0.0391258753233 -0.0016615572590 -0.5792339971627 1.5698110980766 0.0951276335949 
2.7594721518987 -1.6999014951434 -0.3017570767612 0.9813256676850 0.0323799289199 -0.0588314269826 1.5894709044396 -0.1801214455118 -0.0454928288026 -0.1163588344471 -0.1176981863961 1.8453810318379 -0.4296015131752 0.4638284535408 -0.0190454413037 -0.0073830012275 -0.5011811483152 1.5537672560016 0.1197847087495 
2.7730265822785 -1.6846028535465 -0.3026289522846 0.9783230293419 0.0369965944516 -0.0566489196781 1.5970284227344 -0.1960964366416 -0.0475833124697 -0.1228648100080 -0.1157147975538 1.8533812853431 -0.4352653993905 0.4644279782033 -0.0029596529990 -0.0153841161851 -0.4275242615915 1.5415634702181 0.1454346396233 
2.7865810126582 -1.6690111894039 -0.3035701121996 0.9753242114148 0.0429066210966 -0.0549766826469 1.6038328747992 -0.2118697472542 -0.0507397345150 -0.1280782287113 -0.1156576455052 1.8599172410834 -0.4425019630944 0.4636522226925 0.0050767939378 -0.0247167514897 -0.3597481230167 1.5331398696715 0.1694233039744 
2.8001354430380 -1.6530830800939 -0.3046199129563 0.9724591872510 0.0499184656728 -0.0543197850717 1.6090034373663 -0.2285662453073 -0.0560950189880 -0.1308442684728 -0.1163290465584 1.8636362136875 -0.4526182002119 0.4607622902520 0.0041207509261 -0.0336135653973 -0.2986521984372 1.5284052044249 0.1883629156078 
2.8136898734177 -1.6367719289654 -0.3057968619428 0.9698031471404 0.0573711670089 -0.0548538334687 1.6121460516849 -0.2467569190783 -0.0638844122066 -0.1306874924303 -0.1171207168793 1.8639358125083 -0.4653058948920 0.4548955527586 -0.0029491887265 -0.0402946219416 -0.2446465352366 1.5274009524488 0.1982114832852 
2.8272443037975 -1.6200093665186 -0.3070993521087 0.9673597907175 0.0643930692873 -0.0565621518382 1.6135790639433 -0.2663691221913 -0.0730325000493 -0.1280449452825 -0.1185879934459 1.8612384994228 -0.4783583120011 0.4455354230117 -0.0110780020639 -0.0438304232257 -0.1988303042116 1.5289125718933 0.1987493100535 
2.8407987341772 -1.6027499481352 -0.3085368056403 0.9651074077599 0.0702827048525 -0.0591600569101 1.6139138308992 -0.2865791784714 -0.0819615378889 -0.1237389859655 -0.1220990343578 1.8564417906789 -0.4895837323815 0.4335784711910 -0.0162682673112 -0.0441721310971 -0.1639358269456 1.5288961249335 0.1974250901149 
2.8543531645570 -1.5850537359443 -0.3101254544766 0.9630792205113 0.0747313948880 -0.0616978957832 1.6134672565197 -0.3054112648676 -0.0894880678066 -0.1183739749160 -0.1294172951017 1.8501644591485 -0.4987087259920 0.4219738076876 -0.0175917677633 -0.0416280093813 -0.1437610274677 1.5204573693352 0.2056212430039 
2.8679075949367 -1.5670931908767 -0.3118333167086 0.9613961044439 0.0776463320676 -0.0627579495982 1.6122516215394 -0.3201433502884 -0.0950170871559 -0.1123728573270 -0.1424056368200 1.8424347674665 -0.5057290380700 0.4144780288565 -0.0167087910479 -0.0366456041400 -0.1408759204727 1.4959266925720 0.2312395763176 
2.8814620253165 -1.5490516360539 -0.3135623386418 0.9602008776237 0.0785359265247 -0.0611358825828 1.6103078678471 -0.3285489686009 -0.0981730189664 -0.1063378610447 -0.1623464588361 1.8329013094426 -0.5088811695839 0.4137610282134 -0.0158335294176 -0.0297853111818 -0.1548185390923 1.4522074426844 0.2739454946429 
2.8950164556962 -1.5310455822209 -0.3151983863840 0.9595848260398 0.0765577066116 -0.0563356628363 1.6077291608773 -0.3296464395143 -0.0985575139698 -0.1009272911204 -0.1895758401164 1.8213612136322 -0.5043009506525 0.4203657709374 -0.0151202556633 -0.0215539574991 -0.1823570538491 1.3973955345349 0.3237978970571 
2.9085708860759 -1.5130912259719 -0.3166864861802 0.9595912759675 0.0715539862387 -0.0492512270443 1.6038877377607 -0.3243377465130 -0.0961707907220 -0.0956564456812 -0.2236933819546 1.8073031645243 -0.4890316287880 0.4319320539956 -0.0121658966814 -0.0115511768568 -0.2188606076834 1.3489372018304 0.3631821956017 
2.9221253164557 -1.4950858602543 -0.3180582342515 0.9602417890939 0.0647522748452 -0.0425124100294 1.5971083396967 -0.3157206903261 -0.0919474145789 -0.0883024993931 -0.2638808925950 1.7888106148938 -0.4641003042670 0.4435182399739 -0.0054457794117 0.0017809190059 -0.2598648379853 1.3220391297579 0.3759892530661 
2.9356797468354 -1.4769286829489 -0.3193791043111 0.9615003405995 0.0578766068591 -0.0389595686828 1.5864350290716 -0.3069582411843 -0.0872992380191 -0.0771699751520 -0.3095747588881 1.7629949451948 -0.4339275524874 0.4503970939187 0.0043124476130 0.0193167734010 -0.3020724624408 1.3223119517713 0.3563503203050 
2.9492341772152 -1.4586511940818 -0.3207009144569 0.9632554785101 0.0520496788465 -0.0395890485019 1.5730555828073 -0.2983536857440 -0.0831479812867 -0.0631306611647 -0.3616421652911 1.7282478863607 -0.4043563391872 0.4506072436156 0.0155813730375 0.0397302923836 -0.3428331965458 1.3460999001902 0.3074633444848 
2.9627886075949 -1.4403993624993 -0.3220633487175 0.9653571331078 0.0478297685378 -0.0430707932605 1.5594884921969 -0.2866611634387 -0.0793254304985 -0.0487260163785 -0.4228105625894 1.6862557259531 -0.3796448694747 0.4449018135920 0.0255238727244 0.0599159813639 -0.3793161793481 1.3834523155789 0.2427633718378 
2.9763430379747 -1.4223404496696 -0.3235225001857 0.9676505083640 0.0455430403125 -0.0469642748821 1.5477796788180 -0.2673738341120 -0.0743727099499 -0.0357862810603 -0.4956346735283 1.6414729771955 -0.3584012124006 0.4347901812943 0.0306818341262 0.0769707320568 -0.4083902611057 1.4229357127526 0.1848539190845 
2.9898974683544 -1.4045735113626 -0.3251622178172 0.9699894848727 0.0453966917942 -0.0495559034580 1.5384028804827 -0.2381900301130 -0.0667454573890 -0.0240797956123 -0.5794289555797 1.5981190998922 -0.3330909609916 0.4209898374600 0.0290902681475 0.0899538907993 -0.4277414831541 1.4567011159799 0.1530017159316 
3.0034518987342 -1.3871267805835 -0.3270324531627 0.9722451124897 0.0471700746047 -0.0505241519814 1.5310433390991 -0.2004581182894 -0.0570266458212 -0.0129813606066 -0.6691683416784 1.5578775755148 -0.3006265307592 0.4039215497563 0.0210730745663 0.0993919382911 -0.4376259157616 1.4823195035282 0.1538420109022 
3.0170063291139 -1.3699859916253 -0.3290809393507 0.9743456664147 0.0502004755488 -0.0507266563293 1.5253871721148 -0.1582337544019 -0.0473499046819 -0.0028828544600 -0.7578234114146 1.5226990603994 -0.2726934563858 0.3840970234324 0.0094284474160 0.1063436063729 -0.4407412073435 1.5015678791736 0.1797823715072 
3.0305607594937 -1.3531542785074 -0.3311648149969 0.9763032593821 0.0533654814148 -0.0508986529912 1.5215296736988 -0.1148835892995 -0.0382390930574 0.0051880562660 -0.8403091080574 1.4984715253861 -0.2670422846550 0.3629169770839 -0.0023081847256 0.1115076370438 -0.4408438028854 1.5176310609746 0.2168149473795 
3.0441151898734 -1.3366638073381 -0.3331355549548 0.9781858867575 0.0552776051773 -0.0506536927859 1.5199770537236 -0.0710002448301 -0.0280390306787 0.0105061880885 -0.9145911620448 1.4916867160274 -0.2883528204442 0.3428556132939 -0.0123753423164 0.1147204910417 -0.4412349108076 1.5324788878630 0.2556832899888 
3.0576696202532 -1.3205306333034 -0.3348936439432 0.9800648904901 0.0550822396848 -0.0492121137781 1.5210944449987 -0.0258671232551 -0.0153500163626 0.0129240210935 -0.9799137480800 1.5033645467962 -0.3238368142297 0.3256853823160 -0.0207260498934 0.1154827680971 -0.4432665806980 1.5463721309460 0.2937959211244 
3.0712240506329 -1.3047060135350 -0.3364088071862 0.9819867357466 0.0530619339839 -0.0466853820545 1.5245046376127 0.0201841519217 -0.0006705007528 0.0127818006330 -1.0352885466233 1.5286507886520 -0.3569078128955 0.3106957334471 -0.0270103242826 0.1140071157156 -0.4457728355429 1.5592141833038 0.3285485552151 
3.0847784810127 -1.2890877398985 -0.3377141758025 0.9839658386683 0.0504829021871 -0.0440899966750 1.5289599100323 0.0657313175589 0.0140926208754 0.0110773201285 -1.0799049869465 1.5614473023632 -0.3782082709892 0.2952309665994 -0.0304255587182 0.1115320825702 -0.4461347608562 1.5713547975533 0.3544003621085 
3.0983329113924 -1.2735599863852 -0.3388761795914 0.9859681457987 0.0487404021333 -0.0424380499459 1.5329124186050 0.1095503222365 0.0269755945134 0.0091749701014 -1.1138464343542 1.5977102300408 -0.3854532046448 0.2767512794887 -0.0309841207849 0.1096244318684 -0.4421778902554 1.5832407689632 0.3670243877606 
3.1118873417722 -1.2579828788039 -0.3399995944258 0.9879218173295 0.0484052281503 -0.0423207265016 1.5353670031601 0.1507176563556 0.0370835951215 0.0080713858404 -1.1374620636006 1.6347118074424 -0.3817586580162 0.2539718289417 -0.0292607292730 0.1094146051863 -0.4331824425077 1.5951125913589 0.3662984218514 
3.1254417721519 -1.2422184151626 -0.3411891614986 0.9897519811722 0.0488453753479 -0.0440357837885 1.5364420514859 0.1882644770864 0.0452785837386 0.0079548900079 -1.1505987413681 1.6699946567011 -0.3723229542004 0.2268565864617 -0.0254751126483 0.1110555866583 -0.4198561041902 1.6068958703246 0.3557268292157 
3.1389962025316 -1.2262194709490 -0.3424525745135 0.9913923775823 0.0487974095389 -0.0477419802652 1.5370495689938 0.2212600698773 0.0535065947631 0.0083332863154 -1.1526853928442 1.7019562792262 -0.3599590257260 0.1961906821676 -0.0197051116851 0.1137149371292 -0.4038361809563 1.6182380360549 0.3405588947505 
3.1525506329114 -1.2100880026559 -0.3437052414430 0.9927820231821 0.0475434037247 -0.0530068242276 1.5377854288314 0.2497774126514 0.0628646530241 0.0087408802432 -1.1436686590777 1.7302194690819 -0.3460214864537 0.1634732943748 -0.0128241047197 0.1164824926384 -0.3868055106542 1.6284978482800 0.3264960013077 
3.1661050632911 -1.1940621775950 -0.3448380191662 0.9938518000515 0.0452252166563 -0.0584037019204 1.5384026885089 0.2757273086959 0.0728784385656 0.0092117066407 -1.1248356274760 1.7549860500827 -0.3327000769760 0.1310877946940 -0.0061675898033 0.1191756361314 -0.3700303229146 1.6370399305965 0.3185382155307 
3.1796594936709 -1.1783790793764 -0.3457505084729 0.9945351709940 0.0417999050489 -0.0623136587441 1.5386151938981 0.3014195603557 0.0829888828808 0.0098940048510 -1.0979185820568 1.7761220990954 -0.3228660555289 0.1015479327903 0.0000198329380 0.1219039747543 -0.3545519260052 1.6440368605500 0.3190069832141 
3.1932139240506 -1.1630898910514 -0.3463790548460 0.9948084960640 0.0366487582751 -0.0640879698279 1.5388712301321 0.3274246302949 0.0936838717251 0.0106054827272 -1.0636810700576 1.7933693115329 -0.3179200670491 0.0760100004614 0.0066973505879 0.1242356974851 -0.3411325246458 1.6506706524412 0.3263502479027 
3.2067683544304 -1.1480378684373 -0.3467270409615 0.9947016810625 0.0297192093140 -0.0642551392074 1.5396517826704 0.3525408769931 0.1055424745954 0.0112805260278 -1.0221187742478 1.8071454009162 -0.3160513883434 0.0535976579362 0.0142183200534 0.1256311361212 -0.3297361144291 1.6581009994134 0.3362834069782 
3.2203227848101 -1.1329889611596 -0.3468620301032 0.9942566590086 0.0221002559164 -0.0639374174423 1.5405586096921 0.3751134944295 0.1181770578534 0.0124517235438 -0.9733919439135 1.8184485617775 -0.3134466442324 0.0321582810992 0.0213632283778 0.1263504167009 -0.3194829857714 1.6661782683973 0.3462845369092 
3.2338772151899 -1.1177581770615 -0.3468537719610 0.9934905703684 0.0151381733978 -0.0641453454132 1.5407557810447 0.3938987077469 0.1306102797198 0.0146603237897 -0.9179361609835 1.8279425229552 -0.3078896895634 0.0097121571823 0.0265340922654 0.1271797734246 -0.3093501601190 1.6737503403428 0.3571146543267 
3.2474316455696 -1.1022887561935 -0.3467216814638 0.9924033139015 0.0093602992317 -0.0650853111813 1.5397524284118 0.4087139830915 0.1422573483807 0.0179632841072 -0.8562314490288 1.8353298596522 -0.3004615841667 -0.0141519861813 0.0294103561788 0.1287281285941 -0.2990214612555 1.6801789785428 0.3691132187438 
3.2609860759494 -1.0866390989655 -0.3464374497538 0.9909943755882 0.0042966443728 -0.0662283286054 1.5375148407613 0.4202898166372 0.1533844274830 0.0222411016781 -0.7887014017108 1.8395409499805 -0.2940259817761 -0.0383227671062 0.0309441611597 0.1311718031413 -0.2891248053292 1.6858711105619 0.3811308860504 
3.2745405063291 -1.0708936459360 -0.3459652614422 0.9892754163923 -0.0008983533406 -0.0669951277618 1.5342060466066 0.4294557071811 0.1647252978565 0.0275089782154 -0.7158262951351 1.8395424205803 -0.2897349644963 -0.0614499755188 0.0323333807822 0.1343645870414 -0.2805920431109 1.6915424294321 0.3922888927269 
3.2880949367089 -1.0550942059294 -0.3452939417049 0.9872776118604 -0.0068168613009 -0.0671067638371 1.5299810262024 0.4367275470265 0.1767003413981 0.0337997941355 -0.6383245947773 1.8350543706934 -0.2855441018104 -0.0828480946918 0.0345117653288 0.1380898481234 -0.2738537287857 1.6973919171058 0.4025387066678 
3.3016493670886 -1.0392347426666 -0.3444340515159 0.9850460583166 -0.0135797725919 -0.0665098064704 1.5249524625688 0.4423003699837 0.1888291514188 0.0408829399121 -0.5571608551168 1.8264547019904 -0.2786726487372 -0.1025362083608 0.0379577859235 0.1421811192901 -0.2686627423274 1.7029027475602 0.4126169231525 
3.3152037974684 -1.0233063690875 -0.3433998110308 0.9826382111343 -0.0210164831492 -0.0651738948029 1.5192252424301 0.4461776261451 0.1996758901522 0.0482459913799 -0.4734756767803 1.8141943494426 -0.2681617450521 -0.1206722053270 0.0427696303803 0.1465086157128 -0.2646548091871 1.7073417206097 0.4230883179458 
3.3287582278481 -1.0073156929589 -0.3422095478307 0.9801232257896 -0.0289648935436 -0.0631592352444 1.5129067154822 0.4480544540912 0.2072636115348 0.0553695962871 -0.3885486694394 1.7987854670097 -0.2546350889246 -0.1373231816701 0.0489660937933 0.1509521129229 -0.2617805044357 1.7102672064939 0.4331120162055 
3.3423126582278 -0.9912420883317 -0.3408875151572 0.9775634410846 -0.0375246930435 -0.0608867619998 1.5062107368170 0.4470493352975 0.2098124317822 0.0619298311867 -0.3039519442771 1.7811186780370 -0.2389193006724 -0.1527897910452 0.0565444207746 0.1552355173410 -0.2602923572684 1.7115241840344 0.4416360614372 
3.3558670886076 -0.9750079879489 -0.3394653001338 0.9749925145332 -0.0469755303111 -0.0590848483250 1.4994173414848 0.4422798953007 0.2064221183758 0.0680196789245 -0.2224157084850 1.7626697401699 -0.2212926245022 -0.1677177543118 0.0654843051568 0.1589855242398 -0.2605196721806 1.7110846408949 0.4486469740449 
3.3694215189873 -0.9585079026196 -0.3379906313975 0.9724231379428 -0.0573268514007 -0.0583901844564 1.4928029288934 0.4340041558307 0.1974108321597 0.0740796692337 -0.1487578000837 1.7455891011594 -0.2024158103761 -0.1828076768586 0.0756765803016 0.1618968557136 -0.2626267619781 1.7090122837575 0.4545104802738 
3.3829759493671 -0.9416577409581 -0.3365073181597 0.9698807089521 -0.0680101120399 -0.0590812907098 1.4868196725482 0.4238450589474 0.1843198217547 0.0801909445170 -0.0893812552476 1.7322033887797 -0.1853165032165 -0.1985767129751 0.0866724231833 0.1635624307369 -0.2665550316466 1.7054512787816 0.4592692549640 
3.3965303797468 -0.9244190248820 -0.3350255974126 0.9674231345484 -0.0782009827423 -0.0610593315719 1.4823317448018 0.4139155460104 0.1694377277110 0.0854179940768 -0.0502500018155 1.7239245241099 -0.1752858330018 -0.2151696161331 0.0977661157035 0.1631852257729 -0.2723243200970 1.7006333702894 0.4628795110881 
3.4100848101266 -0.9067739168836 -0.3335253949741 0.9651273510705 -0.0873756529127 -0.0638727553466 1.4804742693261 0.4059401235797 0.1549410494869 0.0880634655341 -0.0347096472795 1.7200157191504 -0.1771431905566 -0.2321695113936 0.1082676966635 0.1597080435957 -0.2803644237546 1.6946990709287 0.4656158914082 
3.4236392405063 -0.8886945843624 -0.3319850147339 0.9630661739879 -0.0953005146731 -0.0667904866109 1.4821290277078 0.4008121764735 0.1418683723167 0.0865161711131 -0.0420666657245 1.7165536618991 -0.1925419417972 -0.2487239138656 0.1174661133793 0.1523922787869 -0.2913160853927 1.6872929812286 0.4677530437680 
3.4371936708861 -0.8701598491322 -0.3304106711979 0.9613104357143 -0.1016583024467 -0.0689883529559 1.4876027567892 0.3983252355739 0.1295408721422 0.0797859951202 -0.0671127190907 1.7066134679375 -0.2195691881997 -0.2638731066218 0.1245249959325 0.1411831137304 -0.3056006053191 1.6774315484509 0.4687267678921 
3.4507481012658 -0.8511997708929 -0.3288456093008 0.9599708318625 -0.1059112754339 -0.0696381110212 1.4967143387797 0.3974446221344 0.1159108673417 0.0675446000304 -0.1013463265010 1.6834404263476 -0.2541938373882 -0.2765629797983 0.1286816731754 0.1266182088805 -0.3233392127151 1.6637456635799 0.4666769110423 
3.4643025316456 -0.8319154292981 -0.3273490757937 0.9592111392720 -0.1074971606100 -0.0681102557727 1.5089978485284 0.3971530314982 0.0987654854918 0.0500817967537 -0.1365873728193 1.6463434374613 -0.2903956918536 -0.2855854169072 0.1295444298777 0.1095703334404 -0.3447687813530 1.6447310211256 0.4591873484479 
3.4778569620253 -0.8124464734400 -0.3259639000429 0.9591599858008 -0.1062470708961 -0.0645698116233 1.5237926178240 0.3971409019536 0.0779962024285 0.0284442901733 -0.1693123817759 1.6036965435525 -0.3187940874194 -0.2899409433967 0.1270731600144 0.0910007857467 -0.3709129580968 1.6188954490425 0.4450024174243 
3.4914113924051 -0.7929191318996 -0.3246915759638 0.9597845225432 -0.1025928513347 -0.0603304892125 1.5401464343162 0.3976559627166 0.0571589785240 0.0044681400991 -0.2015873174236 1.5684079220208 -0.3297897566210 -0.2893358420042 0.1214058498512 0.0718972058806 -0.4036224074638 1.5847992142153 0.4260666997899 
3.5049658227848 -0.7734247390733 -0.3234785630586 0.9608737359969 -0.0973014444635 -0.0571984455564 1.5568001287799 0.3983215063537 0.0411049231123 -0.0197643789024 -0.2365290396756 1.5497910618571 -0.3214665229278 -0.2840511731507 0.1127602198733 0.0532680492996 -0.4447059180832 1.5411899668214 0.4096279755671 
3.5185202531646 -0.7540540978632 -0.3222356465895 0.9621777622821 -0.0912150055386 -0.0560690976330 1.5725987809374 0.3976059613426 0.0319720296329 -0.0427325986790 -0.2732300916388 1.5491731015673 -0.3017512985549 -0.2737363500710 0.1014448118930 0.0358126796379 -0.4955574064268 1.4879938536506 0.4081374148499 
3.5320746835443 -0.7349571878255 -0.3208838559513 0.9635541468712 -0.0852435998409 -0.0561360801684 1.5870764832245 0.3940791075374 0.0285741329916 -0.0639729992314 -0.3070915248835 1.5616294835060 -0.2825164206321 -0.2564424416879 0.0881254377928 0.0194319075560 -0.5575040278108 1.4278544263710 0.4328778316621 
3.5456291139241 -0.7163416942301 -0.3193973794950 0.9649668280532 -0.0802900619298 -0.0557359162252 1.6004569938476 0.3876190639988 0.0290010358897 -0.0837103917911 -0.3340771366021 1.5807749637159 -0.2718918117706 -0.2297379495013 0.0742377650237 0.0034061839331 -0.6310949056385 1.3659534627473 0.4812785994057 
3.5591835443038 -0.6983784751755 -0.3178210747863 0.9664019818094 -0.0769901111579 -0.0539995773793 1.6130865859310 0.3785989562891 0.0319946335576 -0.1021402786071 -0.3528407597311 1.6017655820090 -0.2723886721367 -0.1930008306572 0.0616283920189 -0.0127923199490 -0.7144827991572 1.3074311717898 0.5320951347810 
3.5727379746835 -0.6811149666228 -0.3162257421865 0.9678377319040 -0.0755416693081 -0.0515782116101 1.6251269173530 0.3664612261428 0.0363910534253 -0.1193646872870 -0.3635741122908 1.6216838315475 -0.2836300469554 -0.1482819481274 0.0512871472069 -0.0292330976967 -0.8032433221521 1.2563040960876 0.5600542793175 
3.5862924050633 -0.6644805055827 -0.3146448790432 0.9692897109785 -0.0756101333800 -0.0498350762889 1.6363177478325 0.3501288578263 0.0408713571123 -0.1352768926721 -0.3670254966557 1.6393584981557 -0.3024479600857 -0.0990735782932 0.0429614205995 -0.0454538531847 -0.8918980450650 1.2183696768425 0.5510271256285 
3.5998468354430 -0.6483305412435 -0.3130767162348 0.9708460944276 -0.0762264180136 -0.0496210398795 1.6457329352635 0.3294983014797 0.0440837219903 -0.1492098659545 -0.3646364527239 1.6550371137385 -0.3225291212828 -0.0486554734706 0.0358006418022 -0.0601171565103 -0.9754779017704 1.2025422588720 0.5043479445122 
3.6134012658228 -0.6324881346288 -0.3115283291574 0.9726251736262 -0.0760292083697 -0.0510263552119 1.6521755176113 0.3055996540417 0.0446354380310 -0.1602324832063 -0.3582396197610 1.6695297752068 -0.3376163207003 0.0004702381865 0.0287537587183 -0.0713975294337 -1.0501815922673 1.2157480832801 0.4316947158867 
3.6269556962025 -0.6168098151552 -0.3100183793311 0.9746980018835 -0.0740489196826 -0.0539052275501 1.6550622658929 0.2793769211069 0.0415334600715 -0.1679260461837 -0.3489991861891 1.6832187944262 -0.3451363367063 0.0465995532193 0.0207686441030 -0.0782499069890 -1.1134017697217 1.2558146286095 0.3532056916091 
3.6405101265823 -0.6012423216633 -0.3085389451809 0.9770415087439 -0.0702921296437 -0.0580275151813 1.6548749890425 0.2510743820806 0.0347260211957 -0.1727865459524 -0.3367922666377 1.6955989138936 -0.3470052648759 0.0891886528049 0.0114129852947 -0.0811057772200 -1.1637543950832 1.3108149884569 0.2876193357552 
3.6540645569620 -0.5857942955855 -0.3070588336269 0.9795489834525 -0.0654048005883 -0.0628717905234 1.6526826593172 0.2208514641726 0.0249633300925 -0.1757966471115 -0.3209799486187 1.7057876536973 -0.3471445297965 0.1288724671966 0.0013115674767 -0.0810936252350 -1.2011112872019 1.3664885737828 0.2436599591720 
3.6676189873418 -0.5704913364173 -0.3055645582439 0.9820744730493 -0.0602010647767 -0.0674167068650 1.6495408489208 0.1897772072049 0.0136198217001 -0.1777942433306 -0.3018313628632 1.7135135887192 -0.3475851518874 0.1671925476533 -0.0080116523672 -0.0790792732165 -1.2265054051983 1.4142335048480 0.2192537286968 
3.6811734177215 -0.5553858313038 -0.3041006845574 0.9844844408678 -0.0554357532813 -0.0702830071935 1.6460035014478 0.1600221431778 0.0024413008266 -0.1789736755375 -0.2810657301250 1.7195106879590 -0.3478172904832 0.2061265907312 -0.0151142914618 -0.0752919105922 -1.2414662585210 1.4526857979306 0.2070037451729 
3.6947278481013 -0.5405423706678 -0.3028032559292 0.9867106915398 -0.0515265509131 -0.0705559542074 1.6415812310982 0.1335698127344 -0.0072660007686 -0.1784282171493 -0.2609510441011 1.7250246479583 -0.3476378393306 0.2467756047706 -0.0200782045822 -0.0692250980464 -1.2467076157983 1.4842595559832 0.1991887792214 
3.7082822784810 -0.5259848725654 -0.3018222399459 0.9887366308960 -0.0484684587072 -0.0684790817279 1.6353428185419 0.1107906076084 -0.0152886535362 -0.1749771090665 -0.2429318731442 1.7310023211517 -0.3483422292619 0.2883269691710 -0.0242526535989 -0.0603356255712 -1.2418095756919 1.5121682039155 0.1886425356136 
3.7218367088608 -0.5116624125704 -0.3011663025352 0.9905136518663 -0.0457186265033 -0.0652275389594 1.6273408509371 0.0905418158490 -0.0224502790924 -0.1688862588245 -0.2272730563903 1.7377646626255 -0.3508725948891 0.3285861021086 -0.0285508859836 -0.0492084814149 -1.2264207520984 1.5393877042787 0.1684463310495 
3.7353911392405 -0.4974662579850 -0.3007051209850 0.9919364535029 -0.0422262664041 -0.0620789465702 1.6187628703707 0.0713530077158 -0.0299915895921 -0.1618940711132 -0.2136895999753 1.7451501784420 -0.3552700936489 0.3654673028823 -0.0329950571085 -0.0376444966494 -1.2011389260309 1.5669391817048 0.1358256060654 
3.7489455696203 -0.4832658431176 -0.3003102174714 0.9929139401277 -0.0372702650052 -0.0599694459077 1.6108691425259 0.0519125482186 -0.0386854270401 -0.1556450570818 -0.2016390799551 1.7525763339366 -0.3626764669384 0.3976849861248 -0.0374165973989 -0.0275490172489 -1.1670447178560 1.5923255367214 0.0967470063863 
3.7625000000000 -0.4689521354687 -0.2999367263311 0.9934317285800 -0.0312287533992 -0.0595025167595 1.6042499355322 0.0310518943203 -0.0480560171242 -0.1506658919168 -0.1904788049755 1.7595359422225 -0.3748208404073 0.4245044118860 -0.0416805679293 -0.0198380040380 -1.1248632714965 1.6115430674165 0.0620716376154 
3.7760544303797 -0.4545068421688 -0.2996171504885 0.9935272986811 -0.0250008477834 -0.0606658489772 1.5988998057619 0.0085621032901 -0.0567219642392 -0.1466408838713 -0.1801700627448 1.7664562725865 -0.3903724267070 0.4458512547547 -0.0455731593079 -0.0143505546535 -1.0747229157522 1.6226511766785 0.0387735164754 
3.7896088607595 -0.4399919214931 -0.2994228031274 0.9932308466315 -0.0191004352417 -0.0628087337150 1.5947273839241 -0.0146752126692 -0.0638751826265 -0.1432676873753 -0.1711138866974 1.7741338334808 -0.4050881015349 0.4622661355635 -0.0486805354897 -0.0105775617982 -1.0164060915897 1.6262948887469 0.0273701257277 
3.8031632911392 -0.4254633013404 -0.2994152046976 0.9925597380685 -0.0135076660568 -0.0651225276023 1.5918513902092 -0.0376400233757 -0.0700353470983 -0.1406571794910 -0.1633052536406 1.7825476837672 -0.4158518951092 0.4743532810589 -0.0502715917864 -0.0082259514800 -0.9497036612319 1.6239371236430 0.0247885504079 
3.8167177215190 -0.4109331002602 -0.2996083836202 0.9915442256920 -0.0078150032784 -0.0668994281839 1.5905393340993 -0.0595374400751 -0.0763907956355 -0.1391983144787 -0.1563791502373 1.7911311595200 -0.4222864935292 0.4825593807588 -0.0495107390642 -0.0073912010307 -0.8747128367332 1.6168181515536 0.0277320640126 
3.8302721518987 -0.3963657275871 -0.2999756640846 0.9902210897428 -0.0016391045287 -0.0677189851633 1.5910696479168 -0.0799952940418 -0.0837319980381 -0.1393116815589 -0.1499020808805 1.7994746189575 -0.4256098559494 0.4871768751678 -0.0458479120358 -0.0084351231819 -0.7921470113640 1.6059977027212 0.0349442588884 
3.8438265822785 -0.3816753975365 -0.3004835334833 0.9886015926707 0.0048725457309 -0.0677376230307 1.5936078938968 -0.0995265018324 -0.0918646888716 -0.1412341486031 -0.1432974761127 1.8073063428349 -0.4275297154795 0.4882871412304 -0.0393893865639 -0.0116846994544 -0.7036470736273 1.5927678356940 0.0466867364754 
3.8573810126582 -0.3667671515235 -0.3010988771214 0.9866727470927 0.0112977786362 -0.0675896665326 1.5980624923051 -0.1192346295512 -0.1000272912721 -0.1448706770286 -0.1360745012111 1.8143528628452 -0.4296970475013 0.4860021670361 -0.0315646303910 -0.0173540849813 -0.6118555134460 1.5788256128118 0.0631728694472 
3.8709354430380 -0.3515872159719 -0.3017871606247 0.9844429481584 0.0175887607127 -0.0679382383104 1.6039388604733 -0.1399838405823 -0.1077760113574 -0.1496631129691 -0.1282288085030 1.8204448337003 -0.4331285653571 0.4808557734125 -0.0254240606385 -0.0254372326380 -0.5201048866099 1.5657827498177 0.0841691791532 
3.8844898734177 -0.3361153236885 -0.3025324999166 0.9819721281661 0.0239981018306 -0.0691605465451 1.6104100288753 -0.1621284757823 -0.1151408543041 -0.1546425225729 -0.1200659600655 1.8255584800540 -0.4377988243688 0.4737659659932 -0.0241627933383 -0.0352559517820 -0.4317591595093 1.5543793237315 0.1085983173345 
3.8980443037975 -0.3203467260885 -0.3033444913973 0.9793553630011 0.0306522461857 -0.0712204359209 1.6166391390248 -0.1855767530366 -0.1223858343390 -0.1588084840450 -0.1118061986109 1.8295437825360 -0.4435224369916 0.4656318637817 -0.0287526245226 -0.0453557912985 -0.3494826164649 1.5441838906631 0.1342036269025 
3.9115987341772 -0.3042972720629 -0.3042373976088 0.9766913434769 0.0374549794457 -0.0737086134344 1.6220729160028 -0.2097214264422 -0.1299332402518 -0.1615351127854 -0.1037547941358 1.8319674326500 -0.4509593780836 0.4570268392149 -0.0370763042031 -0.0541354876630 -0.2751313578885 1.5344427029564 0.1576527491050 
3.9251531645570 -0.2879883770324 -0.3052183849979 0.9740757584308 0.0441856551186 -0.0761130140176 1.6265355609992 -0.2334946332093 -0.1380463899778 -0.1626926816155 -0.0968785787841 1.8325771824604 -0.4604034850324 0.4481993150318 -0.0452671317168 -0.0606040353222 -0.2104068585976 1.5253339815735 0.1748666774191 
3.9387075949367 -0.2714126290115 -0.3062923133659 0.9716013745047 0.0506015162074 -0.0781794719408 1.6301073957294 -0.2558572773238 -0.1465191668776 -0.1624671728302 -0.0927890124922 1.8317615017431 -0.4700877120441 0.4392873360883 -0.0499606880845 -0.0646089134311 -0.1575710307313 1.5182498316259 0.1823327111006 
3.9522620253165 -0.2545342851014 -0.3074587168268 0.9693333486226 0.0565204638373 -0.0799741377038 1.6328004196097 -0.2762932730952 -0.1549301726179 -0.1609702732033 -0.0928562376497 1.8302284058130 -0.4773781580757 0.4307515490685 -0.0499438419996 -0.0663885236195 -0.1196601612495 1.5148211035034 0.1796622166910 
3.9658164556962 -0.2373177851668 -0.3087120187886 0.9672876625122 0.0618321543372 -0.0815846754147 1.6344324074616 -0.2947569825354 -0.1630268941606 -0.1580792954966 -0.0974755710542 1.8283965985598 -0.4807531626489 0.4236164936953 -0.0460579099598 -0.0660351191674 -0.0997102096413 1.5154502844904 0.1711076394300 
3.9793708860759 -0.2197276258082 -0.3100596603829 0.9654470622226 0.0664190889331 -0.0829242858264 1.6349645028652 -0.3113911249892 -0.1707218825996 -0.1538012008972 -0.1061572999547 1.8261325136431 -0.4795695539574 0.4189720042043 -0.0397221424928 -0.0635263339608 -0.0990824763885 1.5182041265283 0.1641156902432 
3.9929253164557 -0.2017178509624 -0.3115297287501 0.9637986467094 0.0701962397037 -0.0837952656015 1.6346996811844 -0.3263228738610 -0.1780399493513 -0.1485126996506 -0.1181103428538 1.8228148543246 -0.4734166804439 0.4171427076577 -0.0319723874644 -0.0590288916163 -0.1157712017376 1.5181498856621 0.1670172348508 
4.0064797468354 -0.1832650386242 -0.3131443545469 0.9623771418948 0.0733291004964 -0.0839885230272 1.6338694499080 -0.3394602342079 -0.1852536436680 -0.1425450058846 -0.1328402461222 1.8175452656565 -0.4625371270589 0.4174189914058 -0.0237460529686 -0.0528840240390 -0.1440299852669 1.5078543529839 0.1875744444008 
4.0200341772152 -0.1644192846827 -0.3148773551593 0.9613055395938 0.0761419031227 -0.0832807065609 1.6321370057624 -0.3503378853494 -0.1926368668784 -0.1357322427557 -0.1505053879462 1.8092076558471 -0.4482116622475 0.4187530563626 -0.0161284608617 -0.0453043360283 -0.1765805938676 1.4812629379709 0.2298101308533 
4.0335886075949 -0.1453136645247 -0.3166391592951 0.9607773062108 0.0785562371416 -0.0814338697495 1.6287841305503 -0.3581475307198 -0.1997233265307 -0.1277289067473 -0.1719199785720 1.7963914476328 -0.4321207947825 0.4208122801395 -0.0094815933757 -0.0362190159222 -0.2087892360522 1.4405383887189 0.2865877681745 
4.0471430379747 -0.1261077473902 -0.3183177999196 0.9609505902087 0.0798406415032 -0.0786026941093 1.6233467082627 -0.3623235713774 -0.2049739058294 -0.1185994024841 -0.1981883648779 1.7775857951100 -0.4147318895847 0.4240703630254 -0.0029777957985 -0.0253867591248 -0.2414411476740 1.3983988660998 0.3360729241977 
4.0606974683544 -0.1068937043468 -0.3198555703911 0.9618165481233 0.0792405743965 -0.0760247279339 1.6160301805195 -0.3633927679852 -0.2064414601570 -0.1088608699073 -0.2303412263393 1.7518332592449 -0.3937942496271 0.4284416233550 0.0036297958956 -0.0128043232990 -0.2785481669445 1.3699257967310 0.3569142574940 
4.0742518987342 -0.0876801647080 -0.3212830793843 0.9631871634789 0.0768692752202 -0.0756754607500 1.6076608638238 -0.3624155951337 -0.2031287339046 -0.0991529470214 -0.2695526077772 1.7193399104507 -0.3654408233979 0.4317930527586 0.0091145981227 0.0008566478515 -0.3212649199147 1.3626571720596 0.3460072927187 
4.0878063291139 -0.0685034479491 -0.3226842946013 0.9648637617992 0.0738227686325 -0.0785060757982 1.5990880885352 -0.3588216523547 -0.1956861506927 -0.0897796800910 -0.3178018007390 1.6818017575764 -0.3271065969245 0.4306907720414 0.0126835681268 0.0146516994118 -0.3646557936784 1.3746128140887 0.3154159110988 
4.1013607594937 -0.0495202031072 -0.3241474603087 0.9667741626887 0.0715062221826 -0.0833192508654 1.5905876269690 -0.3492908929178 -0.1850164163928 -0.0802879830720 -0.3780873477757 1.6431254568865 -0.2753889163174 0.4232174755335 0.0145045972197 0.0280614040697 -0.4014180712796 1.3984691390607 0.2796451031434 
4.1149151898734 -0.0309726202188 -0.3257443149000 0.9688992956429 0.0710689130396 -0.0876353058710 1.5817786695805 -0.3292259392254 -0.1704390569082 -0.0691986273462 -0.4534003718074 1.6092375298097 -0.1992693392037 0.4104379966233 0.0145013670622 0.0411210737122 -0.4272740408784 1.4266376037820 0.2480680022036 
4.1284696202532 -0.0130687823480 -0.3275106812293 0.9711057822617 0.0731304397809 -0.0895021264979 1.5720120206465 -0.2963370461419 -0.1521451601481 -0.0547403274389 -0.5429575790146 1.5830216151458 -0.0926682075695 0.3951741506299 0.0119391389791 0.0542016333336 -0.4426904389856 1.4539919157367 0.2256816673237 
4.1420240506329 0.0041395294608 -0.3293660651406 0.9731617477101 0.0772891873763 -0.0888653896703 1.5616268883441 -0.2537438911804 -0.1352546425321 -0.0381253450532 -0.6389071644493 1.5601050682368 0.0116867897938 0.3796435651869 0.0061574766609 0.0669405543501 -0.4514729416012 1.4783808641907 0.2170511827366 
4.1555784810127 0.0207530672302 -0.3311534955692 0.9749410721132 0.0822427186800 -0.0871681060104 1.5524496298715 -0.2067463945139 -0.1233928272996 -0.0235453363563 -0.7328319535644 1.5392363092859 0.0726596687145 0.3644356542993 -0.0025151331250 0.0777289718211 -0.4579932146994 1.4998847637795 0.2251408016383 
4.1691329113924 0.0369271775443 -0.3327906403058 0.9764868963077 0.0866741272407 -0.0856491465295 1.5459455447796 -0.1586776233338 -0.1147283449156 -0.0135804451808 -0.8206412769676 1.5266255960362 0.0809513374343 0.3492696851012 -0.0126221313330 0.0855424754921 -0.4645593881641 1.5193503609474 0.2476998230721 
4.1826873417722 0.0528044513764 -0.3342863340390 0.9779558626057 0.0897145573335 -0.0847453879841 1.5421524263777 -0.1111500896426 -0.1060513852124 -0.0079343717451 -0.9003041093539 1.5282042749315 0.0463957840192 0.3333830325109 -0.0219346015875 0.0909173164237 -0.4704774071126 1.5372471029285 0.2769921515029 
4.1962417721519 0.0684623434130 -0.3356814944616 0.9795349356162 0.0910835115357 -0.0842180657349 1.5400708460307 -0.0645955960520 -0.0953581180562 -0.0046292684352 -0.9704369755244 1.5444763995730 -0.0148629139314 0.3160662357768 -0.0284540061357 0.0952896844619 -0.4734267489208 1.5535298508540 0.3028307357129 
4.2097962025316 0.0839132240893 -0.3369850780544 0.9813454035505 0.0909596234227 -0.0834129952384 1.5383234973992 -0.0184928629501 -0.0821642313040 -0.0013715902636 -1.0302262956234 1.5707988689143 -0.0864281407987 0.2972641957738 -0.0315206248510 0.1001062387154 -0.4715720139370 1.5679236427688 0.3175595804657 
4.2233506329114 0.0991672779380 -0.3381745688177 0.9834018827443 0.0893621345872 -0.0820042468595 1.5359708954429 0.0274206953903 -0.0668918691559 0.0031599373342 -1.0790651459642 1.6008533922464 -0.1557209735649 0.2771393681503 -0.0315297171700 0.1061739920081 -0.4644716231352 1.5801865301198 0.3192524943448 
4.2369050632911 0.1142505055125 -0.3392502647187 0.9856409991569 0.0857739646892 -0.0804656549717 1.5332936817628 0.0722111433670 -0.0501457147701 0.0084709307278 -1.1162239553296 1.6300712224254 -0.2164205368666 0.2555505447022 -0.0287952357594 0.1131307104360 -0.4528804213420 1.5902912625765 0.3115870790464 
4.2504594936709 0.1291400441039 -0.3402265125145 0.9879471121676 0.0798357002165 -0.0791498334379 1.5313244243227 0.1150880287103 -0.0324984870753 0.0130911639262 -1.1415321998805 1.6568738582960 -0.2674203787319 0.2329197029676 -0.0235195512037 0.1197655311434 -0.4383351804551 1.5985144682078 0.3009731187270 
4.2640139240506 0.1437748098942 -0.3410858946525 0.9901782456712 0.0719929607331 -0.0776892273824 1.5307683451121 0.1563717352532 -0.0146172143060 0.0160167248133 -1.1556626682957 1.6817305603757 -0.3088739978185 0.2104970758682 -0.0164316694093 0.1249642107471 -0.4225650867627 1.6052376699377 0.2941790993891 
4.2775683544304 0.1581720592455 -0.3418019545868 0.9922177624092 0.0634371879535 -0.0759545178474 1.5315196343572 0.1961093959849 0.0026246742497 0.0172127662540 -1.1593179308093 1.7056063007006 -0.3395882348191 0.1886815804096 -0.0089421243075 0.1283584651963 -0.4065525346564 1.6104870280845 0.2972538745055 
4.2911227848101 0.1724769460969 -0.3423934797614 0.9940026941281 0.0554912594765 -0.0746524409020 1.5327250758147 0.2331581573418 0.0184337438242 0.0175332459200 -1.1527664049530 1.7291913463804 -0.3561263452376 0.1661812897993 -0.0024153239239 0.1305680034216 -0.3900406129236 1.6141082560202 0.3116699411032 
4.3046772151899 0.1868569414771 -0.3429028720107 0.9955155000544 0.0485234246224 -0.0746131622072 1.5336173982844 0.2660931158136 0.0328446739467 0.0179250160371 -1.1360995454735 1.7524729737723 -0.3557412463865 0.1415177686571 0.0031891144821 0.1325294514908 -0.3723519074370 1.6167274213485 0.3298780783958 
4.3182316455696 0.2013954339712 -0.3433096146470 0.9967564547320 0.0418210161385 -0.0761432732134 1.5343965811335 0.2940056811740 0.0465863870429 0.0182678311421 -1.1093848920353 1.7739572102275 -0.3430750832913 0.1143774744735 0.0091958917307 0.1342861638311 -0.3535515574413 1.6197610790153 0.3407052940205 
4.3317860759494 0.2161087591836 -0.3435205232997 0.9977141243339 0.0345139017432 -0.0793416307358 1.5360205439366 0.3161469078778 0.0603290228713 0.0174347723272 -1.0725884334564 1.7911193120591 -0.3297908559633 0.0850764203333 0.0164578114902 0.1348027241158 -0.3345241619840 1.6241788336969 0.3414708133065 
4.3453405063291 0.2309588990349 -0.3434654006563 0.9983499924823 0.0264135002487 -0.0841378268494 1.5389595612777 0.3323368122533 0.0742728022802 0.0148757858566 -1.0261246181840 1.8026586809979 -0.3235704175543 0.0540823013885 0.0244670292080 0.1333423884298 -0.3161422571424 1.6300905492129 0.3374527956394 
4.3588949367089 0.2458438454521 -0.3431690355361 0.9985966232573 0.0182016295094 -0.0897649005276 1.5423012020265 0.3440523136641 0.0879678145692 0.0116903676562 -0.9716109048238 1.8090314688743 -0.3228272354201 0.0224870063904 0.0319979335178 0.1307559456215 -0.2987735428361 1.6371853939623 0.3324055844413 
4.3724493670886 0.2606604346729 -0.3427082244905 0.9983865374260 0.0108332470434 -0.0949806483270 1.5443850308027 0.3537706794286 0.1006516381953 0.0097789811798 -0.9113422825822 1.8108792947507 -0.3231385556192 -0.0080689842543 0.0378614529765 0.1289090155748 -0.2826683186853 1.6446390452468 0.3297875714581 
4.3860037974684 0.2753919015235 -0.3421390528094 0.9977048417873 0.0045589194287 -0.0990574702035 1.5442161682855 0.3628457035914 0.1121849557652 0.0103639892060 -0.8466679662534 1.8083392772293 -0.3217038863153 -0.0364809914315 0.0417059337071 0.1290622023761 -0.2682332976897 1.6513984246094 0.3344875917606 
4.3995582278481 0.2900992672286 -0.3414740366656 0.9965937560517 -0.0011557214667 -0.1020558749496 1.5418024976675 0.3709236377103 0.1229953254183 0.0135869608649 -0.7774403780098 1.8016231444767 -0.3167025431860 -0.0627303937431 0.0443660305927 0.1313487985346 -0.2555833483970 1.6569684606158 0.3469424135087 
4.4131126582278 0.3048529202247 -0.3407028713723 0.9951056607675 -0.0067837492291 -0.1041724520668 1.5374318127943 0.3773073579713 0.1330458043233 0.0190009575580 -0.7031254018740 1.7912830081680 -0.3079443378392 -0.0872506446246 0.0470922070118 0.1354725445083 -0.2442564102605 1.6618573958116 0.3612563078808 
4.4266670886076 0.3197044243377 -0.3398119569763 0.9932753377004 -0.0123620516096 -0.1053434591522 1.5313957417024 0.3818377462850 0.1415836916169 0.0258544344689 -0.6238058180696 1.7777060772004 -0.2978772246338 -0.1102547661829 0.0506334839431 0.1410653495892 -0.2337230010942 1.6668264574744 0.3720305286082 
4.4402215189873 0.3346781545326 -0.3387984175520 0.9911376768684 -0.0178925884717 -0.1053587702830 1.5241723631609 0.3846369594114 0.1477013828358 0.0332586753759 -0.5401024267663 1.7614723066120 -0.2897169702957 -0.1315137026246 0.0550206912953 0.1475714299172 -0.2241036545360 1.6721668570359 0.3791844072550 
4.4537759493671 0.3497698740324 -0.3376814846651 0.9887516007339 -0.0237445121363 -0.1040351382657 1.5164451460398 0.3856660170129 0.1507417511733 0.0404595119010 -0.4526906680951 1.7440992473046 -0.2848824673996 -0.1504354661951 0.0598763052780 0.1542439555156 -0.2163107857346 1.6779295107089 0.3863724612449 
4.4673303797468 0.3649553408246 -0.3364923752365 0.9861998848870 -0.0306217220401 -0.1013394343555 1.5088304267173 0.3847159390775 0.1503975344091 0.0471778522845 -0.3624769342176 1.7273359323768 -0.2819056870067 -0.1664651925043 0.0651456781055 0.1604255503999 -0.2113351333277 1.6840637547194 0.3966256486313 
4.4808848101266 0.3802121121556 -0.3352470451094 0.9835661174146 -0.0391648371568 -0.0975898469874 1.5016457645323 0.3816025835535 0.1469042452592 0.0537258260895 -0.2714020059571 1.7120049740893 -0.2768269001131 -0.1796197758111 0.0713742147292 0.1657603998642 -0.2095721477097 1.6902181888312 0.4102966858737 
4.4944392405063 0.3955587769383 -0.3339341605676 0.9809121602598 -0.0493777180026 -0.0936553350847 1.4949729057946 0.3762926737352 0.1411658463585 0.0605893912630 -0.1833136406111 1.6981082613972 -0.2650203417831 -0.1909292663232 0.0788799179265 0.1700880812118 -0.2107272127218 1.6956976795584 0.4265081888620 
4.5079936708861 0.4110623425373 -0.3325474083092 0.9782823530637 -0.0604480642283 -0.0907592575071 1.4888945153345 0.3691973930915 0.1346912168420 0.0678782725658 -0.1042718995205 1.6860695521912 -0.2444662144732 -0.2022359356171 0.0872836657867 0.1732407210598 -0.2140313440371 1.6998728623282 0.4432937878757 
4.5215481012658 0.4267903398993 -0.3311233249885 0.9757244878181 -0.0712833633624 -0.0896278448719 1.4836156295245 0.3618686760920 0.1292211758181 0.0751990022978 -0.0418946315302 1.6773666420662 -0.2192451320362 -0.2148583376999 0.0960332919366 0.1750162847267 -0.2188073650720 1.7024873314691 0.4575789843468 
4.5351025316456 0.4427840749715 -0.3297141393299 0.9733075919379 -0.0811156581511 -0.0900552178056 1.4795779332725 0.3566707832690 0.1257585390766 0.0816562568957 -0.0034123791148 1.6736647458136 -0.1992579124512 -0.2287614557217 0.1048667959501 0.1750609788721 -0.2249688332449 1.7034509522710 0.4671328729428 
4.5486569620253 0.4590772155965 -0.3283316859226 0.9710999741300 -0.0896238567339 -0.0914764338298 1.4775001776964 0.3551968349093 0.1237914938191 0.0859642719332 0.0069998904944 1.6752767504019 -0.1940489021460 -0.2432588002629 0.1136344022575 0.1727348999457 -0.2329895109566 1.7027261109859 0.4721309852740 
4.5622113924051 0.4757234166222 -0.3269514152511 0.9691280264162 -0.0967341375081 -0.0934280038097 1.4779767629457 0.3573417077164 0.1216484201919 0.0870029195325 -0.0096070531692 1.6800022856969 -0.2054696292013 -0.2577503607450 0.1219798397360 0.1675128235852 -0.2434944471122 1.7003673215140 0.4742347075950 
4.5757658227848 0.4927926658543 -0.3255591614008 0.9673953137710 -0.1024914093102 -0.0954572367723 1.4812014998798 0.3612566568924 0.1174712783032 0.0840858945289 -0.0457537651162 1.6823712898597 -0.2273060222940 -0.2717382360147 0.1292795512815 0.1593091514354 -0.2568804485884 1.6961448475590 0.4752469096285 
4.5893202531646 0.5103150807118 -0.3241716430021 0.9659776843675 -0.1068992059294 -0.0968250104161 1.4873026945259 0.3642949962093 0.1098685279073 0.0765218172865 -0.0891432919176 1.6743816435687 -0.2536356864013 -0.2844026755651 0.1347478078818 0.1481811385490 -0.2733495967175 1.6893277968090 0.4758161498388 
4.6028746835443 0.5282426420703 -0.3228236803987 0.9650667277250 -0.1096787919170 -0.0964449984418 1.4964921267441 0.3648531739705 0.0979103142912 0.0636463843369 -0.1280297959750 1.6500535460966 -0.2844442327167 -0.2943266457971 0.1376346386230 0.1342373873464 -0.2932042336052 1.6790461984228 0.4739165431555 
4.6164291139241 0.5464848868396 -0.3215414129654 0.9648600271985 -0.1102738679253 -0.0934791359600 1.5085698004790 0.3631782049643 0.0810433695161 0.0456725129280 -0.1567977455989 1.6117289419742 -0.3191607137401 -0.2999969503178 0.1372582110012 0.1180905714935 -0.3170402134138 1.6643616435380 0.4660981166066 
4.6299835443038 0.5649763071961 -0.3203161597523 0.9654122991167 -0.1083005954549 -0.0883474084800 1.5227014243044 0.3606220391578 0.0612656354441 0.0240949383058 -0.1780791049802 1.5707976017282 -0.3488498245562 -0.3010273768969 0.1329765412609 0.1008339535869 -0.3454978121715 1.6436342880039 0.4510820371658 
4.6435379746835 0.5836740424285 -0.3191073072735 0.9665906868066 -0.1041855357569 -0.0829479947832 1.5376584424096 0.3581607479919 0.0441661847881 0.0012458904975 -0.1990790849009 1.5404037979556 -0.3632986654684 -0.2985359617957 0.1245585009517 0.0835687103557 -0.3789389779950 1.6139558502023 0.4328105581916 
4.6570924050633 0.6024879350284 -0.3178559262108 0.9681702095366 -0.0991357843119 -0.0792819343768 1.5520381413138 0.3551941620317 0.0340657249417 -0.0205674399169 -0.2240531056929 1.5274080781628 -0.3628779537015 -0.2934191602140 0.1127277145296 0.0672548893617 -0.4179772529819 1.5722478468780 0.4186710006949 
4.6706468354430 0.6212598872672 -0.3164851669988 0.9699846860366 -0.0941515869503 -0.0778971616609 1.5648146625209 0.3499404220717 0.0300301988309 -0.0401714494873 -0.2506717562148 1.5305038876943 -0.3561793887286 -0.2847642703134 0.0990110227984 0.0524255362511 -0.4639711310275 1.5179968163495 0.4135173655444 
4.6842012658228 0.6397695094041 -0.3149227337124 0.9719750905129 -0.0896692806295 -0.0777964072203 1.5757890962119 0.3413766482067 0.0288168754829 -0.0576660577068 -0.2741150300359 1.5444304156743 -0.3495932922893 -0.2701283424939 0.0851180596338 0.0388913697768 -0.5187979761508 1.4551288592140 0.4188192403172 
4.6977556962025 0.6577660971384 -0.3131551121617 0.9740815375325 -0.0861802661381 -0.0775238261710 1.5853791611734 0.3303223870557 0.0290868002069 -0.0733988198060 -0.2922301009150 1.5641950131635 -0.3434978074283 -0.2468411627041 0.0721250694313 0.0258916090426 -0.5843899642520 1.3905483626860 0.4378307825539 
4.7113101265823 0.6750451199628 -0.3112429742353 0.9761545964301 -0.0844946395934 -0.0763660252010 1.5943019027454 0.3180009876633 0.0312717011583 -0.0876039972881 -0.3054247495977 1.5860156882086 -0.3372946621712 -0.2137093928154 0.0603365794514 0.0123118706739 -0.6612789491662 1.3305112338981 0.4717018190902 
4.7248645569620 0.6915057206511 -0.3092747124120 0.9780236607945 -0.0852383916720 -0.0747551187044 1.6031159405081 0.3043269590753 0.0355361324985 -0.1005644261683 -0.3141231036470 1.6070243717869 -0.3336928420052 -0.1720670069702 0.0500486575439 -0.0025745239611 -0.7467218700111 1.2785248618606 0.5102567440627 
4.7384189873418 0.7071553086351 -0.3073025578494 0.9796130133201 -0.0882508037647 -0.0736980227270 1.6117426362959 0.2883383156796 0.0413881689748 -0.1123545311148 -0.3185241507714 1.6258818850224 -0.3350416844210 -0.1249396808047 0.0411228372216 -0.0184143863323 -0.8352273287035 1.2373364238577 0.5351729845394 
4.7519734177215 0.7220708943066 -0.3052978147692 0.9809502776096 -0.0924875473867 -0.0738721549125 1.6195883665881 0.2695667713879 0.0478142368426 -0.1228965809690 -0.3192693252251 1.6428547559880 -0.3405226121106 -0.0751985531424 0.0323410822156 -0.0342334271923 -0.9212708695764 1.2125557911440 0.5287254859484 
4.7655278481013 0.7363657623574 -0.3031914596597 0.9821126950718 -0.0964974043923 -0.0752246914953 1.6258826640728 0.2483651795847 0.0530098952921 -0.1321848389893 -0.3168124118026 1.6582773699817 -0.3498709542242 -0.0248747309940 0.0225203397831 -0.0488975490942 -1.0007781626400 1.2114838595429 0.4832665369461 
4.7790822784810 0.7502699774845 -0.3010027203773 0.9832436709742 -0.0989659812492 -0.0776367047346 1.6299772764251 0.2248694199331 0.0550168976153 -0.1401608186184 -0.3107764290009 1.6717448924274 -0.3628769750824 0.0238260326392 0.0115481368696 -0.0611583451920 -1.0705548416826 1.2374840694153 0.4075371064671 
4.7926367088608 0.7643725918655 -0.2989491031972 0.9846921269301 -0.0989636126302 -0.0815485681577 1.6311636130347 0.1982449611018 0.0527304919627 -0.1460918897410 -0.3002090898725 1.6830156028570 -0.3726330154949 0.0679959777626 -0.0000065746178 -0.0694429731549 -1.1271928738955 1.2853949759229 0.3180165908196 
4.8061911392405 0.7798935790712 -0.2974973247339 0.9872091356957 -0.0960261650844 -0.0871698612788 1.6280879072075 0.1680535587098 0.0466946114206 -0.1477571377564 -0.2849101160227 1.6935547820489 -0.3581219789140 0.1054978211342 -0.0114547312147 -0.0714881742310 -1.1669521296121 1.3426366030471 0.2246502326945 
4.8197455696203 0.7986777673805 -0.2973253486757 0.9919810902368 -0.0900995980996 -0.0930695590561 1.6186779683444 0.1365428733805 0.0393931869075 -0.1414704237057 -0.2669309776723 1.7063275660829 -0.2850883436627 0.1368303524159 -0.0221536398927 -0.0645582563667 -1.1865099688716 1.3959736668817 0.1234470112804 
