---- AnyBody Output File ---------------------------------
Study: Main.MarkerModelStudy
Operation: Main.MarkerModelStudy.KinematicAnalysis
----------------------------------------------------------
Constants (Name = Value): 
Main.MarkerModelStudy.MarkerModel.Markers.RKNE.MarkerPositionFile.FileName = "RKNE.txt"
Main.MarkerModelStudy.MarkerModel.Markers.RKNE.MarkerPositionFile.Search = 
Main.MarkerModelStudy.MarkerModel.Markers.RKNE.MarkerPositionFile.SepSign = "  "
Main.MarkerModelStudy.MarkerModel.Markers.RKNE.MarkerPositionFile.LineSepSign = ""
Main.MarkerModelStudy.MarkerModel.Markers.RKNE.MarkerPositionFile.Header.TitleSectionOnOff = On
Main.MarkerModelStudy.MarkerModel.Markers.RKNE.MarkerPositionFile.Header.ConstSectionOnOff = On
Main.MarkerModelStudy.MarkerModel.Markers.RKNE.MarkerPositionFile.Header.VarSectionOnOff = On
Main.MarkerModelStudy.MarkerModel.Markers.RKNE.MarkerPositionFile.Header.ColumnNamesOnOff = On
Main.MarkerModelStudy.MarkerModel.Markers.RKNE.MarkerPositionFile.Header.LinePrefix = ""
Main.MarkerModelStudy.MarkerModel.Markers.RKNE.MarkerPositionFile.NumberFormat.Digits = 15
----------------------------------------------------------
Variables (Column# Name): 
col0  Main.MarkerModelStudy.t
col1  Main.MarkerModelStudy.MarkerModel.Markers.RKNE.MarkerPositionFile.px
col2  Main.MarkerModelStudy.MarkerModel.Markers.RKNE.MarkerPositionFile.py
col3  Main.MarkerModelStudy.MarkerModel.Markers.RKNE.MarkerPositionFile.pz
----------------------------------------------------------
Main.MarkerModelStudy.t  Main.MarkerModelStudy.MarkerModel.Markers.RKNE.MarkerPositionFile.px  Main.MarkerModelStudy.MarkerModel.Markers.RKNE.MarkerPositionFile.py  Main.MarkerModelStudy.MarkerModel.Markers.RKNE.MarkerPositionFile.pz
 2.691700000000000e+000  -1.571062319230841e+000  -4.846931121144630e-001   5.135364153769335e-001
 2.705340764331210e+000  -1.551340845171219e+000  -4.832455733327459e-001   5.124479623855331e-001
 2.718981528662420e+000  -1.532055824435698e+000  -4.819832277974729e-001   5.109749639855215e-001
 2.732622292993630e+000  -1.513429799721771e+000  -4.810079855204721e-001   5.087436360740756e-001
 2.746263057324840e+000  -1.495453490342101e+000  -4.803040464003997e-001   5.056368107850329e-001
 2.759903821656050e+000  -1.478075690283516e+000  -4.799199447998096e-001   5.018567719851684e-001
 2.773544585987260e+000  -1.461285068865194e+000  -4.799879845857192e-001   4.977344248500553e-001
 2.787185350318470e+000  -1.445137389747381e+000  -4.805941027286464e-001   4.934935707930748e-001
 2.800826114649680e+000  -1.429740896450788e+000  -4.816705476162131e-001   4.892216287241930e-001
 2.814466878980890e+000  -1.415101541676417e+000  -4.829742127223859e-001   4.849302765545485e-001
 2.828107643312100e+000  -1.400878325680432e+000  -4.841448528310037e-001   4.805742672065847e-001
 2.841748407643310e+000  -1.386444436788967e+000  -4.849072072571171e-001   4.762119050642654e-001
 2.855389171974520e+000  -1.371197019540848e+000  -4.852941045705788e-001   4.721972220423042e-001
 2.869029936305730e+000  -1.354849321962799e+000  -4.855550145951944e-001   4.690665920575885e-001
 2.882670700636940e+000  -1.337556204822864e+000  -4.859415741965189e-001   4.672317308404740e-001
 2.896311464968150e+000  -1.319707189015496e+000  -4.866337387419822e-001   4.668477863126899e-001
 2.909952229299360e+000  -1.301552361038495e+000  -4.877386201907337e-001   4.678972561941446e-001
 2.923592993630570e+000  -1.283043944662972e+000  -4.892491927218650e-001   4.702126986899778e-001
 2.937233757961780e+000  -1.264047889596459e+000  -4.909684372281574e-001   4.734123963118097e-001
 2.950874522292990e+000  -1.244804287761115e+000  -4.926241365944127e-001   4.769595717781884e-001
 2.964515286624200e+000  -1.226240812679650e+000  -4.941122271550186e-001   4.802610433472753e-001
 2.978156050955410e+000  -1.209718605469799e+000  -4.955850255738463e-001   4.827113163793837e-001
 2.991796815286619e+000  -1.196249386682913e+000  -4.972687594023899e-001   4.838327958129210e-001
 3.005437579617829e+000  -1.185838592636344e+000  -4.991896696902850e-001   4.835688525013105e-001
 3.019078343949039e+000  -1.177479528250824e+000  -5.011110741524285e-001   4.824246153232288e-001
 3.032719108280249e+000  -1.169783783121020e+000  -5.027680648517331e-001   4.811612307245090e-001
 3.046359872611459e+000  -1.161757580988834e+000  -5.041123288702389e-001   4.803254063062345e-001
 3.060000636942669e+000  -1.153227149224626e+000  -5.052482402562513e-001   4.799602803549823e-001
 3.073641401273879e+000  -1.144680194555494e+000  -5.062151104976977e-001   4.797208148962719e-001
 3.087282165605089e+000  -1.136764554282957e+000  -5.069911772241196e-001   4.792784370195762e-001
 3.100922929936299e+000  -1.129846537577242e+000  -5.076213214609274e-001   4.785936452132405e-001
 3.114563694267509e+000  -1.123915755082108e+000  -5.082196098733888e-001   4.779038494924149e-001
 3.128204458598719e+000  -1.118697584710925e+000  -5.088510425988121e-001   4.774575958452164e-001
 3.141845222929929e+000  -1.113766550362496e+000  -5.094505743964023e-001   4.772367797503310e-001
 3.155485987261139e+000  -1.108805925180815e+000  -5.099153299985783e-001   4.770862228588406e-001
 3.169126751592349e+000  -1.103756955726422e+000  -5.102093521865984e-001   4.769197477581736e-001
 3.182767515923559e+000  -1.098695575083807e+000  -5.103905799077414e-001   4.767308864894246e-001
 3.196408280254769e+000  -1.093671705573029e+000  -5.105478172369673e-001   4.765207734973805e-001
 3.210049044585979e+000  -1.088661971825576e+000  -5.107194957971895e-001   4.762552716579591e-001
 3.223689808917189e+000  -1.083616985908779e+000  -5.108834484017768e-001   4.758882989987329e-001
 3.237330573248399e+000  -1.078497658176368e+000  -5.110053375310015e-001   4.754037668867328e-001
 3.250971337579609e+000  -1.073245157841986e+000  -5.110714208383248e-001   4.748154102524611e-001
 3.264612101910819e+000  -1.067765016672303e+000  -5.110959802397960e-001   4.741420066817323e-001
 3.278252866242029e+000  -1.061983140760100e+000  -5.111099258469453e-001   4.734200380874121e-001
 3.291893630573239e+000  -1.055896533334023e+000  -5.111224357101287e-001   4.727115924625870e-001
 3.305534394904449e+000  -1.049549933833166e+000  -5.111249009330718e-001   4.720921375345474e-001
 3.319175159235659e+000  -1.042950005116348e+000  -5.111243216039071e-001   4.716235040407311e-001
 3.332815923566869e+000  -1.036016341756787e+000  -5.111380796928308e-001   4.713244844565109e-001
 3.346456687898079e+000  -1.028608232559497e+000  -5.111607976657587e-001   4.711744498208246e-001
 3.360097452229289e+000  -1.020581385118371e+000  -5.111652145825528e-001   4.711389541321752e-001
 3.373738216560499e+000  -1.011820240042592e+000  -5.111503965294398e-001   4.711761190982048e-001
 3.387378980891709e+000  -1.002249406299935e+000  -5.111501110492925e-001   4.712263665748009e-001
 3.401019745222919e+000  -9.917923797322061e-001  -5.111658844563810e-001   4.712222579208528e-001
 3.414660509554129e+000  -9.803314022432330e-001  -5.111411659693425e-001   4.711049503586266e-001
 3.428301273885339e+000  -9.677561620849458e-001  -5.110075143525406e-001   4.708443888899921e-001
 3.441942038216549e+000  -9.540130392767057e-001  -5.107351615679540e-001   4.704681220666602e-001
 3.455582802547759e+000  -9.390727579769888e-001  -5.103505118424419e-001   4.700837315768363e-001
 3.469223566878969e+000  -9.228204556168274e-001  -5.099093880710914e-001   4.698455660926050e-001
 3.482864331210179e+000  -9.048994642450821e-001  -5.094150190882247e-001   4.698099037000113e-001
 3.496505095541389e+000  -8.847699556635682e-001  -5.087884766479656e-001   4.698190538509973e-001
 3.510145859872599e+000  -8.620414718297874e-001  -5.079829286893567e-001   4.695940615113398e-001
 3.523786624203809e+000  -8.366373181613659e-001  -5.070516865439125e-001   4.688786070190307e-001
 3.537427388535019e+000  -8.086949993111258e-001  -5.060712224071846e-001   4.674924732784795e-001
 3.551068152866229e+000  -7.784668327052967e-001  -5.051253834797873e-001   4.654330515584805e-001
 3.564708917197438e+000  -7.462676740924978e-001  -5.043516626862611e-001   4.629971625682322e-001
 3.578349681528648e+000  -7.124626242089144e-001  -5.038679952494268e-001   4.607666371584857e-001
 3.591990445859858e+000  -6.775702475620593e-001  -5.036681167527937e-001   4.594550397976011e-001
 3.605631210191068e+000  -6.423080474996215e-001  -5.036047225406709e-001   4.596071223538906e-001
 3.619271974522278e+000  -6.074206914837896e-001  -5.034497488158095e-001   4.613356791305096e-001
 3.632912738853488e+000  -5.733949434684019e-001  -5.030143974326364e-001   4.643671396920786e-001
 3.646553503184698e+000  -5.402856231954450e-001  -5.022749990249894e-001   4.682829032485768e-001
 3.660194267515908e+000  -5.077880861337767e-001  -5.013454339744888e-001   4.727067828975536e-001
 3.673835031847118e+000  -4.755755203245580e-001  -5.003308722555466e-001   4.773800250147225e-001
 3.687475796178328e+000  -4.436449373654684e-001  -4.992558667918688e-001   4.821802582356645e-001
 3.701116560509538e+000  -4.122731761873659e-001  -4.980770226215415e-001   4.870583993265970e-001
 3.714757324840748e+000  -3.817536931708331e-001  -4.967376342333440e-001   4.919794133546484e-001
 3.728398089171958e+000  -3.523146608196011e-001  -4.952767168127851e-001   4.969324043854089e-001
 3.742038853503168e+000  -3.240811208725526e-001  -4.938352620569197e-001   5.018655918522346e-001
 3.755679617834378e+000  -2.970868660643006e-001  -4.925626492428274e-001   5.066011507715328e-001
 3.769320382165588e+000  -2.713681066283825e-001  -4.915514750874183e-001   5.108375608351214e-001
 3.782961146496798e+000  -2.470365433953636e-001  -4.908275901551855e-001   5.142291459042033e-001
 3.796601910828008e+000  -2.242241227066509e-001  -4.903394210423129e-001   5.165020053336890e-001
 3.810242675159218e+000  -2.029755954680677e-001  -4.899720525670988e-001   5.175442024301152e-001
 3.823883439490428e+000  -1.832485593729742e-001  -4.896031784043640e-001   5.173718407354804e-001
 3.837524203821638e+000  -1.649679272594863e-001  -4.891450402752866e-001   5.160339842890216e-001
 3.851164968152848e+000  -1.480132739618075e-001  -4.885506470427918e-001   5.135479412467051e-001
 3.864805732484058e+000  -1.322036468695473e-001  -4.878603931472130e-001   5.099552714302436e-001
 3.878446496815268e+000  -1.173050995967380e-001  -4.872182458097112e-001   5.054398327177498e-001
 3.892087261146478e+000  -1.030414238068184e-001  -4.867869813273743e-001   5.003595715509253e-001
 3.905728025477688e+000  -8.913060529349862e-002  -4.866522062927868e-001   4.951861273099146e-001
 3.919368789808898e+000  -7.529504358463231e-002  -4.867837226596429e-001   4.903580939458863e-001
 3.933009554140108e+000  -6.120055742320205e-002  -4.870486464664912e-001   4.861129005067922e-001
 3.946650318471318e+000  -4.641190936408876e-002  -4.872491967606211e-001   4.824729228321027e-001
 3.960291082802528e+000  -3.045002615320692e-002  -4.871987253470662e-001   4.793954880978387e-001
 3.973931847133738e+000  -1.290986002265491e-002  -4.867981348914964e-001   4.768932813000215e-001
 3.987572611464948e+000   6.350370281671635e-003  -4.860546763417490e-001   4.749884969655225e-001
 4.001213375796158e+000   2.699242450761310e-002  -4.850837662169406e-001   4.736003272617508e-001
 4.014854140127368e+000   4.819071273370328e-002  -4.841336694580529e-001   4.726244414238766e-001
 4.028494904458579e+000   6.895682096840451e-002  -4.835461722413195e-001   4.721587114690229e-001
 4.042135668789789e+000   8.872846184644839e-002  -4.836050476565706e-001   4.725588419868446e-001
 4.055776433120999e+000   1.078844280809179e-001  -4.843465849591991e-001   4.741512333173665e-001
 4.069417197452210e+000   1.275036005076807e-001  -4.855067844033325e-001   4.768139724988947e-001
 4.083057961783420e+000   1.480652920727844e-001  -4.867604512856958e-001   4.798971151086414e-001
 4.096698726114631e+000   1.683618018039697e-001  -4.880152312243064e-001   4.825710859780810e-001
 4.110339490445841e+000   1.861656343050429e-001  -4.894546557246964e-001   4.842663393195424e-001
 4.123980254777051e+000   2.001590503777481e-001  -4.912397156108130e-001   4.848742428485042e-001
 4.137621019108262e+000   2.109751443808678e-001  -4.931907799041742e-001   4.846691288677683e-001
 4.151261783439472e+000   2.203544992798881e-001  -4.949532971027001e-001   4.840961321915168e-001
 4.164902547770683e+000   2.296604636398506e-001  -4.963413740124140e-001   4.835414605038036e-001
 4.178543312101893e+000   2.391195598788001e-001  -4.974013438692093e-001   4.831632318166081e-001
 4.192184076433104e+000   2.481267942198818e-001  -4.983116449211328e-001   4.828988997050621e-001
 4.205824840764314e+000   2.560428678658245e-001  -4.992530244847492e-001   4.826048992091718e-001
 4.219465605095524e+000   2.626940245582113e-001  -5.003095508853399e-001   4.822130372946391e-001
 4.233106369426735e+000   2.683207050214597e-001  -5.014652413497069e-001   4.817595299344679e-001
 4.246747133757945e+000   2.732451795295489e-001  -5.026537638153125e-001   4.813075771181760e-001
 4.260387898089156e+000   2.776301783827158e-001  -5.038084727238147e-001   4.809203752748971e-001
 4.274028662420366e+000   2.815149928667443e-001  -5.048740956074511e-001   4.806560285519399e-001
 4.287669426751577e+000   2.849781787511800e-001  -5.057849375848413e-001   4.805291216805994e-001
 4.301310191082787e+000   2.882144265836236e-001  -5.064768113257804e-001   4.805120473383866e-001
 4.314950955413997e+000   2.914671426868141e-001  -5.069017533740625e-001   4.805686403719545e-001
 4.328591719745208e+000   2.948869068316919e-001  -5.070292950971246e-001   4.806647110374008e-001
 4.342232484076418e+000   2.984641957355522e-001  -5.068613851172252e-001   4.807632124147276e-001
 4.355873248407629e+000   3.021411929489870e-001  -5.064492799634066e-001   4.808216947024750e-001
 4.369514012738839e+000   3.059523778320236e-001  -5.058966187704889e-001   4.808025745907790e-001
 4.383154777070049e+000   3.100287039791381e-001  -5.053195027683928e-001   4.806841202182243e-001
 4.396795541401260e+000   3.144634964805748e-001  -5.048069184991321e-001   4.804678960385844e-001
 4.410436305732470e+000   3.192100727035526e-001  -5.044380151757515e-001   4.801933358723415e-001
 4.424077070063681e+000   3.241564496593660e-001  -5.042661012884387e-001   4.798921365371238e-001
 4.437717834394891e+000   3.292796258936209e-001  -5.042548291837733e-001   4.795392796363002e-001
 4.451358598726102e+000   3.346962488092000e-001  -5.042747056918021e-001   4.791052764974393e-001
 4.464999363057312e+000   3.405649809944776e-001  -5.041916117986889e-001   4.786048980347092e-001
 4.478640127388522e+000   3.469972999552734e-001  -5.039530584751797e-001   4.780647602973908e-001
 4.492280891719733e+000   3.540488761791996e-001  -5.035972732341861e-001   4.775121660162144e-001
 4.505921656050943e+000   3.617296230410297e-001  -5.032119447494693e-001   4.770111248816447e-001
 4.519562420382154e+000   3.700313715732695e-001  -5.028994837078994e-001   4.766633269661272e-001
 4.533203184713364e+000   3.789862443999867e-001  -5.027269334879991e-001   4.765240106550429e-001
 4.546843949044575e+000   3.887235757577529e-001  -5.026604289054568e-001   4.765258955454671e-001
 4.560484713375785e+000   3.994541888643408e-001  -5.025689220404553e-001   4.765183585247435e-001
 4.574125477706995e+000   4.113436999856565e-001  -5.023403502741043e-001   4.763566784459538e-001
 4.587766242038206e+000   4.244520324135977e-001  -5.019506912057856e-001   4.759827277074525e-001
 4.601407006369416e+000   4.388008555810219e-001  -5.014074790025638e-001   4.754740972078105e-001
 4.615047770700627e+000   4.544569354964977e-001  -5.007054808492349e-001   4.749993353205037e-001
 4.628688535031837e+000   4.715554055106862e-001  -4.998577403770393e-001   4.747416497385865e-001
 4.642329299363047e+000   4.902613284353763e-001  -4.989436865798565e-001   4.748476214447630e-001
 4.655970063694258e+000   5.107906562995451e-001  -4.980945735275716e-001   4.753062955218099e-001
 4.669610828025468e+000   5.333926373872694e-001  -4.974180354182146e-001   4.758744153771145e-001
 4.683251592356679e+000   5.581960546521573e-001  -4.969429323799564e-001   4.762043489107732e-001
 4.696892356687889e+000   5.851582739223634e-001  -4.966774615234310e-001   4.760093195927914e-001
 4.710533121019100e+000   6.141239311905933e-001  -4.966870861367024e-001   4.752118582624227e-001
 4.724173885350310e+000   6.448336006821148e-001  -4.970459249818350e-001   4.740592845177828e-001
 4.737814649681520e+000   6.768638953572145e-001  -4.977495648115168e-001   4.731002210145157e-001
 4.751455414012731e+000   7.095798208635682e-001  -4.986578714585508e-001   4.729419587702723e-001
 4.765096178343941e+000   7.421956092561091e-001  -4.995351233051575e-001   4.739595135934510e-001
 4.778736942675152e+000   7.740430756361293e-001  -5.002181170003618e-001   4.762398824922715e-001
 4.792377707006362e+000   8.051345881107367e-001  -5.007705392568338e-001   4.797470706102402e-001
 4.806018471337572e+000   8.367720411175600e-001  -5.016561766976446e-001   4.845755997113817e-001
 4.819659235668783e+000   8.714842214123437e-001  -5.038618085510567e-001   4.912132174046792e-001
 4.833299999999993e+000   9.114926363881368e-001  -5.083845137187844e-001   5.003519430354747e-001
