---- AnyBody Output File ---------------------------------
Study: Main.MarkerModelStudy
Operation: Main.MarkerModelStudy.KinematicAnalysis
----------------------------------------------------------
Constants (Name = Value): 
Main.MarkerModelStudy.MarkerModel.Markers.RTHI.MarkerPositionFile.FileName = "RTHI.txt"
Main.MarkerModelStudy.MarkerModel.Markers.RTHI.MarkerPositionFile.Search = 
Main.MarkerModelStudy.MarkerModel.Markers.RTHI.MarkerPositionFile.SepSign = "  "
Main.MarkerModelStudy.MarkerModel.Markers.RTHI.MarkerPositionFile.LineSepSign = ""
Main.MarkerModelStudy.MarkerModel.Markers.RTHI.MarkerPositionFile.Header.TitleSectionOnOff = On
Main.MarkerModelStudy.MarkerModel.Markers.RTHI.MarkerPositionFile.Header.ConstSectionOnOff = On
Main.MarkerModelStudy.MarkerModel.Markers.RTHI.MarkerPositionFile.Header.VarSectionOnOff = On
Main.MarkerModelStudy.MarkerModel.Markers.RTHI.MarkerPositionFile.Header.ColumnNamesOnOff = On
Main.MarkerModelStudy.MarkerModel.Markers.RTHI.MarkerPositionFile.Header.LinePrefix = ""
Main.MarkerModelStudy.MarkerModel.Markers.RTHI.MarkerPositionFile.NumberFormat.Digits = 15
----------------------------------------------------------
Variables (Column# Name): 
col0  Main.MarkerModelStudy.t
col1  Main.MarkerModelStudy.MarkerModel.Markers.RTHI.MarkerPositionFile.px
col2  Main.MarkerModelStudy.MarkerModel.Markers.RTHI.MarkerPositionFile.py
col3  Main.MarkerModelStudy.MarkerModel.Markers.RTHI.MarkerPositionFile.pz
----------------------------------------------------------
Main.MarkerModelStudy.t  Main.MarkerModelStudy.MarkerModel.Markers.RTHI.MarkerPositionFile.px  Main.MarkerModelStudy.MarkerModel.Markers.RTHI.MarkerPositionFile.py  Main.MarkerModelStudy.MarkerModel.Markers.RTHI.MarkerPositionFile.pz
 2.691700000000000e+000  -1.686988800022691e+000  -5.010933633567122e-001   7.332782833566661e-001
 2.705340764331210e+000  -1.669888806061035e+000  -5.013010767898768e-001   7.323087135694957e-001
 2.718981528662420e+000  -1.653243130680643e+000  -5.014524591723963e-001   7.309387650843184e-001
 2.732622292993630e+000  -1.637161653165670e+000  -5.016398555858391e-001   7.288996483927763e-001
 2.746263057324840e+000  -1.621425589636412e+000  -5.020261380855523e-001   7.262072088212207e-001
 2.759903821656050e+000  -1.605747476843418e+000  -5.026847364928729e-001   7.230357202714012e-001
 2.773544585987260e+000  -1.589973088179719e+000  -5.035377574342678e-001   7.195782808872903e-001
 2.787185350318470e+000  -1.574097056415691e+000  -5.044472930754338e-001   7.160102046050485e-001
 2.800826114649680e+000  -1.558074638930878e+000  -5.053549529829536e-001   7.124659346215827e-001
 2.814466878980890e+000  -1.541733963270272e+000  -5.062794762709898e-001   7.090374956034576e-001
 2.828107643312100e+000  -1.524829503944191e+000  -5.072506641834434e-001   7.058593342686320e-001
 2.841748407643310e+000  -1.507204209716394e+000  -5.082626041423701e-001   7.030581003396506e-001
 2.855389171974520e+000  -1.488939730476539e+000  -5.091977866553212e-001   7.006475043287712e-001
 2.869029936305730e+000  -1.470379835651164e+000  -5.098096345407048e-001   6.985885508288880e-001
 2.882670700636940e+000  -1.451936574354622e+000  -5.098805406588407e-001   6.969047662586383e-001
 2.896311464968150e+000  -1.433707745437699e+000  -5.095449696273310e-001   6.958383502892441e-001
 2.909952229299360e+000  -1.415287387506128e+000  -5.094497427496469e-001   6.959610311914742e-001
 2.923592993630570e+000  -1.396132924766043e+000  -5.102958611026581e-001   6.978114018041418e-001
 2.937233757961780e+000  -1.376052418947307e+000  -5.123050418743436e-001   7.013673894316910e-001
 2.950874522292990e+000  -1.355395685407861e+000  -5.151810344769732e-001   7.060299761856970e-001
 2.964515286624200e+000  -1.335247992645596e+000  -5.182976683212446e-001   7.108484535360100e-001
 2.978156050955410e+000  -1.316844451150684e+000  -5.210681425765196e-001   7.148840336795497e-001
 2.991796815286619e+000  -1.300641329034177e+000  -5.232424765962850e-001   7.175936445141637e-001
 3.005437579617829e+000  -1.286364849502182e+000  -5.248337940667481e-001   7.188631878319438e-001
 3.019078343949039e+000  -1.273138366023312e+000  -5.260343506864316e-001   7.191138058691955e-001
 3.032719108280249e+000  -1.260411399596121e+000  -5.269297255852138e-001   7.189264538052547e-001
 3.046359872611459e+000  -1.248650737805395e+000  -5.272691989688756e-001   7.185176638405368e-001
 3.060000636942669e+000  -1.238444398847321e+000  -5.267353221246900e-001   7.178613266120657e-001
 3.073641401273879e+000  -1.229271711415430e+000  -5.254950655054279e-001   7.170794525943419e-001
 3.087282165605089e+000  -1.219784182227941e+000  -5.241777301113664e-001   7.164853285123263e-001
 3.100922929936299e+000  -1.208999472116244e+000  -5.233544269604233e-001   7.163325253738435e-001
 3.114563694267509e+000  -1.196745646352731e+000  -5.233054843394545e-001   7.167061359889801e-001
 3.128204458598719e+000  -1.183473150871238e+000  -5.240709729592527e-001   7.175625462427895e-001
 3.141845222929929e+000  -1.169909238217536e+000  -5.255660017707263e-001   7.188008309934559e-001
 3.155485987261139e+000  -1.156758410100125e+000  -5.276448499959151e-001   7.203023317751640e-001
 3.169126751592349e+000  -1.144466111743355e+000  -5.300845985239685e-001   7.219168056742694e-001
 3.182767515923559e+000  -1.133072470634170e+000  -5.325097406825784e-001   7.233942056585113e-001
 3.196408280254769e+000  -1.122262457860612e+000  -5.344042501403123e-001   7.243550331646630e-001
 3.210049044585979e+000  -1.111684640561470e+000  -5.355018773960362e-001   7.245658347323112e-001
 3.223689808917189e+000  -1.101221625852436e+000  -5.360427050164222e-001   7.242015445750295e-001
 3.237330573248399e+000  -1.090905271938648e+000  -5.363599041801159e-001   7.235523942142785e-001
 3.250971337579609e+000  -1.080709352047628e+000  -5.365866240949350e-001   7.227643821468746e-001
 3.264612101910819e+000  -1.070483047568395e+000  -5.366950698559017e-001   7.219013472979466e-001
 3.278252866242029e+000  -1.060080509582636e+000  -5.366181286427811e-001   7.210047591119838e-001
 3.291893630573239e+000  -1.049480172301658e+000  -5.363494699849603e-001   7.201170948250408e-001
 3.305534394904449e+000  -1.038719328501187e+000  -5.359190516917314e-001   7.192459082672496e-001
 3.319175159235659e+000  -1.027789575358700e+000  -5.353370154697474e-001   7.183596641140011e-001
 3.332815923566869e+000  -1.016643821395423e+000  -5.346758117166579e-001   7.174987670439322e-001
 3.346456687898079e+000  -1.005221756965292e+000  -5.340287332846769e-001   7.167435371114669e-001
 3.360097452229289e+000  -9.934359302715560e-001  -5.334483375400680e-001   7.161278400746509e-001
 3.373738216560499e+000  -9.811804073488124e-001  -5.329569947777024e-001   7.156307302505118e-001
 3.387378980891709e+000  -9.683394387443534e-001  -5.325059565688610e-001   7.152214873566722e-001
 3.401019745222919e+000  -9.547810643336894e-001  -5.319634926536058e-001   7.148093614126705e-001
 3.414660509554129e+000  -9.403760302099367e-001  -5.311629391443058e-001   7.141871258826653e-001
 3.428301273885339e+000  -9.250230223176656e-001  -5.299791491545868e-001   7.131746958893024e-001
 3.441942038216549e+000  -9.086623271511101e-001  -5.284205326903080e-001   7.117637049893962e-001
 3.455582802547759e+000  -8.912783125189938e-001  -5.266310761243802e-001   7.101008484173337e-001
 3.469223566878969e+000  -8.728463009444016e-001  -5.247317663440224e-001   7.083374829408280e-001
 3.482864331210179e+000  -8.533374280378481e-001  -5.227560396933426e-001   7.065445662717999e-001
 3.496505095541389e+000  -8.327710933768097e-001  -5.207390658319722e-001   7.047185547654618e-001
 3.510145859872599e+000  -8.112276605837456e-001  -5.187603921694809e-001   7.027982536573358e-001
 3.523786624203809e+000  -7.888120569620704e-001  -5.168659218219132e-001   7.007014658976353e-001
 3.537427388535019e+000  -7.656091304661877e-001  -5.150092562194880e-001   6.983828822316160e-001
 3.551068152866229e+000  -7.417242821464409e-001  -5.131351189509722e-001   6.959137460647241e-001
 3.564708917197438e+000  -7.173549681891106e-001  -5.112752495418935e-001   6.935156925713515e-001
 3.578349681528648e+000  -6.928123820096528e-001  -5.094782528453042e-001   6.914577549379983e-001
 3.591990445859858e+000  -6.684320319211193e-001  -5.077874862377690e-001   6.899945422474060e-001
 3.605631210191068e+000  -6.443955275069226e-001  -5.062820530918201e-001   6.893664758661950e-001
 3.619271974522278e+000  -6.206691930848006e-001  -5.050007771324224e-001   6.897089036164279e-001
 3.632912738853488e+000  -5.970505197680048e-001  -5.037919695492956e-001   6.909591188279604e-001
 3.646553503184698e+000  -5.732478952126340e-001  -5.022776366645172e-001   6.929151483094511e-001
 3.660194267515908e+000  -5.490453719433330e-001  -5.000236425806731e-001   6.953864787053860e-001
 3.673835031847118e+000  -5.244820550323602e-001  -4.968393485092111e-001   6.982521365151566e-001
 3.687475796178328e+000  -5.001258039006298e-001  -4.934342604014761e-001   7.016140582069377e-001
 3.701116560509538e+000  -4.771839054739541e-001  -4.917836734168949e-001   7.058569685228121e-001
 3.714757324840748e+000  -4.564976010402886e-001  -4.931998231967344e-001   7.111167996706463e-001
 3.728398089171958e+000  -4.374717905558617e-001  -4.964718343341353e-001   7.168341166774543e-001
 3.742038853503168e+000  -4.187160741030080e-001  -4.994146933862813e-001   7.220672823919537e-001
 3.755679617834378e+000  -3.993257889910917e-001  -5.008967877100544e-001   7.261877519851828e-001
 3.769320382165588e+000  -3.794116816335604e-001  -5.010876180721345e-001   7.292790703995326e-001
 3.782961146496798e+000  -3.596595028687399e-001  -5.006862375472804e-001   7.316823859838955e-001
 3.796601910828008e+000  -3.406740699849679e-001  -5.003131900333606e-001   7.334284014310741e-001
 3.810242675159218e+000  -3.227121987954461e-001  -5.003146619571409e-001   7.343612534110162e-001
 3.823883439490428e+000  -3.057171829495377e-001  -5.007128748575154e-001   7.343978622845583e-001
 3.837524203821638e+000  -2.894926262655772e-001  -5.013887259904148e-001   7.335624933658479e-001
 3.851164968152848e+000  -2.738297362733705e-001  -5.022379458287306e-001   7.319129740964351e-001
 3.864805732484058e+000  -2.585444449847656e-001  -5.031356864557186e-001   7.295046392441755e-001
 3.878446496815268e+000  -2.434860510894793e-001  -5.039372163992872e-001   7.264107943907848e-001
 3.892087261146478e+000  -2.284972779353918e-001  -5.044982279820305e-001   7.227321777895455e-001
 3.905728025477688e+000  -2.133667011127902e-001  -5.046641928288068e-001   7.186188473558568e-001
 3.919368789808898e+000  -1.978390762057742e-001  -5.043809533200691e-001   7.143144066808027e-001
 3.933009554140108e+000  -1.816472878036530e-001  -5.038415148442097e-001   7.101818264754859e-001
 3.946650318471318e+000  -1.645896768673697e-001  -5.034081697788541e-001   7.066071357965821e-001
 3.960291082802528e+000  -1.466304646818418e-001  -5.033406514470501e-001   7.037911925296195e-001
 3.973931847133738e+000  -1.278524129577919e-001  -5.036591053669732e-001   7.016744899683480e-001
 3.987572611464948e+000  -1.083506669819946e-001  -5.042424478554588e-001   7.000855981520709e-001
 4.001213375796158e+000  -8.822774812576698e-002  -5.049655664218770e-001   6.988497054833797e-001
 4.014854140127368e+000  -6.763146771428238e-002  -5.057605121741995e-001   6.978467880185353e-001
 4.028494904458579e+000  -4.677734623193346e-002  -5.066400178210697e-001   6.971429956225290e-001
 4.042135668789789e+000  -2.593692868262245e-002  -5.076934950817876e-001   6.970326489879409e-001
 4.055776433120999e+000  -5.334037540372604e-003  -5.090477591425067e-001   6.978884652960751e-001
 4.069417197452210e+000   1.494164576875724e-002  -5.108072482682564e-001   6.999174186431733e-001
 4.083057961783420e+000   3.486962759371988e-002  -5.129555423936716e-001   7.029368821947108e-001
 4.096698726114631e+000   5.431887180220367e-002  -5.153463778940671e-001   7.064115955619169e-001
 4.110339490445841e+000   7.301199011415085e-002  -5.178131884031230e-001   7.098475193826190e-001
 4.123980254777051e+000   9.064285043089074e-002  -5.201655716786842e-001   7.130159410915945e-001
 4.137621019108262e+000   1.069645412576942e-001  -5.222051777588601e-001   7.156928047265928e-001
 4.151261783439472e+000   1.219750769923935e-001  -5.237177221687199e-001   7.175102070443625e-001
 4.164902547770683e+000   1.360015635527898e-001  -5.244408742046496e-001   7.181863795951335e-001
 4.178543312101893e+000   1.494446673600794e-001  -5.242490335548586e-001   7.178309174312424e-001
 4.192184076433104e+000   1.624889525816583e-001  -5.233806663484556e-001   7.169569264688901e-001
 4.205824840764314e+000   1.749736747602817e-001  -5.224622811243550e-001   7.162388894769490e-001
 4.219465605095524e+000   1.865543098827106e-001  -5.222033657811147e-001   7.162338897363451e-001
 4.233106369426735e+000   1.970581267500419e-001  -5.229583040946475e-001   7.171280896850675e-001
 4.246747133757945e+000   2.066362596921356e-001  -5.245733012916477e-001   7.187139362318921e-001
 4.260387898089156e+000   2.156510066327619e-001  -5.265247212439369e-001   7.205701045932532e-001
 4.274028662420366e+000   2.244724623640700e-001  -5.281981834527711e-001   7.222879914774431e-001
 4.287669426751577e+000   2.333163978085923e-001  -5.292454916590695e-001   7.236710241761417e-001
 4.301310191082787e+000   2.421955847553396e-001  -5.298013815031841e-001   7.248495683677018e-001
 4.314950955413997e+000   2.510544699591431e-001  -5.301972113018169e-001   7.260374235887024e-001
 4.328591719745208e+000   2.599568749629280e-001  -5.305142697360524e-001   7.271469772857950e-001
 4.342232484076418e+000   2.690572781814493e-001  -5.306046033728967e-001   7.279191881830245e-001
 4.355873248407629e+000   2.783772392982848e-001  -5.304688694161339e-001   7.282821846510553e-001
 4.369514012738839e+000   2.878192300977421e-001  -5.302731906625832e-001   7.283517594996883e-001
 4.383154777070049e+000   2.973327729621585e-001  -5.300712504780178e-001   7.282264509731036e-001
 4.396795541401260e+000   3.069178800450717e-001  -5.297875777325612e-001   7.279346005731270e-001
 4.410436305732470e+000   3.165671429226731e-001  -5.294315569673558e-001   7.274929307164596e-001
 4.424077070063681e+000   3.262982040786446e-001  -5.290602041139634e-001   7.269174155462040e-001
 4.437717834394891e+000   3.361268964192609e-001  -5.287157570380006e-001   7.262500911922507e-001
 4.451358598726102e+000   3.460499615111761e-001  -5.283985249931145e-001   7.255113191925672e-001
 4.464999363057312e+000   3.560910356720995e-001  -5.280778541274526e-001   7.246975996444292e-001
 4.478640127388522e+000   3.663142683741083e-001  -5.277504777557347e-001   7.238379443941414e-001
 4.492280891719733e+000   3.768147032706507e-001  -5.274383411424447e-001   7.230177141323142e-001
 4.505921656050943e+000   3.877074913108994e-001  -5.271708142384355e-001   7.223313289297482e-001
 4.519562420382154e+000   3.991068935652621e-001  -5.269207092986570e-001   7.217687065676373e-001
 4.533203184713364e+000   4.111475010946190e-001  -5.265613112786062e-001   7.211850967603483e-001
 4.546843949044575e+000   4.239686732414632e-001  -5.259603549217088e-001   7.204299304228166e-001
 4.560484713375785e+000   4.376422839813486e-001  -5.250807805589542e-001   7.194804253261414e-001
 4.574125477706995e+000   4.521569632282622e-001  -5.239816533848901e-001   7.184411994804761e-001
 4.587766242038206e+000   4.674757218092107e-001  -5.227437582229639e-001   7.174150473190676e-001
 4.601407006369416e+000   4.836051296386276e-001  -5.214060727797683e-001   7.163969473579885e-001
 4.615047770700627e+000   5.006207122333939e-001  -5.199329280923783e-001   7.153227694929711e-001
 4.628688535031837e+000   5.186292877170173e-001  -5.182478913239850e-001   7.141796945849119e-001
 4.642329299363047e+000   5.376892948878499e-001  -5.163143256167230e-001   7.129885068306032e-001
 4.655970063694258e+000   5.577695114623880e-001  -5.141916889381470e-001   7.117647797515019e-001
 4.669610828025468e+000   5.787844439821703e-001  -5.120158444972888e-001   7.104832929770580e-001
 4.683251592356679e+000   6.006377488107304e-001  -5.099472307175942e-001   7.090779526486506e-001
 4.696892356687889e+000   6.231896212009643e-001  -5.080994629633662e-001   7.075204458274913e-001
 4.710533121019100e+000   6.461777297473418e-001  -5.064686951029220e-001   7.059244017937075e-001
 4.724173885350310e+000   6.692013530769683e-001  -5.049921530276375e-001   7.045687419991942e-001
 4.737814649681520e+000   6.918836924494382e-001  -5.036394570812478e-001   7.036623514570329e-001
 4.751455414012731e+000   7.140639576192270e-001  -5.023561299619126e-001   7.031607395535292e-001
 4.765096178343941e+000   7.357361298824405e-001  -5.010246166876132e-001   7.030385875583530e-001
 4.778736942675152e+000   7.571621989996660e-001  -4.996211205306343e-001   7.033158989977968e-001
 4.792377707006362e+000   7.791269406965479e-001  -4.984028043828340e-001   7.041394898686997e-001
 4.806018471337572e+000   8.029436883631410e-001  -4.980589834725218e-001   7.062886874159924e-001
 4.819659235668783e+000   8.301767198857136e-001  -4.996807452621878e-001   7.115214544952633e-001
 4.833299999999993e+000   8.618598020189550e-001  -5.041865995068555e-001   7.217419999210897e-001
