---- AnyBody Output File ---------------------------------
Study: Main.MarkerModelStudy
Operation: Main.MarkerModelStudy.KinematicAnalysis
----------------------------------------------------------
Constants (Name = Value): 
Main.MarkerModelStudy.MarkerModel.Markers.RTOE.MarkerPositionFile.FileName = "RTOE.txt"
Main.MarkerModelStudy.MarkerModel.Markers.RTOE.MarkerPositionFile.Search = 
Main.MarkerModelStudy.MarkerModel.Markers.RTOE.MarkerPositionFile.SepSign = "  "
Main.MarkerModelStudy.MarkerModel.Markers.RTOE.MarkerPositionFile.LineSepSign = ""
Main.MarkerModelStudy.MarkerModel.Markers.RTOE.MarkerPositionFile.Header.TitleSectionOnOff = On
Main.MarkerModelStudy.MarkerModel.Markers.RTOE.MarkerPositionFile.Header.ConstSectionOnOff = On
Main.MarkerModelStudy.MarkerModel.Markers.RTOE.MarkerPositionFile.Header.VarSectionOnOff = On
Main.MarkerModelStudy.MarkerModel.Markers.RTOE.MarkerPositionFile.Header.ColumnNamesOnOff = On
Main.MarkerModelStudy.MarkerModel.Markers.RTOE.MarkerPositionFile.Header.LinePrefix = ""
Main.MarkerModelStudy.MarkerModel.Markers.RTOE.MarkerPositionFile.NumberFormat.Digits = 15
----------------------------------------------------------
Variables (Column# Name): 
col0  Main.MarkerModelStudy.t
col1  Main.MarkerModelStudy.MarkerModel.Markers.RTOE.MarkerPositionFile.px
col2  Main.MarkerModelStudy.MarkerModel.Markers.RTOE.MarkerPositionFile.py
col3  Main.MarkerModelStudy.MarkerModel.Markers.RTOE.MarkerPositionFile.pz
----------------------------------------------------------
Main.MarkerModelStudy.t  Main.MarkerModelStudy.MarkerModel.Markers.RTOE.MarkerPositionFile.px  Main.MarkerModelStudy.MarkerModel.Markers.RTOE.MarkerPositionFile.py  Main.MarkerModelStudy.MarkerModel.Markers.RTOE.MarkerPositionFile.pz
 2.691700000000000e+000  -1.589995417834459e+000  -4.156433402055119e-001   6.635958522654994e-002
 2.705340764331210e+000  -1.534030168574393e+000  -4.166493641861102e-001   6.405240761211113e-002
 2.718981528662420e+000  -1.478899960957901e+000  -4.172593454569193e-001   6.257075060719203e-002
 2.732622292993630e+000  -1.425261429843142e+000  -4.172305246985456e-001   6.273874961751931e-002
 2.746263057324840e+000  -1.373584599768606e+000  -4.166432232147207e-001   6.504323983887358e-002
 2.759903821656050e+000  -1.324412069957213e+000  -4.157561305227518e-001   6.957636785100463e-002
 2.773544585987260e+000  -1.278341758585186e+000  -4.148310577875379e-001   7.598302516389625e-002
 2.787185350318470e+000  -1.235966792357991e+000  -4.140329542143936e-001   8.356575829583388e-002
 2.800826114649680e+000  -1.197816268616602e+000  -4.133567443484083e-001   9.144637443806797e-002
 2.814466878980890e+000  -1.164324090884376e+000  -4.126072979831611e-001   9.863096231301226e-002
 2.828107643312100e+000  -1.135782738039518e+000  -4.114893849479784e-001   1.039951643355369e-001
 2.841748407643310e+000  -1.112265521378580e+000  -4.097475003447161e-001   1.063468984854143e-001
 2.855389171974520e+000  -1.093560370167789e+000  -4.073121713816362e-001   1.046196443770784e-001
 2.869029936305730e+000  -1.079101881352677e+000  -4.044289590263094e-001   9.824881050542762e-002
 2.882670700636940e+000  -1.068035580422935e+000  -4.016386985322465e-001   8.778443641385926e-002
 2.896311464968150e+000  -1.059536763999611e+000  -3.995303031171559e-001   7.529624118619316e-002
 2.909952229299360e+000  -1.053101431057557e+000  -3.983853374115623e-001   6.358439812359255e-002
 2.923592993630570e+000  -1.048472095900058e+000  -3.979984119752043e-001   5.466878182851596e-002
 2.937233757961780e+000  -1.045416004475882e+000  -3.978533558210903e-001   4.914004570754862e-002
 2.950874522292990e+000  -1.043592693088630e+000  -3.976278670162830e-001   4.641973763791366e-002
 2.964515286624200e+000  -1.042572221857767e+000  -3.973997196508663e-001   4.540306774028422e-002
 2.978156050955410e+000  -1.041974122038312e+000  -3.972925604908065e-001   4.513384134003645e-002
 2.991796815286619e+000  -1.041568186318324e+000  -3.972550182096389e-001   4.509112773348220e-002
 3.005437579617829e+000  -1.041255946840203e+000  -3.972105556175219e-001   4.509069831023948e-002
 3.019078343949039e+000  -1.041016804382299e+000  -3.971525030358066e-001   4.508865744382572e-002
 3.032719108280249e+000  -1.040850200923897e+000  -3.971037208368667e-001   4.508684240925305e-002
 3.046359872611459e+000  -1.040736474935801e+000  -3.970763336419138e-001   4.508589211403990e-002
 3.060000636942669e+000  -1.040644313035586e+000  -3.970770785855748e-001   4.505352186801286e-002
 3.073641401273879e+000  -1.040547317782407e+000  -3.971256747359633e-001   4.495148545681917e-002
 3.087282165605089e+000  -1.040427091026198e+000  -3.972472399388814e-001   4.476754081316198e-002
 3.100922929936299e+000  -1.040284125406313e+000  -3.974441831432874e-001   4.452383384731181e-002
 3.114563694267509e+000  -1.040145508327961e+000  -3.976759434812957e-001   4.427754949970729e-002
 3.128204458598719e+000  -1.040040121197400e+000  -3.978825617924004e-001   4.408026986175605e-002
 3.141845222929929e+000  -1.039971326986129e+000  -3.980387124499129e-001   4.394592077776108e-002
 3.155485987261139e+000  -1.039922076095162e+000  -3.981625216404731e-001   4.386786302969335e-002
 3.169126751592349e+000  -1.039867993809140e+000  -3.982782976784897e-001   4.384073517545745e-002
 3.182767515923559e+000  -1.039790169364008e+000  -3.983819439709860e-001   4.386252654024050e-002
 3.196408280254769e+000  -1.039686277363376e+000  -3.984437118399221e-001   4.391306338658126e-002
 3.210049044585979e+000  -1.039587882905642e+000  -3.984646799818559e-001   4.395057925340390e-002
 3.223689808917189e+000  -1.039558280662544e+000  -3.985039000309238e-001   4.395146556735451e-002
 3.237330573248399e+000  -1.039616474249223e+000  -3.985719583341770e-001   4.391142748894586e-002
 3.250971337579609e+000  -1.039708525232975e+000  -3.985977717733462e-001   4.382975479641584e-002
 3.264612101910819e+000  -1.039760986513209e+000  -3.985689859303951e-001   4.372729947693083e-002
 3.278252866242029e+000  -1.039726282462941e+000  -3.985516851650058e-001   4.364375686502473e-002
 3.291893630573239e+000  -1.039635279344770e+000  -3.985709606090019e-001   4.359521086107782e-002
 3.305534394904449e+000  -1.039559520165412e+000  -3.986029121675175e-001   4.355698248506277e-002
 3.319175159235659e+000  -1.039527015330769e+000  -3.986314695795542e-001   4.348854594965630e-002
 3.332815923566869e+000  -1.039504062837100e+000  -3.986768720949022e-001   4.335858010886815e-002
 3.346456687898079e+000  -1.039417167396046e+000  -3.988119095009034e-001   4.315935185757505e-002
 3.360097452229289e+000  -1.039212148279265e+000  -3.990982969575994e-001   4.292191986830229e-002
 3.373738216560499e+000  -1.038876762284995e+000  -3.995229709321536e-001   4.270175466730322e-002
 3.387378980891709e+000  -1.038406831413751e+000  -4.000360843841834e-001   4.255314944487410e-002
 3.401019745222919e+000  -1.037801894538583e+000  -4.005982324963265e-001   4.251673434237520e-002
 3.414660509554129e+000  -1.037056572132868e+000  -4.011807968736185e-001   4.258480872803819e-002
 3.428301273885339e+000  -1.036138212901599e+000  -4.017501696134216e-001   4.267780145998455e-002
 3.441942038216549e+000  -1.035006756461054e+000  -4.022775451407715e-001   4.268291168740608e-002
 3.455582802547759e+000  -1.033642309988892e+000  -4.027357153402298e-001   4.251984499678960e-002
 3.469223566878969e+000  -1.032013937243657e+000  -4.030856956076760e-001   4.216104686210780e-002
 3.482864331210179e+000  -1.030038337165730e+000  -4.032941241884703e-001   4.160931510956341e-002
 3.496505095541389e+000  -1.027598872550575e+000  -4.033556634509112e-001   4.092856513168266e-002
 3.510145859872599e+000  -1.024549480990148e+000  -4.033195402703903e-001   4.037828162935706e-002
 3.523786624203809e+000  -1.020631566447782e+000  -4.033375348437702e-001   4.056299135759556e-002
 3.537427388535019e+000  -1.015389558261002e+000  -4.036330545184849e-001   4.234654779856916e-002
 3.551068152866229e+000  -1.008210786535513e+000  -4.043658696968750e-001   4.632136876358811e-002
 3.564708917197438e+000  -9.983517283206654e-001  -4.055575813450235e-001   5.231040457584382e-002
 3.578349681528648e+000  -9.847802276887824e-001  -4.071608997677935e-001   5.960210907806147e-002
 3.591990445859858e+000  -9.661512875487632e-001  -4.091543527972559e-001   6.757566894767715e-002
 3.605631210191068e+000  -9.412495053130617e-001  -4.114697247014945e-001   7.587447384240630e-002
 3.619271974522278e+000  -9.096729567305221e-001  -4.137739316292584e-001   8.409879458794142e-002
 3.632912738853488e+000  -8.722039398215414e-001  -4.155742571782920e-001   9.156097166189955e-002
 3.646553503184698e+000  -8.304583710064658e-001  -4.165464105822046e-001   9.746401743837715e-002
 3.660194267515908e+000  -7.860112349194859e-001  -4.165656555555258e-001   1.012637196250714e-001
 3.673835031847118e+000  -7.397611923754686e-001  -4.156761888467697e-001   1.028613416266595e-001
 3.687475796178328e+000  -6.919610195000924e-001  -4.141547615968900e-001   1.025238296273588e-001
 3.701116560509538e+000  -6.425999787123136e-001  -4.124579209321334e-001   1.006553667035346e-001
 3.714757324840748e+000  -5.916704468772726e-001  -4.110663250086528e-001   9.766177800002360e-002
 3.728398089171958e+000  -5.392734436407735e-001  -4.103263725425497e-001   9.392556937341444e-002
 3.742038853503168e+000  -4.856884096096796e-001  -4.103493769368004e-001   8.974223547766776e-002
 3.755679617834378e+000  -4.313145428420716e-001  -4.110144040585843e-001   8.531052264146066e-002
 3.769320382165588e+000  -3.764141031314453e-001  -4.120526620388766e-001   8.083605641125696e-002
 3.782961146496798e+000  -3.210038997736627e-001  -4.131718064861773e-001   7.659581169665664e-002
 3.796601910828008e+000  -2.650581265447418e-001  -4.141749160925340e-001   7.289498413444197e-002
 3.810242675159218e+000  -2.087230710061193e-001  -4.150571567451870e-001   7.002794218770862e-002
 3.823883439490428e+000  -1.523266675647048e-001  -4.159800599617720e-001   6.835807131698431e-002
 3.837524203821638e+000  -9.635157035635235e-002  -4.171058014678012e-001   6.837604428630867e-002
 3.851164968152848e+000  -4.148322277345042e-002  -4.184975252644346e-001   7.057598349563170e-002
 3.864805732484058e+000   1.142828945334867e-002  -4.201151557986410e-001   7.526741059688161e-002
 3.878446496815268e+000   6.154873918396849e-002  -4.217915694924881e-001   8.239122449049738e-002
 3.892087261146478e+000   1.081981735404047e-001  -4.232235664253740e-001   9.138295608373934e-002
 3.905728025477688e+000   1.508576480737850e-001  -4.240436697725055e-001   1.012565592079325e-001
 3.919368789808898e+000   1.891169135970822e-001  -4.239369092579066e-001   1.108619917137584e-001
 3.933009554140108e+000   2.226389099912181e-001  -4.227420416979482e-001   1.190829822210398e-001
 3.946650318471318e+000   2.511612672574423e-001  -4.204827995983091e-001   1.249049993135546e-001
 3.960291082802528e+000   2.745535829599105e-001  -4.172994431233651e-001   1.274816983406480e-001
 3.973931847133738e+000   2.929284430114138e-001  -4.133469573510524e-001   1.262716205424927e-001
 3.987572611464948e+000   3.067899961093702e-001  -4.087751610896769e-001   1.212013065788671e-001
 4.001213375796158e+000   3.171843999480522e-001  -4.038103938403783e-001   1.127516230123603e-001
 4.014854140127368e+000   3.256422141994289e-001  -3.988402494289424e-001   1.019299526898599e-001
 4.028494904458579e+000   3.335683090074039e-001  -3.943972483904436e-001   9.015360368063413e-002
 4.042135668789789e+000   3.412357344905999e-001  -3.909636463402836e-001   7.888394515685603e-002
 4.055776433120999e+000   3.478189791977511e-001  -3.887347768243734e-001   6.913453941466666e-002
 4.069417197452210e+000   3.526961480636351e-001  -3.875272522328471e-001   6.143870867675445e-002
 4.083057961783420e+000   3.560209858035401e-001  -3.868801697571936e-001   5.603225464212691e-002
 4.096698726114631e+000   3.582283559944782e-001  -3.863652112977731e-001   5.275010920847041e-002
 4.110339490445841e+000   3.596495690963034e-001  -3.858512160959483e-001   5.102238813120669e-002
 4.123980254777051e+000   3.605335802502174e-001  -3.854104116653154e-001   5.018126263962815e-002
 4.137621019108262e+000   3.610853622229558e-001  -3.850923848041219e-001   4.975011901381728e-002
 4.151261783439472e+000   3.614504965527223e-001  -3.848861314120970e-001   4.949135156020521e-002
 4.164902547770683e+000   3.617138759277140e-001  -3.847646132758117e-001   4.930937800439713e-002
 4.178543312101893e+000   3.619214822447723e-001  -3.847203867333540e-001   4.915632743320889e-002
 4.192184076433104e+000   3.620981245647917e-001  -3.847706894937737e-001   4.900308751392887e-002
 4.205824840764314e+000   3.622529171579701e-001  -3.849274047010812e-001   4.882930107558892e-002
 4.219465605095524e+000   3.624044210940419e-001  -3.851791687822903e-001   4.861783968931738e-002
 4.233106369426735e+000   3.625752701421391e-001  -3.854894304860219e-001   4.837336293662531e-002
 4.246747133757945e+000   3.627546654571255e-001  -3.858168829898325e-001   4.813271528288871e-002
 4.260387898089156e+000   3.629083392563927e-001  -3.861471845650961e-001   4.796042247526623e-002
 4.274028662420366e+000   3.630236801615866e-001  -3.864976172817022e-001   4.792003396019166e-002
 4.287669426751577e+000   3.631249571674581e-001  -3.868860098864323e-001   4.801991220759365e-002
 4.301310191082787e+000   3.632452279911718e-001  -3.872704502328836e-001   4.816233288441371e-002
 4.314950955413997e+000   3.633706805904295e-001  -3.875482122788075e-001   4.817137414805862e-002
 4.328591719745208e+000   3.634440120290969e-001  -3.876850235871658e-001   4.797450186698788e-002
 4.342232484076418e+000   3.634447042770376e-001  -3.877508564727636e-001   4.768447603520946e-002
 4.355873248407629e+000   3.633928800561507e-001  -3.877915354878436e-001   4.740177355134736e-002
 4.369514012738839e+000   3.633355046665615e-001  -3.878129620766467e-001   4.717135861863648e-002
 4.383154777070049e+000   3.633365814622297e-001  -3.878258252208247e-001   4.705822358761490e-002
 4.396795541401260e+000   3.634042608589254e-001  -3.878190452781504e-001   4.705803165902334e-002
 4.410436305732470e+000   3.634851433839398e-001  -3.877662859911011e-001   4.708593303837388e-002
 4.424077070063681e+000   3.635331370966943e-001  -3.876575585179877e-001   4.707530149946328e-002
 4.437717834394891e+000   3.635432684389688e-001  -3.875055972250146e-001   4.701334003482448e-002
 4.451358598726102e+000   3.635387059277529e-001  -3.873692731699858e-001   4.694220610407549e-002
 4.464999363057312e+000   3.635380869518594e-001  -3.873158490424699e-001   4.690903584690504e-002
 4.478640127388522e+000   3.635503544356354e-001  -3.873497519764260e-001   4.691294470265478e-002
 4.492280891719733e+000   3.635992090884160e-001  -3.874375836885307e-001   4.693344528125192e-002
 4.505921656050943e+000   3.637225328754636e-001  -3.875574379560635e-001   4.696361006407480e-002
 4.519562420382154e+000   3.639500644671533e-001  -3.877151194474817e-001   4.699389138117915e-002
 4.533203184713364e+000   3.642908836362848e-001  -3.879372748498836e-001   4.699651212866059e-002
 4.546843949044575e+000   3.647412238970464e-001  -3.882495978306711e-001   4.695695417747745e-002
 4.560484713375785e+000   3.653010533389002e-001  -3.886595412386798e-001   4.689773476478327e-002
 4.574125477706995e+000   3.659812089565013e-001  -3.891624769929749e-001   4.684934645760949e-002
 4.587766242038206e+000   3.668088053551801e-001  -3.897423271215855e-001   4.681263232857304e-002
 4.601407006369416e+000   3.678374351560492e-001  -3.903551447863128e-001   4.676131656535281e-002
 4.615047770700627e+000   3.691545260403274e-001  -3.909186504358722e-001   4.666898464438705e-002
 4.628688535031837e+000   3.708508282443652e-001  -3.913158784161389e-001   4.649604295641722e-002
 4.642329299363047e+000   3.729741551837849e-001  -3.914613210975587e-001   4.615864828669977e-002
 4.655970063694258e+000   3.755294500788294e-001  -3.913843655891193e-001   4.560132248433513e-002
 4.669610828025468e+000   3.785574587306355e-001  -3.912440373897934e-001   4.499435761116668e-002
 4.683251592356679e+000   3.823248931913739e-001  -3.912570776811760e-001   4.491372064935741e-002
 4.696892356687889e+000   3.874517122213444e-001  -3.915895883414235e-001   4.623662528760787e-002
 4.710533121019100e+000   3.947429618618273e-001  -3.923869604098974e-001   4.964376316523707e-002
 4.724173885350310e+000   4.049714415880613e-001  -3.938018050811109e-001   5.514349193377080e-002
 4.737814649681520e+000   4.189487301160922e-001  -3.958835407183952e-001   6.219473084250482e-002
 4.751455414012731e+000   4.375870847651699e-001  -3.985788456117009e-001   7.015522676118934e-002
 4.765096178343941e+000   4.615803301890804e-001  -4.017639568956986e-001   7.843279644788501e-002
 4.778736942675152e+000   4.910450471054002e-001  -4.051408628642344e-001   8.644490088340191e-002
 4.792377707006362e+000   5.256533820164693e-001  -4.083991320136721e-001   9.358285943242506e-002
 4.806018471337572e+000   5.653137113146727e-001  -4.115999541520362e-001   9.927615705742705e-002
 4.819659235668783e+000   6.108403459679132e-001  -4.152808946461547e-001   1.031819232324046e-001
 4.833299999999993e+000   6.634705651214138e-001  -4.200909020981399e-001   1.052923411679913e-001
