---- AnyBody Output File ---------------------------------
Study: Main.MarkerModelStudy
Operation: Main.MarkerModelStudy.KinematicAnalysis
----------------------------------------------------------
Constants (Name = Value): 
Main.MarkerModelStudy.MarkerModel.Markers.LASIS.MarkerPositionFile.FileName = "LASIS.txt"
Main.MarkerModelStudy.MarkerModel.Markers.LASIS.MarkerPositionFile.Search = 
Main.MarkerModelStudy.MarkerModel.Markers.LASIS.MarkerPositionFile.SepSign = "  "
Main.MarkerModelStudy.MarkerModel.Markers.LASIS.MarkerPositionFile.LineSepSign = ""
Main.MarkerModelStudy.MarkerModel.Markers.LASIS.MarkerPositionFile.Header.TitleSectionOnOff = On
Main.MarkerModelStudy.MarkerModel.Markers.LASIS.MarkerPositionFile.Header.ConstSectionOnOff = On
Main.MarkerModelStudy.MarkerModel.Markers.LASIS.MarkerPositionFile.Header.VarSectionOnOff = On
Main.MarkerModelStudy.MarkerModel.Markers.LASIS.MarkerPositionFile.Header.ColumnNamesOnOff = On
Main.MarkerModelStudy.MarkerModel.Markers.LASIS.MarkerPositionFile.Header.LinePrefix = ""
Main.MarkerModelStudy.MarkerModel.Markers.LASIS.MarkerPositionFile.NumberFormat.Digits = 15
----------------------------------------------------------
Variables (Column# Name): 
col0  Main.MarkerModelStudy.t
col1  Main.MarkerModelStudy.MarkerModel.Markers.LASIS.MarkerPositionFile.px
col2  Main.MarkerModelStudy.MarkerModel.Markers.LASIS.MarkerPositionFile.py
col3  Main.MarkerModelStudy.MarkerModel.Markers.LASIS.MarkerPositionFile.pz
----------------------------------------------------------
Main.MarkerModelStudy.t  Main.MarkerModelStudy.MarkerModel.Markers.LASIS.MarkerPositionFile.px  Main.MarkerModelStudy.MarkerModel.Markers.LASIS.MarkerPositionFile.py  Main.MarkerModelStudy.MarkerModel.Markers.LASIS.MarkerPositionFile.pz
 8.500000000000000e-001  -1.735038661105070e+000  -1.640817118477184e-001   9.545576748038214e-001
 8.521787709497206e-001  -1.714052973117153e+000  -1.640958028026631e-001   9.556048333828796e-001
 8.543575418994412e-001  -1.693094560268904e+000  -1.640381020337996e-001   9.567989661333097e-001
 8.565363128491619e-001  -1.672163262094274e+000  -1.639097836875656e-001   9.581248050086433e-001
 8.587150837988825e-001  -1.651257784828521e+000  -1.637135474048153e-001   9.595656305240976e-001
 8.608938547486031e-001  -1.630375906695380e+000  -1.634537048579732e-001   9.611034680767460e-001
 8.630726256983238e-001  -1.609514819332947e+000  -1.631358967090879e-001   9.627195138952676e-001
 8.652513966480444e-001  -1.588671266029254e+000  -1.627670664766866e-001   9.643943107504051e-001
 8.674301675977650e-001  -1.567841756868507e+000  -1.623553869446647e-001   9.661080671758882e-001
 8.696089385474857e-001  -1.547022760422702e+000  -1.619099693533621e-001   9.678409829077180e-001
 8.717877094972063e-001  -1.526210834383923e+000  -1.614408001743136e-001   9.695734935037169e-001
 8.739664804469269e-001  -1.505402829137386e+000  -1.609585625056257e-001   9.712866899501925e-001
 8.761452513966476e-001  -1.484595996027614e+000  -1.604744132316288e-001   9.729625261124454e-001
 8.783240223463682e-001  -1.463788163736990e+000  -1.599998865911949e-001   9.745841646552971e-001
 8.805027932960888e-001  -1.442977966556232e+000  -1.595466923216089e-001   9.761363549894813e-001
 8.826815642458095e-001  -1.422164861558981e+000  -1.591265555461585e-001   9.776054690560393e-001
 8.848603351955301e-001  -1.401349302739589e+000  -1.587510533986880e-001   9.789798834097224e-001
 8.870391061452507e-001  -1.380532690549479e+000  -1.584313694505539e-001   9.802501460362367e-001
 8.892178770949714e-001  -1.359717228453930e+000  -1.581781575078043e-001   9.814088907531122e-001
 8.913966480446920e-001  -1.338905924156746e+000  -1.580012492134200e-001   9.824512040744333e-001
 8.935754189944126e-001  -1.318102428824613e+000  -1.579093884669873e-001   9.833745771496236e-001
 8.957541899441333e-001  -1.297310931767998e+000  -1.579101087117921e-001   9.841787455982687e-001
 8.979329608938539e-001  -1.276536143461625e+000  -1.580092958449718e-001   9.848659305282863e-001
 9.001117318435745e-001  -1.255783201486998e+000  -1.582110538546373e-001   9.854404802013979e-001
 9.022905027932952e-001  -1.235057613410757e+000  -1.585176763599384e-001   9.859086370363490e-001
 9.044692737430158e-001  -1.214365227076279e+000  -1.589293222374785e-001   9.862784913207843e-001
 9.066480446927364e-001  -1.193712038824502e+000  -1.594442803608203e-001   9.865594686122932e-001
 9.088268156424570e-001  -1.173104080603855e+000  -1.600590708591810e-001   9.867620960203312e-001
 9.110055865921777e-001  -1.152547222088428e+000  -1.607684370116047e-001   9.868977485394839e-001
 9.131843575418983e-001  -1.132047061974509e+000  -1.615657534542624e-001   9.869782425282190e-001
 9.153631284916189e-001  -1.111608849961320e+000  -1.624431526360961e-001   9.870156445783662e-001
 9.175418994413396e-001  -1.091237351702204e+000  -1.633916790919215e-001   9.870219807566835e-001
 9.197206703910602e-001  -1.070936824935856e+000  -1.644016327123414e-001   9.870090334216756e-001
 9.218994413407808e-001  -1.050710940571351e+000  -1.654626947486431e-001   9.869881858478152e-001
 9.240782122905015e-001  -1.030562665249623e+000  -1.665641471319849e-001   9.869701862453867e-001
 9.262569832402221e-001  -1.010494322809739e+000  -1.676950983822232e-001   9.869650989666984e-001
 9.284357541899427e-001  -9.905075384858814e-001  -1.688446217633705e-001   9.869821589852357e-001
 9.306145251396634e-001  -9.706032227818385e-001  -1.700019837052285e-001   9.870296188281750e-001
 9.327932960893840e-001  -9.507816557184690e-001  -1.711567697590676e-001   9.871147916811636e-001
 9.349720670391046e-001  -9.310424324789443e-001  -1.722990560583342e-001   9.872439023230586e-001
 9.371508379888253e-001  -9.113844689009083e-001  -1.734195981178103e-001   9.874220074042940e-001
 9.393296089385459e-001  -8.918060861623927e-001  -1.745098647628463e-001   9.876530772104840e-001
 9.415083798882665e-001  -8.723049672994011e-001  -1.755622267072230e-001   9.879398417464924e-001
 9.436871508379872e-001  -8.528782098451179e-001  -1.765700495366291e-001   9.882838108509465e-001
 9.458659217877078e-001  -8.335223928610412e-001  -1.775276655667041e-001   9.886853922579126e-001
 9.480446927374284e-001  -8.142335383071300e-001  -1.784305541747705e-001   9.891437915082711e-001
 9.502234636871491e-001  -7.950071924800373e-001  -1.792753152258177e-001   9.896571607227582e-001
 9.524022346368697e-001  -7.758385136626274e-001  -1.800595993406084e-001   9.902227252512399e-001
 9.545810055865903e-001  -7.567223288475852e-001  -1.807822230222623e-001   9.908367661329230e-001
 9.567597765363110e-001  -7.376533066500502e-001  -1.814430074312861e-001   9.914948197424248e-001
 9.589385474860316e-001  -7.186260461102247e-001  -1.820426810619552e-001   9.921917882015034e-001
 9.611173184357522e-001  -6.996351957145478e-001  -1.825828727449441e-001   9.929220041812145e-001
 9.632960893854728e-001  -6.806755511530321e-001  -1.830658810298058e-001   9.936794264810389e-001
 9.654748603351935e-001  -6.617421141061082e-001  -1.834945763580070e-001   9.944577305544526e-001
 9.676536312849141e-001  -6.428302095759325e-001  -1.838723033258099e-001   9.952504256565177e-001
 9.698324022346347e-001  -6.239355093049259e-001  -1.842026945944711e-001   9.960510068922638e-001
 9.720111731843554e-001  -6.050540719150035e-001  -1.844895868730699e-001   9.968530452404325e-001
 9.741899441340760e-001  -5.861824162834564e-001  -1.847368859938133e-001   9.976503467384624e-001
 9.763687150837966e-001  -5.673174764226343e-001  -1.849484412550065e-001   9.984370235739072e-001
 9.785474860335173e-001  -5.484566201558040e-001  -1.851279570360681e-001   9.992075763244525e-001
 9.807262569832379e-001  -5.295976467672594e-001  -1.852788552918224e-001   9.999570048496239e-001
 9.829050279329585e-001  -5.107386952826544e-001  -1.854042414267473e-001   1.000680784251862e+000
 9.850837988826792e-001  -4.918782315172319e-001  -1.855068305822991e-001   1.001374919462994e+000
 9.872625698323998e-001  -4.730149951854989e-001  -1.855888881554415e-001   1.002035950373576e+000
 9.894413407821204e-001  -4.541479305085792e-001  -1.856522689281388e-001   1.002660855944900e+000
 9.916201117318411e-001  -4.352761665238801e-001  -1.856983737088745e-001   1.003247052210196e+000
 9.937988826815617e-001  -4.163989589412505e-001  -1.857281686011240e-001   1.003792309262995e+000
 9.959776536312823e-001  -3.975156401039624e-001  -1.857422530992214e-001   1.004294660955827e+000
 9.981564245810030e-001  -3.786255838394536e-001  -1.857408537971434e-001   1.004752368935711e+000
 1.000335195530724e+000  -3.597281506058186e-001  -1.857238994202619e-001   1.005163830467293e+000
 1.002513966480444e+000  -3.408226593101117e-001  -1.856910921043767e-001   1.005527518972557e+000
 1.004692737430165e+000  -3.219083456212442e-001  -1.856419470925791e-001   1.005841930892592e+000
 1.006871508379886e+000  -3.029843389397600e-001  -1.855758917900347e-001   1.006105525092271e+000
 1.009050279329607e+000  -2.840496630724272e-001  -1.854923219596723e-001   1.006316696372708e+000
 1.011229050279327e+000  -2.651032231325212e-001  -1.853906722977943e-001   1.006473729247482e+000
 1.013407821229048e+000  -2.461438335899693e-001  -1.852704753103104e-001   1.006574775272219e+000
 1.015586592178769e+000  -2.271702362317354e-001  -1.851313872226723e-001   1.006617840793736e+000
 1.017765363128490e+000  -2.081811204700758e-001  -1.849732406391063e-001   1.006600745359646e+000
 1.019944134078210e+000  -1.891751678387403e-001  -1.847960423112016e-001   1.006521127172270e+000
 1.022122905027931e+000  -1.701510806466313e-001  -1.845999766610379e-001   1.006376439389729e+000
 1.024301675977652e+000  -1.511076388639264e-001  -1.843854229094119e-001   1.006163929770363e+000
 1.026480446927373e+000  -1.320437319944431e-001  -1.841529214969059e-001   1.005880681201728e+000
 1.028659217877093e+000  -1.129583851989653e-001  -1.839031667126602e-001   1.005523628046932e+000
 1.030837988826814e+000  -9.385079918653620e-002  -1.836369922040783e-001   1.005089599132892e+000
 1.033016759776535e+000  -7.472034216225648e-002  -1.833553229622736e-001   1.004575394433077e+000
 1.035195530726256e+000  -5.556656820582212e-002  -1.830591537252036e-001   1.003977837093035e+000
 1.037374301675976e+000  -3.638924439033075e-002  -1.827495043377875e-001   1.003293872683154e+000
 1.039553072625697e+000  -1.718834286124047e-002  -1.824273824467938e-001   1.002520630766479e+000
 1.041731843575418e+000   2.035926814682468e-003  -1.820937525930560e-001   1.001655510637047e+000
 1.043910614525138e+000   2.128308151667906e-002  -1.817494919341289e-001   1.000696316012308e+000
 1.046089385474859e+000   4.055237676936854e-002  -1.813953774166512e-001   9.996413099765762e-001
 1.048268156424580e+000   5.984276474372945e-002  -1.810320557520415e-001   9.984893654814130e-001
 1.050446927374301e+000   7.915288398903433e-002  -1.806600289586254e-001   9.972401174535661e-001
 1.052625698324021e+000   9.848108823880357e-002  -1.802796644309181e-001   9.958939801489675e-001
 1.054804469273742e+000   1.178254140973675e-001  -1.798911763951666e-001   9.944523400705143e-001
 1.056983240223463e+000   1.371835947351575e-001  -1.794946268952603e-001   9.929176336345229e-001
 1.059162011173184e+000   1.565530937462359e-001  -1.790899342105149e-001   9.912933203531269e-001
 1.061340782122904e+000   1.759310938992012e-001  -1.786768505433223e-001   9.895840762122140e-001
 1.063519553072625e+000   1.953145925218233e-001  -1.782549728415485e-001   9.877957644218980e-001
 1.065698324022346e+000   2.147004901577553e-001  -1.778237552917057e-001   9.859353796789975e-001
 1.067877094972067e+000   2.340857236796726e-001  -1.773825006161054e-001   9.840111893563028e-001
 1.070055865921787e+000   2.534674623601982e-001  -1.769303934675548e-001   9.820325717570213e-001
 1.072234636871508e+000   2.728432301159171e-001  -1.764665277522522e-001   9.800099285637115e-001
 1.074413407821229e+000   2.922111686640273e-001  -1.759899505167462e-001   9.779546873181458e-001
 1.076592178770950e+000   3.115701676212078e-001  -1.754997643286333e-001   9.758790313120122e-001
 1.078770949720670e+000   3.309199807778256e-001  -1.749952054037586e-001   9.737957784418669e-001
 1.080949720670391e+000   3.502615010765388e-001  -1.744758183485753e-001   9.717182128403311e-001
 1.083128491620112e+000   3.695967564928268e-001  -1.739415712331936e-001   9.696598052117882e-001
 1.085307262569833e+000   3.889290206270186e-001  -1.733929724157490e-001   9.676340524218927e-001
 1.087486033519553e+000   4.082630194708323e-001  -1.728312886282909e-001   9.656541806365874e-001
 1.089664804469274e+000   4.276047985596007e-001  -1.722585695340194e-001   9.637329438387272e-001
 1.091843575418995e+000   4.469618114875379e-001  -1.716777728796395e-001   9.618824131195761e-001
 1.094022346368716e+000   4.663429611717216e-001  -1.710929124977209e-001   9.601136428400320e-001
 1.096201117318436e+000   4.857583429099942e-001  -1.705089596492700e-001   9.584365970608066e-001
 1.098379888268157e+000   5.052192399298654e-001  -1.699319246150426e-001   9.568598995574211e-001
 1.100558659217878e+000   5.247379212743863e-001  -1.693688164015327e-001   9.553906131165824e-001
 1.102737430167599e+000   5.443273456545293e-001  -1.688274450616474e-001   9.540343470273267e-001
 1.104916201117319e+000   5.640010174470574e-001  -1.683163924845199e-001   9.527950697420859e-001
 1.107094972067040e+000   5.837726317820310e-001  -1.678447985032725e-001   9.516751591417588e-001
 1.109273743016761e+000   6.036558068943951e-001  -1.674221559631982e-001   9.506756098320613e-001
 1.111452513966482e+000   6.236637588034548e-001  -1.670581554903196e-001   9.497959570731799e-001
 1.113631284916202e+000   6.438088823027194e-001  -1.667623930928305e-001   9.490344742691129e-001
 1.115810055865923e+000   6.641025395745800e-001  -1.665441841526638e-001   9.483883636828824e-001
 1.117988826815644e+000   6.845545468733782e-001  -1.664122480445466e-001   9.478537628455761e-001
 1.120167597765365e+000   7.051728244977749e-001  -1.663743973370200e-001   9.474259824456428e-001
 1.122346368715085e+000   7.259632408017517e-001  -1.664373799694938e-001   9.470996462334818e-001
 1.124525139664806e+000   7.469289865797182e-001  -1.666064391901050e-001   9.468687524318528e-001
 1.126703910614527e+000   7.680706286176368e-001  -1.668852342913322e-001   9.467268753917231e-001
 1.128882681564247e+000   7.893861512854076e-001  -1.672757968670609e-001   9.466672707593828e-001
 1.131061452513968e+000   8.108707205736021e-001  -1.677782579492009e-001   9.466830020922137e-001
 1.133240223463689e+000   8.325171074671213e-001  -1.683910174205182e-001   9.467671240803248e-001
 1.135418994413410e+000   8.543157558679970e-001  -1.691107202821573e-001   9.469127892207251e-001
 1.137597765363130e+000   8.762546693927116e-001  -1.699320550701308e-001   9.471134421321804e-001
 1.139776536312851e+000   8.983198401780510e-001  -1.708480038604003e-001   9.473629289987241e-001
 1.141955307262572e+000   9.204953139364541e-001  -1.718498238257214e-001   9.476556057288358e-001
 1.144134078212293e+000   9.427633336073611e-001  -1.729270324209488e-001   9.479865188121153e-001
 1.146312849162013e+000   9.651048421429891e-001  -1.740677591567206e-001   9.483513887264592e-001
 1.148491620111734e+000   9.874996526263212e-001  -1.752587949947375e-001   9.487466877459075e-001
 1.150670391061455e+000   1.009926841165130e+000  -1.764857915603325e-001   9.491696855019374e-001
 1.152849162011176e+000   1.032365160830265e+000  -1.777336136319739e-001   9.496183256521977e-001
 1.155027932960896e+000   1.054793321417049e+000  -1.789864892428178e-001   9.500912451823108e-001
 1.157206703910617e+000   1.077190451428325e+000  -1.802283646081663e-001   9.505877065344410e-001
 1.159385474860338e+000   1.099536340549870e+000  -1.814431926481041e-001   9.511074793598385e-001
 1.161564245810059e+000   1.121811808379758e+000  -1.826152168658503e-001   9.516508389775163e-001
 1.163743016759779e+000   1.143999061971003e+000  -1.837293689804957e-001   9.522184977134485e-001
 1.165921787709500e+000   1.166081765752301e+000  -1.847714491053309e-001   9.528115324391274e-001
 1.168100558659221e+000   1.188045440205039e+000  -1.857285244740357e-001   9.534313888535747e-001
 1.170279329608942e+000   1.209877597231532e+000  -1.865892107112698e-001   9.540798186453274e-001
 1.172458100558662e+000   1.231567688969956e+000  -1.873437361663470e-001   9.547588261367686e-001
 1.174636871508383e+000   1.253107454076314e+000  -1.879843712784014e-001   9.554706527769116e-001
 1.176815642458104e+000   1.274490782715511e+000  -1.885054525796612e-001   9.562176926862565e-001
 1.178994413407825e+000   1.295713587070656e+000  -1.889033334737888e-001   9.570024349664171e-001
 1.181173184357545e+000   1.316773975887018e+000  -1.891766679415605e-001   9.578273877964636e-001
 1.183351955307266e+000   1.337671901028802e+000  -1.893261214857603e-001   9.586949703427994e-001
 1.185530726256987e+000   1.358409005898727e+000  -1.893542454597479e-001   9.596074453035034e-001
 1.187709497206708e+000   1.378988608976207e+000  -1.892655103074926e-001   9.605667799157883e-001
 1.189888268156428e+000   1.399415322282791e+000  -1.890658812661423e-001   9.615745724915108e-001
 1.192067039106149e+000   1.419694930086992e+000  -1.887626791703849e-001   9.626319846288834e-001
 1.194245810055870e+000   1.439834279088679e+000  -1.883644396162375e-001   9.637395957660686e-001
 1.196424581005591e+000   1.459840962477747e+000  -1.878805439564423e-001   9.648974079361877e-001
 1.198603351955311e+000   1.479723207585576e+000  -1.873210890441618e-001   9.661047873324750e-001
 1.200782122905032e+000   1.499489685471795e+000  -1.866966777730670e-001   9.673603781972493e-001
 1.202960893854753e+000   1.519149301058131e+000  -1.860181865526279e-001   9.686621876133403e-001
 1.205139664804473e+000   1.538711086356464e+000  -1.852966470205927e-001   9.700075529252427e-001
 1.207318435754194e+000   1.558184037131162e+000  -1.845430540854259e-001   9.713931535360785e-001
 1.209497206703915e+000   1.577577023074037e+000  -1.837682446041516e-001   9.728151359832814e-001
 1.211675977653636e+000   1.596898695469593e+000  -1.829827684224611e-001   9.742691209773560e-001
 1.213854748603356e+000   1.616157392925904e+000  -1.821967270010468e-001   9.757502983732144e-001
 1.216033519553077e+000   1.635361136061297e+000  -1.814197300041201e-001   9.772535464416278e-001
 1.218212290502798e+000   1.654517560184799e+000  -1.806607489703386e-001   9.787734823306045e-001
 1.220391061452519e+000   1.673633907461225e+000  -1.799280206284854e-001   9.803045817909982e-001
 1.222569832402239e+000   1.692717072007710e+000  -1.792290573786011e-001   9.818412619065722e-001
 1.224748603351960e+000   1.711773581051941e+000  -1.785704978005852e-001   9.833779624478443e-001
 1.226927374301681e+000   1.730809676394875e+000  -1.779580942860374e-001   9.849092504345947e-001
 1.229106145251402e+000   1.749831389963467e+000  -1.773967554051078e-001   9.864298685867446e-001
 1.231284916201122e+000   1.768844609451565e+000  -1.768904232829332e-001   9.879348343296989e-001
 1.233463687150843e+000   1.787855221430514e+000  -1.764421587954871e-001   9.894194800607119e-001
 1.235642458100564e+000   1.806869203249485e+000  -1.760542045491391e-001   9.908794649511608e-001
 1.237821229050285e+000   1.825892791671699e+000  -1.757279359216399e-001   9.923108463920251e-001
 1.240000000000005e+000   1.844932634810992e+000  -1.754640261950046e-001   9.937100555419202e-001
