---- AnyBody Output File ---------------------------------
Study: Main.MarkerModelStudy
Operation: Main.MarkerModelStudy.KinematicAnalysis
----------------------------------------------------------
Constants (Name = Value): 
Main.MarkerModelStudy.MarkerModel.Markers.LFTM1.MarkerPositionFile.FileName = "LFTM1.txt"
Main.MarkerModelStudy.MarkerModel.Markers.LFTM1.MarkerPositionFile.Search = 
Main.MarkerModelStudy.MarkerModel.Markers.LFTM1.MarkerPositionFile.SepSign = "  "
Main.MarkerModelStudy.MarkerModel.Markers.LFTM1.MarkerPositionFile.LineSepSign = ""
Main.MarkerModelStudy.MarkerModel.Markers.LFTM1.MarkerPositionFile.Header.TitleSectionOnOff = On
Main.MarkerModelStudy.MarkerModel.Markers.LFTM1.MarkerPositionFile.Header.ConstSectionOnOff = On
Main.MarkerModelStudy.MarkerModel.Markers.LFTM1.MarkerPositionFile.Header.VarSectionOnOff = On
Main.MarkerModelStudy.MarkerModel.Markers.LFTM1.MarkerPositionFile.Header.ColumnNamesOnOff = On
Main.MarkerModelStudy.MarkerModel.Markers.LFTM1.MarkerPositionFile.Header.LinePrefix = ""
Main.MarkerModelStudy.MarkerModel.Markers.LFTM1.MarkerPositionFile.NumberFormat.Digits = 15
----------------------------------------------------------
Variables (Column# Name): 
col0  Main.MarkerModelStudy.t
col1  Main.MarkerModelStudy.MarkerModel.Markers.LFTM1.MarkerPositionFile.px
col2  Main.MarkerModelStudy.MarkerModel.Markers.LFTM1.MarkerPositionFile.py
col3  Main.MarkerModelStudy.MarkerModel.Markers.LFTM1.MarkerPositionFile.pz
----------------------------------------------------------
Main.MarkerModelStudy.t  Main.MarkerModelStudy.MarkerModel.Markers.LFTM1.MarkerPositionFile.px  Main.MarkerModelStudy.MarkerModel.Markers.LFTM1.MarkerPositionFile.py  Main.MarkerModelStudy.MarkerModel.Markers.LFTM1.MarkerPositionFile.pz
 8.500000000000000e-001  -1.799215390564890e+000  -1.635718852897280e-001   4.224682074923409e-001
 8.521787709497206e-001  -1.760972785646918e+000  -1.611786876513896e-001   4.154056495503493e-001
 8.543575418994412e-001  -1.722475913081289e+000  -1.588759346619733e-001   4.088748917386652e-001
 8.565363128491619e-001  -1.683756141159348e+000  -1.566738043140726e-001   4.028870528432493e-001
 8.587150837988825e-001  -1.644844305557964e+000  -1.545819076057975e-001   3.974491706510254e-001
 8.608938547486031e-001  -1.605770492854224e+000  -1.526091317889462e-001   3.925640021925091e-001
 8.630726256983238e-001  -1.566564037321745e+000  -1.507636374715030e-001   3.882307226103468e-001
 8.652513966480444e-001  -1.527253434464692e+000  -1.490527634806380e-001   3.844449390325848e-001
 8.674301675977650e-001  -1.487866219080632e+000  -1.474828576954500e-001   3.811987528190136e-001
 8.696089385474857e-001  -1.448429058222748e+000  -1.460593251165252e-001   3.784814355867830e-001
 8.717877094972063e-001  -1.408967683533687e+000  -1.447865135971399e-001   3.762794635971787e-001
 8.739664804469269e-001  -1.369506866446773e+000  -1.436676177947341e-001   3.745767791001329e-001
 8.761452513966476e-001  -1.330070556197662e+000  -1.427047947521697e-001   3.733553251581280e-001
 8.783240223463682e-001  -1.290681838513125e+000  -1.418990617417832e-001   3.725951004961428e-001
 8.805027932960888e-001  -1.251362988090898e+000  -1.412502930698499e-001   3.722744639180362e-001
 8.826815642458095e-001  -1.212135589215975e+000  -1.407573483353586e-001   3.723704893198329e-001
 8.848603351955301e-001  -1.173020503389789e+000  -1.404179776323171e-001   3.728590310991964e-001
 8.870391061452507e-001  -1.134037944829641e+000  -1.402288738932561e-001   3.737150122138399e-001
 8.892178770949714e-001  -1.095207574889916e+000  -1.401857862432952e-001   3.749126688016383e-001
 8.913966480446920e-001  -1.056548485832357e+000  -1.402834382079031e-001   3.764256824714425e-001
 8.935754189944126e-001  -1.018079288230670e+000  -1.405156335603506e-001   3.782274834731682e-001
 8.957541899441333e-001  -9.798181759377423e-001  -1.408753586951907e-001   3.802914339361393e-001
 8.979329608938539e-001  -9.417829218668844e-001  -1.413547491598988e-001   3.825910627675617e-001
 9.001117318435745e-001  -9.039909655862959e-001  -1.419452564599031e-001   3.851003017422949e-001
 9.022905027932952e-001  -8.664594628008733e-001  -1.426377470283053e-001   3.877936081673429e-001
 9.044692737430158e-001  -8.292053103695867e-001  -1.434225538478812e-001   3.906462405410888e-001
 9.066480446927364e-001  -7.922452316031209e-001  -1.442896585664844e-001   3.936343472859079e-001
 9.088268156424570e-001  -7.555958158112943e-001  -1.452287777995247e-001   3.967350395549587e-001
 9.110055865921777e-001  -7.192735660130343e-001  -1.462294720277647e-001   3.999266112149610e-001
 9.131843575418983e-001  -6.832949623945386e-001  -1.472812776660979e-001   4.031884436776216e-001
 9.153631284916189e-001  -6.476764953817071e-001  -1.483737804847945e-001   4.065010251644977e-001
 9.175418994413396e-001  -6.124347171276420e-001  -1.494967393010665e-001   4.098460054021289e-001
 9.197206703910602e-001  -5.775862522490269e-001  -1.506401465685608e-001   4.132059558049212e-001
 9.218994413407808e-001  -5.431478092236073e-001  -1.517942955981143e-001   4.165643133567344e-001
 9.240782122905015e-001  -5.091361851570452e-001  -1.529498842492617e-001   4.199052169600113e-001
 9.262569832402221e-001  -4.755682515718154e-001  -1.540980208752847e-001   4.232132184690735e-001
 9.284357541899427e-001  -4.424609589687231e-001  -1.552302982161358e-001   4.264731229580412e-001
 9.306145251396634e-001  -4.098313517383913e-001  -1.563388792837889e-001   4.296696567652366e-001
 9.327932960893840e-001  -3.776966182404618e-001  -1.574164824980149e-001   4.327872188112211e-001
 9.349720670391046e-001  -3.460741710440738e-001  -1.584564794388788e-001   4.358095941059885e-001
 9.371508379888253e-001  -3.149817452716692e-001  -1.594529476889777e-001   4.387195911561637e-001
 9.393296089385459e-001  -2.844372388478332e-001  -1.604005894182584e-001   4.414989787820343e-001
 9.415083798882665e-001  -2.544584885302000e-001  -1.612947702922212e-001   4.441282217904806e-001
 9.436871508379872e-001  -2.250624977711488e-001  -1.621313906164974e-001   4.465864851073748e-001
 9.458659217877078e-001  -1.962649468162770e-001  -1.629067735940669e-001   4.488517938552876e-001
 9.480446927374284e-001  -1.680792992589394e-001  -1.636176355029820e-001   4.509009931433559e-001
 9.502234636871491e-001  -1.405164446884555e-001  -1.642610403919663e-001   4.527099823467645e-001
 9.524022346368697e-001  -1.135848355336018e-001  -1.648343997708988e-001   4.542539090394259e-001
 9.545810055865903e-001  -8.729032199453700e-002  -1.653355713093130e-001   4.555073039535418e-001
 9.567597765363110e-001  -6.163670117642960e-002  -1.657629051311808e-001   4.564444991114784e-001
 9.589385474860316e-001  -3.662596259792755e-002  -1.661152645108030e-001   4.570398957872495e-001
 9.611173184357522e-001  -1.225830009524568e-002  -1.663921384099180e-001   4.572684327163707e-001
 9.632960893854728e-001   1.146755257853890e-002  -1.665935837754261e-001   4.571059791911749e-001
 9.654748603351935e-001   3.455421229633068e-002  -1.667202116794382e-001   4.565295977497841e-001
 9.676536312849141e-001   5.700563213362247e-002  -1.667732150128582e-001   4.555181179876306e-001
 9.698324022346347e-001   7.882681066731923e-002  -1.667542601438659e-001   4.540522728478189e-001
 9.720111731843554e-001   1.000237159823808e-001  -1.666654652282786e-001   4.521149479321794e-001
 9.741899441340760e-001   1.206032003793593e-001  -1.665093822952447e-001   4.496916911979659e-001
 9.763687150837966e-001   1.405727506200941e-001  -1.662888998975435e-001   4.467705887995979e-001
 9.785474860335173e-001   1.599404048770106e-001  -1.660072250020642e-001   4.433425149181725e-001
 9.807262569832379e-001   1.787145884967026e-001  -1.656678477671002e-001   4.394014566674722e-001
 9.829050279329585e-001   1.969039377981691e-001  -1.652744772790004e-001   4.349442098891914e-001
 9.850837988826792e-001   2.145172107262137e-001  -1.648310330182805e-001   4.299706244681047e-001
 9.872625698323998e-001   2.315631655427015e-001  -1.643416202353995e-001   4.244836954482669e-001
 9.894413407821204e-001   2.480504939048290e-001  -1.638104823417925e-001   4.184891528320004e-001
 9.916201117318411e-001   2.639877448204820e-001  -1.632419831577225e-001   4.119956421261674e-001
 9.937988826815617e-001   2.793831954454129e-001  -1.626405439507619e-001   4.050145376826986e-001
 9.959776536312823e-001   2.942447760229447e-001  -1.620105909243097e-001   3.975595421046746e-001
 9.981564245810030e-001   3.085799110454236e-001  -1.613564996549090e-001   3.896467911878696e-001
 1.000335195530724e+000   3.223954122645256e-001  -1.606825265746345e-001   3.812945903211574e-001
 1.002513966480444e+000   3.356974926933983e-001  -1.599927813753159e-001   3.725231473756027e-001
 1.004692737430165e+000   3.484916724870721e-001  -1.592911634705776e-001   3.633546953756049e-001
 1.006871508379886e+000   3.607829248524778e-001  -1.585813460445128e-001   3.538132823665671e-001
 1.009050279329607e+000   3.725759034237325e-001  -1.578668002634242e-001   3.439246095717452e-001
 1.011229050279327e+000   3.838752967976314e-001  -1.571508079226638e-001   3.337161552235893e-001
 1.013407821229048e+000   3.946864415936950e-001  -1.564365647753046e-001   3.232169316741562e-001
 1.015586592178769e+000   4.050155945266281e-001  -1.557272281082077e-001   3.124574070784210e-001
 1.017765363128490e+000   4.148704178067792e-001  -1.550259736423814e-001   3.014696738660080e-001
 1.019944134078210e+000   4.242598347772604e-001  -1.543360104791307e-001   2.902873729650492e-001
 1.022122905027931e+000   4.331939233089095e-001  -1.536605766349727e-001   2.789457505868614e-001
 1.024301675977652e+000   4.416836931009294e-001  -1.530029065326172e-001   2.674819471997232e-001
 1.026480446927373e+000   4.497402289533554e-001  -1.523660837012806e-001   2.559348407684008e-001
 1.028659217877093e+000   4.573740732829105e-001  -1.517528977262333e-001   2.443450843801041e-001
 1.030837988826814e+000   4.645939181027524e-001  -1.511654990680433e-001   2.327551297350167e-001
 1.033016759776535e+000   4.714064904768036e-001  -1.506053569843881e-001   2.212086540139453e-001
 1.035195530726256e+000   4.778164681167457e-001  -1.500732218317653e-001   2.097502899872732e-001
 1.037374301675976e+000   4.838272820799637e-001  -1.495693829196159e-001   1.984249808679354e-001
 1.039553072625697e+000   4.894420265781637e-001  -1.490940671835260e-001   1.872775079310549e-001
 1.041731843575418e+000   4.946640098110288e-001  -1.486477222267582e-001   1.763521209482050e-001
 1.043910614525138e+000   4.994970817050315e-001  -1.482313119100863e-001   1.656921024343001e-001
 1.046089385474859e+000   5.039454601524714e-001  -1.478462951639483e-001   1.553396273400991e-001
 1.048268156424580e+000   5.080136199276707e-001  -1.474946751533107e-001   1.453353895375794e-001
 1.050446927374301e+000   5.117062186982789e-001  -1.471789128906458e-001   1.357181262356177e-001
 1.052625698324021e+000   5.150282740029195e-001  -1.469018183840185e-001   1.265243752819542e-001
 1.054804469273742e+000   5.179855109361908e-001  -1.466665067090599e-001   1.177876593649690e-001
 1.056983240223463e+000   5.205848488856040e-001  -1.464762499307760e-001   1.095377025255827e-001
 1.059162011173184e+000   5.228346093650771e-001  -1.463343596778182e-001   1.018001198760426e-001
 1.061340782122904e+000   5.247451003248618e-001  -1.462440340795698e-001   9.459505303538442e-002
 1.063519553072625e+000   5.263290223515975e-001  -1.462081231809761e-001   8.793651286534300e-002
 1.065698324022346e+000   5.276016157719333e-001  -1.462289766388299e-001   8.183226496065227e-002
 1.067877094972067e+000   5.285813554889510e-001  -1.463081014738571e-001   7.628250101277996e-002
 1.070055865921787e+000   5.292896950571776e-001  -1.464459676097710e-001   7.128062907878367e-002
 1.072234636871508e+000   5.297507999567079e-001  -1.466419182023797e-001   6.681384392518316e-002
 1.074413407821229e+000   5.299913384344652e-001  -1.468938918414452e-001   6.286333667959003e-002
 1.076592178770950e+000   5.300393560293962e-001  -1.471985587733579e-001   5.940608133161984e-002
 1.078770949720670e+000   5.299236781189687e-001  -1.475513456882878e-001   5.641555490135246e-002
 1.080949720670391e+000   5.296729153469338e-001  -1.479463986311696e-001   5.386253740855816e-002
 1.083128491620112e+000   5.293148296054581e-001  -1.483768335418378e-001   5.171623205316760e-002
 1.085307262569833e+000   5.288759640152627e-001  -1.488347876578701e-001   4.994475263638677e-002
 1.087486033519553e+000   5.283812494455807e-001  -1.493114995363570e-001   4.851585879011654e-002
 1.089664804469274e+000   5.278541860272784e-001  -1.497976073622130e-001   4.739753318447670e-002
 1.091843575418995e+000   5.273167837577468e-001  -1.502832917508284e-001   4.655838780361148e-002
 1.094022346368716e+000   5.267895827994872e-001  -1.507586211222560e-001   4.596824782947061e-002
 1.096201117318436e+000   5.262919100951210e-001  -1.512138500772937e-001   4.559832363818486e-002
 1.098379888268157e+000   5.258418664156080e-001  -1.516396905613547e-001   4.542158559481204e-002
 1.100558659217878e+000   5.254564582364419e-001  -1.520276834708286e-001   4.541312817187861e-002
 1.102737430167599e+000   5.251518444243667e-001  -1.523702941438099e-001   4.555010385298030e-002
 1.104916201117319e+000   5.249433942422446e-001  -1.526611772522864e-001   4.581208504044998e-002
 1.107094972067040e+000   5.248459243651696e-001  -1.528953020942211e-001   4.618119181098030e-002
 1.109273743016761e+000   5.248738946541539e-001  -1.530688637678400e-001   4.664191727931052e-002
 1.111452513966482e+000   5.250415372371066e-001  -1.531794494128997e-001   4.718146901275992e-002
 1.113631284916202e+000   5.253630342382284e-001  -1.532259771989554e-001   4.778970986874703e-002
 1.115810055865923e+000   5.258526076517978e-001  -1.532085813055339e-001   4.845898348786457e-002
 1.117988826815644e+000   5.265246392745384e-001  -1.531287338562274e-001   4.918445620624202e-002
 1.120167597765365e+000   5.273938236688904e-001  -1.529890890715298e-001   4.996398669718356e-002
 1.122346368715085e+000   5.284752636608265e-001  -1.527933675849572e-001   5.079802538005034e-002
 1.124525139664806e+000   5.297847036201684e-001  -1.525463937102383e-001   5.169000125096156e-002
 1.126703910614527e+000   5.313386413405631e-001  -1.522538777331860e-001   5.264609574978622e-002
 1.128882681564247e+000   5.331544007533099e-001  -1.519223147447548e-001   5.367518096732143e-002
 1.131061452513968e+000   5.352503661242655e-001  -1.515589392699789e-001   5.478912742119787e-002
 1.133240223463689e+000   5.376459600678413e-001  -1.511715211742061e-001   5.600242605743835e-002
 1.135418994413410e+000   5.403616890520120e-001  -1.507682905191516e-001   5.733213185584943e-002
 1.137597765363130e+000   5.434192920323513e-001  -1.503578608754248e-001   5.879795762579085e-002
 1.139776536312851e+000   5.468415699578265e-001  -1.499491006114085e-001   6.042171886524964e-002
 1.141955307262572e+000   5.506523775984239e-001  -1.495510853124906e-001   6.222718070353746e-002
 1.144134078212293e+000   5.548765710140745e-001  -1.491730288996944e-001   6.423971191635394e-002
 1.146312849162013e+000   5.595396947419528e-001  -1.488242063299500e-001   6.648559200709917e-002
 1.148491620111734e+000   5.646678261449243e-001  -1.485139065646533e-001   6.899163081965062e-002
 1.150670391061455e+000   5.702871399776838e-001  -1.482513435932651e-001   7.178439941869809e-002
 1.152849162011176e+000   5.764234346142242e-001  -1.480455895650377e-001   7.488969751345243e-002
 1.155027932960896e+000   5.831016297941644e-001  -1.479054880538158e-001   7.833198335103053e-002
 1.157206703910617e+000   5.903448916662563e-001  -1.478395182016422e-001   8.213367042400946e-002
 1.159385474860338e+000   5.981741825022938e-001  -1.478557339602367e-001   8.631499252527343e-002
 1.161564245810059e+000   6.066073277812693e-001  -1.479616076056587e-001   9.089343228942368e-002
 1.163743016759779e+000   6.156580349913418e-001  -1.481638590159738e-001   9.588340538068452e-002
 1.165921787709500e+000   6.253356677001123e-001  -1.484683905130760e-001   1.012963794570383e-001
 1.168100558659221e+000   6.356440104273016e-001  -1.488800121163963e-001   1.071403504112424e-001
 1.170279329608942e+000   6.465807401028759e-001  -1.494022124282292e-001   1.134198297788565e-001
 1.172458100558662e+000   6.581374150611292e-001  -1.500370653911125e-001   1.201359747360182e-001
 1.174636871508383e+000   6.702980731633532e-001  -1.507847779993471e-001   1.272859778437086e-001
 1.176815642458104e+000   6.830389305824588e-001  -1.516435261424810e-001   1.348630010241473e-001
 1.178994413407825e+000   6.963281912350591e-001  -1.526094036622161e-001   1.428561076948685e-001
 1.181173184357545e+000   7.101240967996800e-001  -1.536759569840074e-001   1.512492922043548e-001
 1.183351955307266e+000   7.243748326729668e-001  -1.548342918418368e-001   1.600214306785391e-001
 1.185530726256987e+000   7.390181477196728e-001  -1.560730732064183e-001   1.691460627629091e-001
 1.187709497206708e+000   7.539791910961773e-001  -1.573781912369699e-001   1.785902115888029e-001
 1.189888268156428e+000   7.691711329365832e-001  -1.587330740494588e-001   1.883145582649437e-001
 1.192067039106149e+000   7.844945989486813e-001  -1.601186942225163e-001   1.982730383188668e-001
 1.194245810055870e+000   7.998356477787382e-001  -1.615134041061603e-001   2.084115583947199e-001
 1.196424581005591e+000   8.150668018138203e-001  -1.628933242114524e-001   2.186684554155876e-001
 1.198603351955311e+000   8.300460638647009e-001  -1.642323219233735e-001   2.289739024189168e-001
 1.200782122905032e+000   8.446150281239202e-001  -1.655019483470124e-001   2.392488632078247e-001
 1.202960893854753e+000   8.586003325821787e-001  -1.666717775341672e-001   2.494060513363253e-001
 1.205139664804473e+000   8.718123883434378e-001  -1.677093285413787e-001   2.593493824291655e-001
 1.207318435754194e+000   8.840444814664278e-001  -1.685800328494179e-001   2.689738596989142e-001
 1.209497206703915e+000   8.950750864965268e-001  -1.692475271603206e-001   2.781670826677219e-001
 1.211675977653636e+000   9.046671095651976e-001  -1.696735682289829e-001   2.868091692246578e-001
 1.213854748603356e+000   9.125693034146701e-001  -1.698182199481258e-001   2.947739038152216e-001
 1.216033519553077e+000   9.185195206566347e-001  -1.696402926572556e-001   3.019305160010476e-001
 1.218212290502798e+000   9.222458344113390e-001  -1.690975532870059e-001   3.081445559180196e-001
 1.220391061452519e+000   9.234712330758862e-001  -1.681474455215653e-001   3.132803520447386e-001
 1.222569832402239e+000   9.219178947542419e-001  -1.667477161047487e-001   3.172029602734481e-001
 1.224748603351960e+000   9.173124640804325e-001  -1.648572925542008e-001   3.197807681151140e-001
 1.226927374301681e+000   9.093944884430919e-001  -1.624375878837130e-001   3.208891406013925e-001
 1.229106145251402e+000   8.979218984159654e-001  -1.594533299783978e-001   3.204126516529738e-001
 1.231284916201122e+000   8.826832660948983e-001  -1.558745396206857e-001   3.182504288734016e-001
 1.233463687150843e+000   8.635090012288934e-001  -1.516782474666866e-001   3.143206412553816e-001
 1.235642458100564e+000   8.402787473561664e-001  -1.468496400078259e-001   3.085634746469688e-001
 1.237821229050285e+000   8.129433390822607e-001  -1.413855751799404e-001   3.009504081197338e-001
 1.240000000000005e+000   7.815363266109892e-001  -1.352963896113145e-001   2.914888274588714e-001
