---- AnyBody Output File ---------------------------------
Study: Main.MarkerModelStudy
Operation: Main.MarkerModelStudy.KinematicAnalysis
----------------------------------------------------------
Constants (Name = Value): 
Main.MarkerModelStudy.MarkerModel.Markers.LLEP.MarkerPositionFile.FileName = "LLEP.txt"
Main.MarkerModelStudy.MarkerModel.Markers.LLEP.MarkerPositionFile.Search = 
Main.MarkerModelStudy.MarkerModel.Markers.LLEP.MarkerPositionFile.SepSign = "  "
Main.MarkerModelStudy.MarkerModel.Markers.LLEP.MarkerPositionFile.LineSepSign = ""
Main.MarkerModelStudy.MarkerModel.Markers.LLEP.MarkerPositionFile.Header.TitleSectionOnOff = On
Main.MarkerModelStudy.MarkerModel.Markers.LLEP.MarkerPositionFile.Header.ConstSectionOnOff = On
Main.MarkerModelStudy.MarkerModel.Markers.LLEP.MarkerPositionFile.Header.VarSectionOnOff = On
Main.MarkerModelStudy.MarkerModel.Markers.LLEP.MarkerPositionFile.Header.ColumnNamesOnOff = On
Main.MarkerModelStudy.MarkerModel.Markers.LLEP.MarkerPositionFile.Header.LinePrefix = ""
Main.MarkerModelStudy.MarkerModel.Markers.LLEP.MarkerPositionFile.NumberFormat.Digits = 15
----------------------------------------------------------
Variables (Column# Name): 
col0  Main.MarkerModelStudy.t
col1  Main.MarkerModelStudy.MarkerModel.Markers.LLEP.MarkerPositionFile.px
col2  Main.MarkerModelStudy.MarkerModel.Markers.LLEP.MarkerPositionFile.py
col3  Main.MarkerModelStudy.MarkerModel.Markers.LLEP.MarkerPositionFile.pz
----------------------------------------------------------
Main.MarkerModelStudy.t  Main.MarkerModelStudy.MarkerModel.Markers.LLEP.MarkerPositionFile.px  Main.MarkerModelStudy.MarkerModel.Markers.LLEP.MarkerPositionFile.py  Main.MarkerModelStudy.MarkerModel.Markers.LLEP.MarkerPositionFile.pz
 8.500000000000000e-001  -1.443180785030599e+000  -1.381031693122193e-001   7.170677273576089e-001
 8.521787709497206e-001  -1.418198214233232e+000  -1.417479583374185e-001   7.255423494983675e-001
 8.543575418994412e-001  -1.393596406776000e+000  -1.453266081406128e-001   7.338770707095953e-001
 8.565363128491619e-001  -1.369365588909566e+000  -1.488265408318203e-001   7.420505133104829e-001
 8.587150837988825e-001  -1.345493009464575e+000  -1.522353223842035e-001   7.500418162447742e-001
 8.608938547486031e-001  -1.321963212469215e+000  -1.555407565580087e-001   7.578308808270090e-001
 8.630726256983238e-001  -1.298758835393621e+000  -1.587309078112106e-001   7.653984125437948e-001
 8.652513966480444e-001  -1.275860885707812e+000  -1.617941501197190e-001   7.727260422691514e-001
 8.674301675977650e-001  -1.253249217790179e+000  -1.647192575609839e-001   7.797965167232406e-001
 8.696089385474857e-001  -1.230903031830835e+000  -1.674954405317090e-001   7.865936334517167e-001
 8.717877094972063e-001  -1.208801096499911e+000  -1.701124579496036e-001   7.931023559951110e-001
 8.739664804469269e-001  -1.186922014930450e+000  -1.725608178203985e-001   7.993088881040319e-001
 8.761452513966476e-001  -1.165244337438554e+000  -1.748318372126923e-001   8.052005298461460e-001
 8.783240223463682e-001  -1.143746650385492e+000  -1.769178540804960e-001   8.107657678053156e-001
 8.805027932960888e-001  -1.122407801836227e+000  -1.788124171866884e-001   8.159942572910648e-001
 8.826815642458095e-001  -1.101207163763373e+000  -1.805102271998603e-001   8.208766649720490e-001
 8.848603351955301e-001  -1.080125044877692e+000  -1.820073146031729e-001   8.254047331158818e-001
 8.870391061452507e-001  -1.059143167809193e+000  -1.833010072254887e-001   8.295712044046205e-001
 8.892178770949714e-001  -1.038244757380970e+000  -1.843897994007455e-001   8.333697407049130e-001
 8.913966480446920e-001  -1.017414947456650e+000  -1.852734618498045e-001   8.367950559582206e-001
 8.935754189944126e-001  -9.966408248938472e-001  -1.859529371670639e-001   8.398429220423070e-001
 8.957541899441333e-001  -9.759113826417272e-001  -1.864302392493160e-001   8.425101171230769e-001
 8.979329608938539e-001  -9.552178755073500e-001  -1.867085519069155e-001   8.447945613377753e-001
 9.001117318435745e-001  -9.345537726874924e-001  -1.867920858826417e-001   8.466951568681570e-001
 9.022905027932952e-001  -9.139147031007832e-001  -1.866859959313262e-001   8.482116684703034e-001
 9.044692737430158e-001  -8.932987343598109e-001  -1.863964216873792e-001   8.493446675656545e-001
 9.066480446927364e-001  -8.727060339006030e-001  -1.859302960383761e-001   8.500952672856739e-001
 9.088268156424570e-001  -8.521387457088361e-001  -1.852952668398996e-001   8.504650143093868e-001
 9.110055865921777e-001  -8.316009996800360e-001  -1.844996500230101e-001   8.504557927633634e-001
 9.131843575418983e-001  -8.110984078793334e-001  -1.835522372448021e-001   8.500697371108973e-001
 9.153631284916189e-001  -7.906378692921655e-001  -1.824622219880466e-001   8.493092291307598e-001
 9.175418994413396e-001  -7.702272519971660e-001  -1.812390911947519e-001   8.481769653787994e-001
 9.197206703910602e-001  -7.498749426948549e-001  -1.798924530286698e-001   8.466760265902623e-001
 9.218994413407808e-001  -7.295896327123963e-001  -1.784319320498310e-001   8.448099988848234e-001
 9.240782122905015e-001  -7.093799885211387e-001  -1.768669661676257e-001   8.425832513689273e-001
 9.262569832402221e-001  -6.892544093083933e-001  -1.752066983346498e-001   8.400010896430974e-001
 9.284357541899427e-001  -6.692208105971447e-001  -1.734598612375471e-001   8.370700404252904e-001
 9.306145251396634e-001  -6.492863511110387e-001  -1.716346861020334e-001   8.337982526800073e-001
 9.327932960893840e-001  -6.294575621370310e-001  -1.697389881476782e-001   8.301954621638596e-001
 9.349720670391046e-001  -6.097404105305417e-001  -1.677801807980118e-001   8.262732408996675e-001
 9.371508379888253e-001  -5.901407802443568e-001  -1.657654354342556e-001   8.220449632018423e-001
 9.393296089385459e-001  -5.706647176534903e-001  -1.637018006784123e-001   8.175255323000490e-001
 9.415083798882665e-001  -5.513186541469282e-001  -1.615962832055696e-001   8.127314250165963e-001
 9.436871508379872e-001  -5.321092406876773e-001  -1.594558676597841e-001   8.076804555433683e-001
 9.458659217877078e-001  -5.130431189989522e-001  -1.572874885986128e-001   8.023915145481808e-001
 9.480446927374284e-001  -4.941266133673472e-001  -1.550979720981230e-001   7.968844875172982e-001
 9.502234636871491e-001  -4.753655203778463e-001  -1.528940052601897e-001   7.911798916773076e-001
 9.524022346368697e-001  -4.567650760426559e-001  -1.506821469453709e-001   7.852986530169045e-001
 9.545810055865903e-001  -4.383298310941144e-001  -1.484688306743939e-001   7.792618897280228e-001
 9.567597765363110e-001  -4.200636425242824e-001  -1.462604114612884e-001   7.730906625500472e-001
 9.589385474860316e-001  -4.019696455260928e-001  -1.440631911690222e-001   7.668058645615496e-001
 9.611173184357522e-001  -3.840500625324861e-001  -1.418834485369623e-001   7.604280514526681e-001
 9.632960893854728e-001  -3.663061931882929e-001  -1.397274780470164e-001   7.539774059351653e-001
 9.654748603351935e-001  -3.487383612239329e-001  -1.376016139196624e-001   7.474737208858526e-001
 9.676536312849141e-001  -3.313457071441804e-001  -1.355122769575886e-001   7.409363590569335e-001
 9.698324022346347e-001  -3.141262469303091e-001  -1.334659924213537e-001   7.343843436310287e-001
 9.720111731843554e-001  -2.970768036958677e-001  -1.314694012839188e-001   7.278363841278103e-001
 9.741899441340760e-001  -2.801928371123799e-001  -1.295292623350464e-001   7.213109111612940e-001
 9.763687150837966e-001  -2.634685826382676e-001  -1.276523874303375e-001   7.148261231379350e-001
 9.785474860335173e-001  -2.468969922839540e-001  -1.258455905403393e-001   7.083999630928513e-001
 9.807262569832379e-001  -2.304697113928760e-001  -1.241155547481938e-001   7.020500106467869e-001
 9.829050279329585e-001  -2.141773383138984e-001  -1.224687219902103e-001   6.957933778112193e-001
 9.850837988826792e-001  -1.980094574828762e-001  -1.209111601962553e-001   6.896465241066813e-001
 9.872625698323998e-001  -1.819548424383933e-001  -1.194483578946111e-001   6.836249267150453e-001
 9.894413407821204e-001  -1.660017290977577e-001  -1.180851603621791e-001   6.777429473757790e-001
 9.916201117318411e-001  -1.501379547783086e-001  -1.168255826350739e-001   6.720134743582711e-001
 9.937988826815617e-001  -1.343512422514142e-001  -1.156726532813046e-001   6.664475476836854e-001
 9.959776536312823e-001  -1.186293828949172e-001  -1.146284469337397e-001   6.610543143511750e-001
 9.981564245810030e-001  -1.029604405305325e-001  -1.136939182081882e-001   6.558405601420625e-001
 1.000335195530724e+000  -8.733297223757318e-002  -1.128689306801336e-001   6.508105065523321e-001
 1.002513966480444e+000  -7.173612675241035e-002  -1.121523678620303e-001   6.459658941054604e-001
 1.004692737430165e+000  -5.615990402491217e-002  -1.115420559359021e-001   6.413055372575873e-001
 1.006871508379886e+000  -4.059534923277633e-002  -1.110348976222106e-001   6.368254177687885e-001
 1.009050279329607e+000  -2.503463319771564e-002  -1.106269781066549e-001   6.325188433056579e-001
 1.011229050279327e+000  -9.471400218906795e-003  -1.103135469152376e-001   6.283761319508527e-001
 1.013407821229048e+000   6.099201582050302e-003  -1.100891951463533e-001   6.243849866580057e-001
 1.015586592178769e+000   2.168050470849720e-002  -1.099479464423285e-001   6.205307107505597e-001
 1.017765363128490e+000   3.727406384082821e-002  -1.098833058766709e-001   6.167961906757010e-001
 1.019944134078210e+000   5.287983513924172e-002  -1.098884315565487e-001   6.131625281213718e-001
 1.022122905027931e+000   6.849621099665557e-002  -1.099562166417844e-001   6.096093344244895e-001
 1.024301675977652e+000   8.411994663285551e-002  -1.100794063931992e-001   6.061151265083772e-001
 1.026480446927373e+000   9.974647131039008e-002  -1.102507389487854e-001   6.026579739096114e-001
 1.028659217877093e+000   1.153699504858305e-001  -1.104630276701675e-001   5.992158487050781e-001
 1.030837988826814e+000   1.309833588873861e-001  -1.107093004228631e-001   5.957672283924398e-001
 1.033016759776535e+000   1.465787987509647e-001  -1.109828713743803e-001   5.922914613487040e-001
 1.035195530726256e+000   1.621476056211297e-001  -1.112774316604625e-001   5.887691262945971e-001
 1.037374301675976e+000   1.776805985363970e-001  -1.115871972777415e-001   5.851825685227757e-001
 1.039553072625697e+000   1.931683593070482e-001  -1.119069336090311e-001   5.815159766603879e-001
 1.041731843575418e+000   2.086014035804701e-001  -1.122320710394010e-001   5.777557606398710e-001
 1.043910614525138e+000   2.239704398929330e-001  -1.125588198705157e-001   5.738909087477137e-001
 1.046089385474859e+000   2.392664829679946e-001  -1.128841321240713e-001   5.699128478858436e-001
 1.048268156424580e+000   2.544810084961615e-001  -1.132058157893074e-001   5.658158107723366e-001
 1.050446927374301e+000   2.696060720881833e-001  -1.135225573631611e-001   5.615969275176651e-001
 1.052625698324021e+000   2.846342974787383e-001  -1.138338349068010e-001   5.572559703370205e-001
 1.054804469273742e+000   2.995589800671355e-001  -1.141399987489567e-001   5.527956639040381e-001
 1.056983240223463e+000   3.143740627974981e-001  -1.144422126993064e-001   5.482215207981536e-001
 1.059162011173184e+000   3.290740585870475e-001  -1.147423706272991e-001   5.435415501979568e-001
 1.061340782122904e+000   3.436540684274916e-001  -1.150431555499138e-001   5.387664432687649e-001
 1.063519553072625e+000   3.581096388441212e-001  -1.153479246496770e-001   5.339091926351962e-001
 1.065698324022346e+000   3.724366632673904e-001  -1.156605921590388e-001   5.289848067105942e-001
 1.067877094972067e+000   3.866313061671837e-001  -1.159855388890147e-001   5.240102951541376e-001
 1.070055865921787e+000   4.006898707382862e-001  -1.163272515920194e-001   5.190041540351663e-001
 1.072234636871508e+000   4.146087479384264e-001  -1.166900634383059e-001   5.139860808380891e-001
 1.074413407821229e+000   4.283843754624266e-001  -1.170776435011447e-001   5.089766781313758e-001
 1.076592178770950e+000   4.420132628260139e-001  -1.174926098983639e-001   5.039968721891976e-001
 1.078770949720670e+000   4.554920536475912e-001  -1.179363065116936e-001   4.990675932392275e-001
 1.080949720670391e+000   4.688177263721981e-001  -1.184084198855748e-001   4.942092222983754e-001
 1.083128491620112e+000   4.819878682482054e-001  -1.189072516425548e-001   4.894412973577973e-001
 1.085307262569833e+000   4.950009546694309e-001  -1.194298149164132e-001   4.847822952545005e-001
 1.087486033519553e+000   5.078569675024357e-001  -1.199721472568352e-001   4.802493595020608e-001
 1.089664804469274e+000   5.205576132690388e-001  -1.205298025074308e-001   4.758584572182554e-001
 1.091843575418995e+000   5.331066860194437e-001  -1.210980993420735e-001   4.716243362469477e-001
 1.094022346368716e+000   5.455104308869627e-001  -1.216724633298271e-001   4.675605616014419e-001
 1.096201117318436e+000   5.577771963678738e-001  -1.222485216032111e-001   4.636797261866895e-001
 1.098379888268157e+000   5.699174751134537e-001  -1.228221795023995e-001   4.599934364446005e-001
 1.100558659217878e+000   5.819434955517260e-001  -1.233895952775674e-001   4.565123745519055e-001
 1.102737430167599e+000   5.938686405464668e-001  -1.239471041779622e-001   4.532464491195750e-001
 1.104916201117319e+000   6.057071355361982e-001  -1.244911826110601e-001   4.502047672131386e-001
 1.107094972067040e+000   6.174734566387337e-001  -1.250183861818713e-001   4.473956905385123e-001
 1.109273743016761e+000   6.291820104834576e-001  -1.255253217015536e-001   4.448268983332017e-001
 1.111452513966482e+000   6.408468012533265e-001  -1.260086364537726e-001   4.425052829108502e-001
 1.113631284916202e+000   6.524812011523901e-001  -1.264650295067888e-001   4.404368874323700e-001
 1.115810055865923e+000   6.640979438171920e-001  -1.268912781372316e-001   4.386269099172879e-001
 1.117988826815644e+000   6.757090249864286e-001  -1.272843034336680e-001   4.370795170381313e-001
 1.120167597765365e+000   6.873258712294901e-001  -1.276412665125950e-001   4.357978587751840e-001
 1.122346368715085e+000   6.989594738487200e-001  -1.279596322678794e-001   4.347840990992097e-001
 1.124525139664806e+000   7.106205212620528e-001  -1.282373355029200e-001   4.340392646026010e-001
 1.126703910614527e+000   7.223196338546073e-001  -1.284728798631200e-001   4.335632917482451e-001
 1.128882681564247e+000   7.340674900125667e-001  -1.286654076058353e-001   4.333549967206105e-001
 1.131061452513968e+000   7.458750344713516e-001  -1.288149106983668e-001   4.334118152180332e-001
 1.133240223463689e+000   7.577536014557874e-001  -1.289222323247651e-001   4.337297806688608e-001
 1.135418994413410e+000   7.697150000618795e-001  -1.289891091604970e-001   4.343034105878841e-001
 1.137597765363130e+000   7.817716792947252e-001  -1.290182897303162e-001   4.351253716713217e-001
 1.139776536312851e+000   7.939367070924400e-001  -1.290133730676004e-001   4.361866063677004e-001
 1.141955307262572e+000   8.062238051399510e-001  -1.289787840085293e-001   4.374762390285752e-001
 1.144134078212293e+000   8.186473610419502e-001  -1.289196943210258e-001   4.389814377488896e-001
 1.146312849162013e+000   8.312222337882058e-001  -1.288417830183866e-001   4.406877200321945e-001
 1.148491620111734e+000   8.439636710912110e-001  -1.287511372822870e-001   4.425789365429446e-001
 1.150670391061455e+000   8.568870977582427e-001  -1.286540415669363e-001   4.446374017945959e-001
 1.152849162011176e+000   8.700079377471506e-001  -1.285567962957009e-001   4.468442796635470e-001
 1.155027932960896e+000   8.833414736939218e-001  -1.284655757914550e-001   4.491796958842053e-001
 1.157206703910617e+000   8.969026624556326e-001  -1.283862288556679e-001   4.516230880141408e-001
 1.159385474860338e+000   9.107060660702124e-001  -1.283242034342622e-001   4.541535407543681e-001
 1.161564245810059e+000   9.247656969924984e-001  -1.282843932118519e-001   4.567500369200171e-001
 1.163743016759779e+000   9.390948308829323e-001  -1.282710130596332e-001   4.593918658995242e-001
 1.165921787709500e+000   9.537058880548137e-001  -1.282875897804964e-001   4.620588399308545e-001
 1.168100558659221e+000   9.686100738923964e-001  -1.283367991236531e-001   4.647316536406983e-001
 1.170279329608942e+000   9.838170220447385e-001  -1.284204323239697e-001   4.673921891964707e-001
 1.172458100558662e+000   9.993346734141358e-001  -1.285394398203104e-001   4.700236268300500e-001
 1.174636871508383e+000   1.015168750403491e+000  -1.286938121357001e-001   4.726108758018187e-001
 1.176815642458104e+000   1.031322686312932e+000  -1.288826667138089e-001   4.751407222684230e-001
 1.178994413407825e+000   1.047797669288536e+000  -1.291043090947437e-001   4.776018685404432e-001
 1.181173184357545e+000   1.064592322445289e+000  -1.293561679686976e-001   4.799853427628584e-001
 1.183351955307266e+000   1.081703038532483e+000  -1.296349232238214e-001   4.822843387092288e-001
 1.185530726256987e+000   1.099124127636462e+000  -1.299365590991569e-001   4.844941535310430e-001
 1.187709497206708e+000   1.116847795819884e+000  -1.302563575809838e-001   4.866123375174807e-001
 1.189888268156428e+000   1.134864632175844e+000  -1.305890714719012e-001   4.886382674972709e-001
 1.192067039106149e+000   1.153163779713714e+000  -1.309289978987021e-001   4.905730141581638e-001
 1.194245810055870e+000   1.171733131986563e+000  -1.312700946078570e-001   4.924192052811351e-001
 1.196424581005591e+000   1.190559755213080e+000  -1.316061880539716e-001   4.941805506619941e-001
 1.198603351955311e+000   1.209630057607459e+000  -1.319310981973718e-001   4.958616615364156e-001
 1.200782122905032e+000   1.228930077461651e+000  -1.322388752794798e-001   4.974677265362538e-001
 1.202960893854753e+000   1.248445784622782e+000  -1.325239407545478e-001   4.990041567342160e-001
 1.205139664804473e+000   1.268163284879674e+000  -1.327812402210147e-001   5.004763694838432e-001
 1.207318435754194e+000   1.288069147200403e+000  -1.330064390344232e-001   5.018894388628320e-001
 1.209497206703915e+000   1.308150540736062e+000  -1.331959121711450e-001   5.032479309834042e-001
 1.211675977653636e+000   1.328395460279976e+000  -1.333468575420386e-001   5.045556836285980e-001
 1.213854748603356e+000   1.348792976313553e+000  -1.334573163252875e-001   5.058156089100597e-001
 1.216033519553077e+000   1.369333272227366e+000  -1.335260507725259e-001   5.070297317572599e-001
 1.218212290502798e+000   1.390007920248105e+000  -1.335525701791633e-001   5.081990573063911e-001
 1.220391061452519e+000   1.410810032416443e+000  -1.335370092834174e-001   5.093236380533831e-001
 1.222569832402239e+000   1.431734196778798e+000  -1.334799978762763e-001   5.104027424690757e-001
 1.224748603351960e+000   1.452776728779021e+000  -1.333826235133364e-001   5.114348908457990e-001
 1.226927374301681e+000   1.473935627220373e+000  -1.332463029959592e-001   5.124181067333169e-001
 1.229106145251402e+000   1.495210465697681e+000  -1.330727097414343e-001   5.133500829224514e-001
 1.231284916201122e+000   1.516602592131699e+000  -1.328637441128235e-001   5.142283271099433e-001
 1.233463687150843e+000   1.538115002925418e+000  -1.326214807274852e-001   5.150503381510593e-001
 1.235642458100564e+000   1.559752292624531e+000  -1.323481477922448e-001   5.158136802416996e-001
 1.237821229050285e+000   1.581520910525750e+000  -1.320461333866207e-001   5.165160853479957e-001
 1.240000000000005e+000   1.603429111295971e+000  -1.317179615081203e-001   5.171554973040495e-001
