---- AnyBody Output File ---------------------------------
Study: Main.MarkerModelStudy
Operation: Main.MarkerModelStudy.KinematicAnalysis
----------------------------------------------------------
Constants (Name = Value): 
Main.MarkerModelStudy.MarkerModel.Markers.LTROC.MarkerPositionFile.FileName = "LTROC.txt"
Main.MarkerModelStudy.MarkerModel.Markers.LTROC.MarkerPositionFile.Search = 
Main.MarkerModelStudy.MarkerModel.Markers.LTROC.MarkerPositionFile.SepSign = "  "
Main.MarkerModelStudy.MarkerModel.Markers.LTROC.MarkerPositionFile.LineSepSign = ""
Main.MarkerModelStudy.MarkerModel.Markers.LTROC.MarkerPositionFile.Header.TitleSectionOnOff = On
Main.MarkerModelStudy.MarkerModel.Markers.LTROC.MarkerPositionFile.Header.ConstSectionOnOff = On
Main.MarkerModelStudy.MarkerModel.Markers.LTROC.MarkerPositionFile.Header.VarSectionOnOff = On
Main.MarkerModelStudy.MarkerModel.Markers.LTROC.MarkerPositionFile.Header.ColumnNamesOnOff = On
Main.MarkerModelStudy.MarkerModel.Markers.LTROC.MarkerPositionFile.Header.LinePrefix = ""
Main.MarkerModelStudy.MarkerModel.Markers.LTROC.MarkerPositionFile.NumberFormat.Digits = 15
----------------------------------------------------------
Variables (Column# Name): 
col0  Main.MarkerModelStudy.t
col1  Main.MarkerModelStudy.MarkerModel.Markers.LTROC.MarkerPositionFile.px
col2  Main.MarkerModelStudy.MarkerModel.Markers.LTROC.MarkerPositionFile.py
col3  Main.MarkerModelStudy.MarkerModel.Markers.LTROC.MarkerPositionFile.pz
----------------------------------------------------------
Main.MarkerModelStudy.t  Main.MarkerModelStudy.MarkerModel.Markers.LTROC.MarkerPositionFile.px  Main.MarkerModelStudy.MarkerModel.Markers.LTROC.MarkerPositionFile.py  Main.MarkerModelStudy.MarkerModel.Markers.LTROC.MarkerPositionFile.pz
 8.500000000000000e-001  -1.798498345896358e+000  -7.506543535434364e-002   8.623352370323204e-001
 8.521787709497206e-001  -1.776487002341936e+000  -7.418796804209374e-002   8.644549643016811e-001
 8.543575418994412e-001  -1.754604786592617e+000  -7.332443191772289e-002   8.667297402986394e-001
 8.565363128491619e-001  -1.732856014046543e+000  -7.248100043585311e-002   8.691401067562667e-001
 8.587150837988825e-001  -1.711243050623480e+000  -7.166406780922674e-002   8.716653765533925e-001
 8.608938547486031e-001  -1.689765796689750e+000  -7.087993362467496e-002   8.742840161761433e-001
 8.630726256983238e-001  -1.668421967009862e+000  -7.013459928441516e-002   8.769741132047927e-001
 8.652513966480444e-001  -1.647207132156509e+000  -6.943363239192661e-002   8.797136115148244e-001
 8.674301675977650e-001  -1.626115184821693e+000  -6.878203081065998e-002   8.824806619756916e-001
 8.696089385474857e-001  -1.605139013021374e+000  -6.818426448138688e-002   8.852538058348926e-001
 8.717877094972063e-001  -1.584270761078217e+000  -6.764421873775653e-002   8.880121650086672e-001
 8.739664804469269e-001  -1.563502011476699e+000  -6.716512230468634e-002   8.907356996074435e-001
 8.761452513966476e-001  -1.542823801760489e+000  -6.674957801577951e-002   8.934052590644828e-001
 8.783240223463682e-001  -1.522226516633582e+000  -6.639947521378693e-002   8.960028038885006e-001
 8.805027932960888e-001  -1.501699851053082e+000  -6.611601105874337e-002   8.985116358530726e-001
 8.826815642458095e-001  -1.481233022965441e+000  -6.589982773528165e-002   9.009164262773389e-001
 8.848603351955301e-001  -1.460814936504926e+000  -6.575103440935311e-002   9.032035506981305e-001
 8.870391061452507e-001  -1.440434656436633e+000  -6.566931052287636e-002   9.053612677699686e-001
 8.892178770949714e-001  -1.420081789700720e+000  -6.565402279123833e-002   9.073796521895988e-001
 8.913966480446920e-001  -1.399747097830247e+000  -6.570430264358319e-002   9.092509159562039e-001
 8.935754189944126e-001  -1.379423091335366e+000  -6.581923577286888e-002   9.109693439629198e-001
 8.957541899441333e-001  -1.359104089357489e+000  -6.599790375289108e-002   9.125311240277428e-001
 8.979329608938539e-001  -1.338786557640108e+000  -6.623939526820474e-002   9.139344942079577e-001
 9.001117318435745e-001  -1.318468819026146e+000  -6.654274495285739e-002   9.151793931200486e-001
 9.022905027932952e-001  -1.298150976370377e+000  -6.690694293119617e-002   9.162672638002918e-001
 9.044692737430158e-001  -1.277835200008936e+000  -6.733098507787159e-002   9.172010256257436e-001
 9.066480446927364e-001  -1.257525561058418e+000  -6.781396058217849e-002   9.179847137578673e-001
 9.088268156424570e-001  -1.237227904380456e+000  -6.835507407182258e-002   9.186233252970476e-001
 9.110055865921777e-001  -1.216949683043047e+000  -6.895364816127121e-002   9.191226862665687e-001
 9.131843575418983e-001  -1.196699293356782e+000  -6.960905750994816e-002   9.194891679422346e-001
 9.153631284916189e-001  -1.176485786843510e+000  -7.032070433303958e-002   9.197295816418402e-001
 9.175418994413396e-001  -1.156318472125383e+000  -7.108800254264330e-002   9.198510564376597e-001
 9.197206703910602e-001  -1.136206483489235e+000  -7.191034120345288e-002   9.198609015524818e-001
 9.218994413407808e-001  -1.116158445802385e+000  -7.278704290445001e-002   9.197665475818054e-001
 9.240782122905015e-001  -1.096181816386878e+000  -7.371724946331802e-002   9.195754666621000e-001
 9.262569832402221e-001  -1.076282836250696e+000  -7.469993608299168e-002   9.192951702803155e-001
 9.284357541899427e-001  -1.056466379324498e+000  -7.573391858274706e-002   9.189332326724751e-001
 9.306145251396634e-001  -1.036736143125886e+000  -7.681796747273849e-002   9.184973863481848e-001
 9.327932960893840e-001  -1.017094883292623e+000  -7.795084826042967e-002   9.179955452837889e-001
 9.349720670391046e-001  -9.975443873811764e-001  -7.913133410307220e-002   9.174358476437616e-001
 9.371508379888253e-001  -9.780853569675356e-001  -8.035812608525285e-002   9.168266207964767e-001
 9.393296089385459e-001  -9.587174369247492e-001  -8.162978851125934e-002   9.161763020160940e-001
 9.415083798882665e-001  -9.394390214540468e-001  -8.294464826382594e-002   9.154933689482169e-001
 9.436871508379872e-001  -9.202473136403856e-001  -8.430070023064577e-002   9.147861939754669e-001
 9.458659217877078e-001  -9.011385212264862e-001  -8.569559520003112e-002   9.140629553834841e-001
 9.480446927374284e-001  -8.821078958259987e-001  -8.712655769656111e-002   9.133314821246048e-001
 9.502234636871491e-001  -8.631500189422795e-001  -8.859040560645290e-002   9.125991190971345e-001
 9.524022346368697e-001  -8.442589597289844e-001  -9.008358538739944e-002   9.118726745664113e-001
 9.545810055865903e-001  -8.254283658593867e-001  -9.160214887225562e-002   9.111582385016500e-001
 9.567597765363110e-001  -8.066516355511112e-001  -9.314182982080438e-002   9.104611541115030e-001
 9.589385474860316e-001  -7.879220159606323e-001  -9.469809281127294e-002   9.097860072500692e-001
 9.611173184357522e-001  -7.692327353436471e-001  -9.626617096603730e-002   9.091364867079498e-001
 9.632960893854728e-001  -7.505771516408004e-001  -9.784116729972400e-002   9.085154517938852e-001
 9.654748603351935e-001  -7.319488403118546e-001  -9.941810186696139e-002   9.079249358204472e-001
 9.676536312849141e-001  -7.133417639016865e-001  -1.009919747891789e-001   9.073660651305626e-001
 9.698324022346347e-001  -6.947503459584654e-001  -1.025578139219628e-001   9.068392012227247e-001
 9.720111731843554e-001  -6.761695534674318e-001  -1.041107028314889e-001   9.063439628562171e-001
 9.741899441340760e-001  -6.575950525907645e-001  -1.056458250885227e-001   9.058792483637623e-001
 9.763687150837966e-001  -6.390231654893103e-001  -1.071584745481631e-001   9.054434137521991e-001
 9.785474860335173e-001  -6.204509174330565e-001  -1.086440739895184e-001   9.050343244838955e-001
 9.807262569832379e-001  -6.018760606869775e-001  -1.100981941695598e-001   9.046494766344678e-001
 9.829050279329585e-001  -5.832969425831506e-001  -1.115165433698696e-001   9.042861630420340e-001
 9.850837988826792e-001  -5.647125005500741e-001  -1.128949873935085e-001   9.039415658622504e-001
 9.872625698323998e-001  -5.461221753704527e-001  -1.142295883349377e-001   9.036129182460059e-001
 9.894413407821204e-001  -5.275257722774361e-001  -1.155166222531346e-001   9.032975871801435e-001
 9.916201117318411e-001  -5.089234097978238e-001  -1.167526432040119e-001   9.029931640896540e-001
 9.937988826815617e-001  -4.903153940636751e-001  -1.179345550906687e-001   9.026975210486262e-001
 9.959776536312823e-001  -4.717021326606827e-001  -1.190596275859830e-001   9.024087821460027e-001
 9.981564245810030e-001  -4.530840738628847e-001  -1.201255982055895e-001   9.021253389051176e-001
 1.000335195530724e+000  -4.344616480968052e-001  -1.211307463178255e-001   9.018457992540774e-001
 1.002513966480444e+000  -4.158352415140879e-001  -1.220738905378738e-001   9.015689369947386e-001
 1.004692737430165e+000  -3.972051532903110e-001  -1.229544989457224e-001   9.012936611869870e-001
 1.006871508379886e+000  -3.785715264401540e-001  -1.237726335308292e-001   9.010189038132860e-001
 1.009050279329607e+000  -3.599343058940527e-001  -1.245288745502520e-001   9.007435306434451e-001
 1.011229050279327e+000  -3.412931357757787e-001  -1.252243029499917e-001   9.004661834930400e-001
 1.013407821229048e+000  -3.226473543034205e-001  -1.258603491835154e-001   9.001851324174520e-001
 1.015586592178769e+000  -3.039960202866388e-001  -1.264387177957088e-001   8.998982002237319e-001
 1.017765363128490e+000  -2.853379455938536e-001  -1.269613200030371e-001   8.996025814602772e-001
 1.019944134078210e+000  -2.666718352810517e-001  -1.274301751333610e-001   8.992948364959110e-001
 1.022122905027931e+000  -2.479963603846058e-001  -1.278473677622485e-001   8.989708694666134e-001
 1.024301675977652e+000  -2.293102737554993e-001  -1.282149943720990e-001   8.986258483288940e-001
 1.026480446927373e+000  -2.106124700764085e-001  -1.285351360543756e-001   8.982543313708745e-001
 1.028659217877093e+000  -1.919020303045250e-001  -1.288098508891397e-001   8.978502969516291e-001
 1.030837988826814e+000  -1.731782922186454e-001  -1.290411853108388e-001   8.974072057934290e-001
 1.033016759776535e+000  -1.544408575162766e-001  -1.292312102992837e-001   8.969181775438661e-001
 1.035195530726256e+000  -1.356896341709837e-001  -1.293820536465582e-001   8.963760690242625e-001
 1.037374301675976e+000  -1.169248995551635e-001  -1.294959640695883e-001   8.957736367595133e-001
 1.039553072625697e+000  -9.814728735563444e-002  -1.295753398119275e-001   8.951036847807089e-001
 1.041731843575418e+000  -7.935784137982403e-002  -1.296227763194418e-001   8.943591908730485e-001
 1.043910614525138e+000  -6.055806487411608e-002  -1.296411174976704e-001   8.935335033834397e-001
 1.046089385474859e+000  -4.174989262186060e-002  -1.296334449697796e-001   8.926204287789362e-001
 1.048268156424580e+000  -2.293575343137486e-002  -1.296031129944432e-001   8.916144092892082e-001
 1.050446927374301e+000  -4.118578881658844e-003  -1.295537410449926e-001   8.905107104480131e-001
 1.052625698324021e+000   1.469825532012878e-002  -1.294891723824473e-001   8.893054610461000e-001
 1.054804469273742e+000   3.351089899541757e-002  -1.294134755071882e-001   8.879958927001850e-001
 1.056983240223463e+000   5.231510300794877e-002  -1.293308873064531e-001   8.865804740327099e-001
 1.059162011173184e+000   7.110630783303869e-002  -1.292457619774917e-001   8.850589166961561e-001
 1.061340782122904e+000   8.987969647930133e-002  -1.291625297139482e-001   8.834324673380142e-001
 1.063519553072625e+000   1.086303570627728e-001  -1.290856222143561e-001   8.817039677075788e-001
 1.065698324022346e+000   1.273533923147209e-001  -1.290194353681226e-001   8.798778558110691e-001
 1.067877094972067e+000   1.460440950298411e-001  -1.289682724035821e-001   8.779604979533056e-001
 1.070055865921787e+000   1.646981564846697e-001  -1.289363167423006e-001   8.759601284849037e-001
 1.072234636871508e+000   1.833118129771513e-001  -1.289276189027535e-001   8.738868351853626e-001
 1.074413407821229e+000   2.018821971754291e-001  -1.289460582470332e-001   8.717528138193006e-001
 1.076592178770950e+000   2.204075340511872e-001  -1.289953338827831e-001   8.695720765644015e-001
 1.078770949720670e+000   2.388873218421030e-001  -1.290789396493295e-001   8.673603544063825e-001
 1.080949720670391e+000   2.573227660234064e-001  -1.292000848671274e-001   8.651350194190935e-001
 1.083128491620112e+000   2.757167818011005e-001  -1.293616505408998e-001   8.629145389038784e-001
 1.085307262569833e+000   2.940741542093419e-001  -1.295661175664560e-001   8.607182125332353e-001
 1.087486033519553e+000   3.124018065671914e-001  -1.298154068042091e-001   8.585656328061361e-001
 1.089664804469274e+000   3.307085442448671e-001  -1.301108367816624e-001   8.564761000537270e-001
 1.091843575418995e+000   3.490051355998445e-001  -1.304530072214778e-001   8.544681583696990e-001
 1.094022346368716e+000   3.673043064922545e-001  -1.308416419392341e-001   8.525587948078874e-001
 1.096201117318436e+000   3.856203902048122e-001  -1.312756568285314e-001   8.507631472551268e-001
 1.098379888268157e+000   4.039693287558602e-001  -1.317530842336278e-001   8.490939665580422e-001
 1.100558659217878e+000   4.223684447198061e-001  -1.322711197743438e-001   8.475611580819020e-001
 1.102737430167599e+000   4.408360485966378e-001  -1.328262940242017e-001   8.461720025877811e-001
 1.104916201117319e+000   4.593912507099809e-001  -1.334144966187884e-001   8.449308637276747e-001
 1.107094972067040e+000   4.780534117652465e-001  -1.340311049246282e-001   8.438394154809429e-001
 1.109273743016761e+000   4.968416866271485e-001  -1.346710900725093e-001   8.428971182982495e-001
 1.111452513966482e+000   5.157744393684325e-001  -1.353290348842527e-001   8.421012699112566e-001
 1.113631284916202e+000   5.348684872782410e-001  -1.359992271004546e-001   8.414475513769457e-001
 1.115810055865923e+000   5.541387712733357e-001  -1.366757438022420e-001   8.409304261183171e-001
 1.117988826815644e+000   5.735975300433244e-001  -1.373525208080512e-001   8.405433710325331e-001
 1.120167597765365e+000   5.932539560304082e-001  -1.380234949678034e-001   8.402793378760356e-001
 1.122346368715085e+000   6.131141217593230e-001  -1.386826799283244e-001   8.401309974088689e-001
 1.124525139664806e+000   6.331803070387545e-001  -1.393242877486532e-001   8.400910213732590e-001
 1.126703910614527e+000   6.534512772193265e-001  -1.399427885837931e-001   8.401523551892104e-001
 1.128882681564247e+000   6.739224281309014e-001  -1.405329376107298e-001   8.403083563149691e-001
 1.131061452513968e+000   6.945855996657508e-001  -1.410898470659419e-001   8.405530556751371e-001
 1.133240223463689e+000   7.154297801786166e-001  -1.416089709881596e-001   8.408812181377602e-001
 1.135418994413410e+000   7.364413193160241e-001  -1.420861205589692e-001   8.412884051976417e-001
 1.137597765363130e+000   7.576040587770018e-001  -1.425175238331948e-001   8.417711101966151e-001
 1.139776536312851e+000   7.788999410577817e-001  -1.428997944110159e-001   8.423266223550625e-001
 1.141955307262572e+000   8.003091820522523e-001  -1.432299577304106e-001   8.429530113690238e-001
 1.144134078212293e+000   8.218105604453518e-001  -1.435055111924678e-001   8.436490632800560e-001
 1.146312849162013e+000   8.433819606246308e-001  -1.437244027896689e-001   8.444140547946654e-001
 1.148491620111734e+000   8.650006348811347e-001  -1.438850891561196e-001   8.452476575677451e-001
 1.150670391061455e+000   8.866437355000365e-001  -1.439866199303494e-001   8.461497183097724e-001
 1.152849162011176e+000   9.082887371247184e-001  -1.440286123176227e-001   8.471200566420442e-001
 1.155027932960896e+000   9.299138442783228e-001  -1.440113380240840e-001   8.481582940096842e-001
 1.157206703910617e+000   9.514985634447852e-001  -1.439357900660737e-001   8.492636043407251e-001
 1.159385474860338e+000   9.730238792307341e-001  -1.438036314248783e-001   8.504346301313244e-001
 1.161564245810059e+000   9.944727181448203e-001  -1.436172844902800e-001   8.516693009525761e-001
 1.163743016759779e+000   1.015830213965912e+000  -1.433799107932404e-001   8.529647412541294e-001
 1.165921787709500e+000   1.037083599915224e+000  -1.430952994601960e-001   8.543173354706922e-001
 1.168100558659221e+000   1.058222535939236e+000  -1.427678668073994e-001   8.557226561426489e-001
 1.170279329608942e+000   1.079239003975760e+000  -1.424024555666903e-001   8.571756097351875e-001
 1.172458100558662e+000   1.100127110925599e+000  -1.420041661802481e-001   8.586705833685011e-001
 1.174636871508383e+000   1.120883292010646e+000  -1.415781761614811e-001   8.602015371184342e-001
 1.176815642458104e+000   1.141506020493203e+000  -1.411294812771640e-001   8.617622300344086e-001
 1.178994413407825e+000   1.161995614805868e+000  -1.406627675772711e-001   8.633463420999668e-001
 1.181173184357545e+000   1.182354305272915e+000  -1.401821752127932e-001   8.649476338384994e-001
 1.183351955307266e+000   1.202585885592360e+000  -1.396912192030384e-001   8.665600766801488e-001
 1.185530726256987e+000   1.222695570697496e+000  -1.391927536089122e-001   8.681779183718786e-001
 1.187709497206708e+000   1.242689975079118e+000  -1.386888544918236e-001   8.697958112757108e-001
 1.189888268156428e+000   1.262576773995940e+000  -1.381809339230139e-001   8.714088143311731e-001
 1.192067039106149e+000   1.282364575916771e+000  -1.376697704706578e-001   8.730124113617417e-001
 1.194245810055870e+000   1.302062755033798e+000  -1.371555381323916e-001   8.746025497198529e-001
 1.196424581005591e+000   1.321681115537621e+000  -1.366379719291029e-001   8.761755495806961e-001
 1.198603351955311e+000   1.341229724308501e+000  -1.361164240150447e-001   8.777280852006115e-001
 1.200782122905032e+000   1.360718611239419e+000  -1.355899654044913e-001   8.792571425762108e-001
 1.202960893854753e+000   1.380157554615991e+000  -1.350575184686346e-001   8.807599391110927e-001
 1.205139664804473e+000   1.399555894740250e+000  -1.345179283619306e-001   8.822339088860418e-001
 1.207318435754194e+000   1.418922276213701e+000  -1.339700864093384e-001   8.836766889882554e-001
 1.209497206703915e+000   1.438264614431025e+000  -1.334130003683289e-001   8.850861027405580e-001
 1.211675977653636e+000   1.457589946899418e+000  -1.328458707515119e-001   8.864601881033151e-001
 1.213854748603356e+000   1.476904388319910e+000  -1.322681685813860e-001   8.877972393754701e-001
 1.216033519553077e+000   1.496213261816268e+000  -1.316796416410258e-001   8.890958102980674e-001
 1.218212290502798e+000   1.515521070765825e+000  -1.310803766740069e-001   8.903547734742675e-001
 1.220391061452519e+000   1.534831639764332e+000  -1.304708203190924e-001   8.915733448770430e-001
 1.222569832402239e+000   1.554148277721337e+000  -1.298517500072257e-001   8.927510542160213e-001
 1.224748603351960e+000   1.573473857800410e+000  -1.292243104439832e-001   8.938877740620402e-001
 1.226927374301681e+000   1.592811044180178e+000  -1.285899710096352e-001   8.949836563820899e-001
 1.229106145251402e+000   1.612162430318483e+000  -1.279504880867503e-001   8.960390705555805e-001
 1.231284916201122e+000   1.631530707144581e+000  -1.273079200616073e-001   8.970545609242195e-001
 1.233463687150843e+000   1.650918839390200e+000  -1.266645975667593e-001   8.980307491895284e-001
 1.235642458100564e+000   1.670330169391646e+000  -1.260231113285567e-001   8.989682851402538e-001
 1.237821229050285e+000   1.689768655021305e+000  -1.253863478577092e-001   8.998677832048603e-001
 1.240000000000005e+000   1.709239036430658e+000  -1.247574573944651e-001   9.007297808533495e-001
