0.8500000000000 -1.8606230032076 -0.2676997913884 0.9957743327012 -0.2347764737790 0.2842889154036 1.6999830230462 1.4942925247793 0.1903380713076 0.1231033016011 -2.1817461044558 0.8025382290995 0.7320404639010 0.4906385418515 -0.2389585063209 -0.2575416871471 -0.9371053055514 2.2187172152904 -1.1673553677885 
0.8519444444444 -1.8415833436626 -0.2679427654834 0.9958396322476 -0.2289571953938 0.2865113589357 1.7041759456640 1.5123223997360 0.1799663703282 0.1124269170658 -2.1629793351560 0.8207707089759 0.7152187639197 0.4755290176443 -0.2394387877420 -0.2672664024516 -0.9335861598521 2.1964587880956 -1.1548473807667 
0.8538888888889 -1.8224857865611 -0.2682354223050 0.9959925764549 -0.2222459889147 0.2886224800101 1.7085565268477 1.5296196499661 0.1698088474244 0.1010308150924 -2.1436686035101 0.8392673416890 0.6970269291397 0.4603255179462 -0.2413287900402 -0.2773018266145 -0.9289022918843 2.1708704686520 -1.1454017561091 
0.8558333333333 -1.8033342742606 -0.2685764606133 0.9962266864592 -0.2146750296915 0.2906389428295 1.7131089165214 1.5462551000067 0.1599116647842 0.0889877667784 -2.1238394704142 0.8579416849996 0.6774126211683 0.4450990646995 -0.2446342562757 -0.2875779333250 -0.9230748595091 2.1420075012014 -1.1390535822689 
0.8577777777778 -1.7841327456643 -0.2689641468406 0.9965349386133 -0.2062874197710 0.2925764510888 1.7178137583585 1.5622959389331 0.1503148862367 0.0763793428556 -2.1035166312304 0.8767034072601 0.6563482968223 0.4299174302905 -0.2493421624691 -0.2980204271447 -0.9161286566242 2.1099447567024 -1.1358247125741 
0.8597222222222 -1.7648853018761 -0.2693963336765 0.9969098427185 -0.1971371421716 0.2944496675352 1.7226485135000 1.5778042346877 0.1410523678059 0.0632952033568 -2.0827236672178 0.8954604808963 0.6338369432598 0.4148432863043 -0.2554196246920 -0.3085519038513 -0.9080924350357 2.0747809582534 -1.1357159637623 
0.8616666666667 -1.7455962886005 -0.2698705352360 0.9973435798105 -0.1872877749233 0.2962719942585 1.7275878946388 1.5928355374949 0.1321515708177 0.0498314517747 -2.0614831288031 0.9141216618043 0.6099185487248 0.3999324040337 -0.2628152617269 -0.3190934893034 -0.8989985762647 2.0366409266884 -1.1386994213221 
0.8636111111111 -1.7262703667818 -0.2703839895706 0.9978281018900 -0.1768115378994 0.2980555548823 1.7326042479822 1.6074380612944 0.1236334779359 0.0360893637065 -2.0398165593126 0.9325983302330 0.5846756755763 0.3852322140490 -0.2714602551529 -0.3295661053786 -0.8888833627760 1.9956777928225 -1.1447108273069 
0.8655555555556 -1.7069125907327 -0.2709336972867 0.9983551983784 -0.1657889232621 0.2998113072440 1.7376678968480 1.6216522597868 0.1155126268385 0.0221746425882 -2.0177443543462 0.9508056056998 0.5582370121270 0.3707806402935 -0.2812685277571 -0.3398913102877 -0.8777881278114 1.9520757311457 -1.1536426339716 
0.8675000000000 -1.6875284705538 -0.2715164685277 0.9989165970069 -0.1543081463740 0.3015490083432 1.7427475890176 1.6355103848055 0.1077972393104 0.0081964773745 -1.9952855926549 0.9686638862825 0.5307781327557 0.3566050814519 -0.2921372081669 -0.3499921357298 -0.8657607834277 1.9060523079918 -1.1653386548047 
0.8694444444444 -1.6681218825401 -0.2721304370998 0.9995105596374 -0.1424494743501 0.3032783407215 1.7477789544834 1.6490374165560 0.1005005647661 -0.0057074112700 -1.9725096159100 0.9863350591428 0.5023566842485 0.3427452243595 -0.3039848765671 -0.3597660789021 -0.8528672049988 1.8578776219208 -1.1795834480200 
0.8713888888889 -1.6487019662257 -0.2727702935960 1.0001232610374 -0.1303494593138 0.3050056743895 1.7527388532022 1.6622466635342 0.0936152959303 -0.0194117766172 -1.9494073089669 1.0036006271495 0.4733364543245 0.3291913469436 -0.3166234155882 -0.3691442535789 -0.8391917785315 1.8078871142117 -1.1960631479551 
0.8733333333333 -1.6292766578851 -0.2734317301195 1.0007439535025 -0.1181265499673 0.3067366409573 1.7576060002884 1.6751434533552 0.0871278584738 -0.0328093107442 -1.9259721794276 1.0202987069833 0.4440876574419 0.3159275652767 -0.3298833923805 -0.3780702146983 -0.8248151917889 1.7564125051149 -1.2144559990459 
0.8752777777778 -1.6098530018015 -0.2741112474763 1.0013654195784 -0.1058914748017 0.3084775817716 1.7623469034225 1.6877275392405 0.0810242564305 -0.0457875050566 -1.9022176959955 1.0363796686561 0.4149305473599 0.3029409613877 -0.3436070755425 -0.3864831522311 -0.8098320404051 1.7038169650029 -1.2344011896450 
0.8772222222222 -1.5904382581752 -0.2748053752124 1.0019809939610 -0.0937567918757 0.3102354975669 1.7669283049281 1.6999932325410 0.0752864799578 -0.0582363152139 -1.8781558095717 1.0518048531926 0.3861909867883 0.2902137058030 -0.3576284895838 -0.3943279782636 -0.7943524930130 1.6504951863870 -1.2554999377047 
0.8791666666667 -1.5710398433114 -0.2755106953577 1.0025847196560 -0.0818349709656 0.3120181450565 1.7713175262776 1.7119298194386 0.0698930675513 -0.0700500097979 -1.8537966009381 1.0665476237839 0.3581859478493 0.2777250459480 -0.3717757088297 -0.4015561443722 -0.7785029798338 1.5968691252015 -1.2773262370616 
0.8811111111111 -1.5516652476276 -0.2762238377408 1.0031714748509 -0.0702368064787 0.3138337200466 1.7754826616664 1.7235217295890 0.0648197938220 -0.0811285733903 -1.8291481408597 1.0805930070580 0.3312114851311 0.2654528927589 -0.3858730510936 -0.4081263972715 -0.7624259355527 1.5433818462864 -1.2994398862535 
0.8830555555556 -1.5323219443758 -0.2769414670175 1.0037370937141 -0.0590699011083 0.3156901464935 1.7793927874408 1.7347483425539 0.0600403268923 -0.0913791259839 -1.8042162865185 1.0939366282298 0.3055332020782 0.2533750887025 -0.3997434945569 -0.4140056511669 -0.7462786428306 1.4904891358191 -1.3214013181275 
0.8850000000000 -1.5130172947135 -0.2776602880621 1.0042785023221 -0.0484367731291 0.3175940873817 1.7830183423874 1.7455834927722 0.0555267413430 -0.1007178876796 -1.7790041889844 1.1065836179369 0.2813783545061 0.2414706076363 -0.4132119051625 -0.4191701025361 -0.7302311020743 1.4386482147738 -1.3427875186104 
0.8869444444444 -1.4937606007327 -0.2783759144526 1.0047949715789 -0.0384737606947 0.3195477876240 1.7862998440278 1.7559826635195 0.0512562024791 -0.1090145713630 -1.7535426333716 1.1186571852928 0.2588498649956 0.2297273055314 -0.4260586304385 -0.4235735058929 -0.7145287873025 1.3884396201459 -1.3630970571608 
0.8888888888889 -1.4745610207646 -0.2790839196738 1.0052858646272 -0.0293039657403 0.3215483054454 1.7891923210372 1.7658928289788 0.0472004376148 -0.1161695563352 -1.7278425432430 1.1302163912471 0.2380536322587 0.2181302104312 -0.4380743786400 -0.4271966054923 -0.6994151942650 1.3403923535314 -1.3818981925417 
0.8908333333333 -1.4554220762989 -0.2797827200038 1.0057499309521 -0.0209476411131 0.3235934803936 1.7917179904757 1.7752841250359 0.0433212280299 -0.1222187196196 -1.7018531251512 1.1411198159769 0.2192031024047 0.2066576306660 -0.4491814595328 -0.4300992734027 -0.6849868939195 1.2946960679595 -1.3990595745826 
0.8927777777778 -1.4363493449859 -0.2804695293263 1.0061889627872 -0.0134662482111 0.3256747123912 1.7938564946365 1.7841072617162 0.0395916051105 -0.1271323625335 -1.6755671700222 1.1513994238536 0.2023440325916 0.1953034697140 -0.4592566052678 -0.4323048233933 -0.6714207981923 1.2516649476547 -1.4143602933364 
0.8947222222222 -1.4173478022634 -0.2811417560797 1.0066056369205 -0.0069100621562 0.3277786072818 1.7955895620407 1.7923090751658 0.0359868019464 -0.1308933821744 -1.6489761906084 1.1610901014050 0.1874841809659 0.1840658061853 -0.4681948535791 -0.4338460924236 -0.6588844612226 1.2115517958777 -1.4276352658422 
0.8966666666667 -1.3984217657513 -0.2817971063585 1.0070033761196 -0.0013168017472 0.3298869690900 1.7969015432042 1.7998336433321 0.0324850267408 -0.1334978381162 -1.6220705349613 1.1702287694016 0.1745981032402 0.1729465979568 -0.4759122553630 -0.4347642848424 -0.6475313355415 1.1745411970409 -1.4387715932854 
0.8986111111111 -1.3795748834571 -0.2824336411189 1.0073861419428 0.0032883437503 0.3319772611271 1.7977795876842 1.8066238000059 0.0290681843957 -0.1349539702608 -1.5948397638470 1.1788527029321 0.1636340222150 0.1619510466162 -0.4823461664938 -0.4351069492726 -0.6374977915279 1.1407486373689 -1.4477006440651 
0.9005555555556 -1.3608101590832 -0.2830498107210 1.0077582111374 0.0068919801417 0.3340233805157 1.7982137020364 1.8126227516779 0.0257225537142 -0.1352804873644 -1.5672730838997 1.1869979380259 0.1545205534584 0.1510868411551 -0.4874540128860 -0.4349255996990 -0.6289017182928 1.1102247389617 -1.4543884116812 
0.9025000000000 -1.3421299794283 -0.2836445029708 1.0081239869042 0.0094921760907 0.3359965940887 1.7981970273926 1.8177756553862 0.0224394760105 -0.1345052901643 -1.5393595908089 1.1946984112216 0.1471716267173 0.1403635109060 -0.4912120999746 -0.4342734845172 -0.6218417840140 1.0829616631916 -1.4588269521296 
0.9044444444444 -1.3235372394659 -0.2842166512731 1.0084882038117 0.0110859564480 0.3378636557887 1.7977180759860 1.8220225908620 0.0192169117684 -0.1326508423964 -1.5110944171678 1.2020107970323 0.1414628114644 0.1297939826866 -0.4935968841449 -0.4331974184329 -0.6164244452689 1.0589418276239 -1.4609916357608 
0.9063888888889 -1.3050420043492 -0.2847628082697 1.0088578445002 0.0116004101731 0.3395686781876 1.7967174254831 1.8252475597728 0.0160646616805 -0.1296609956953 -1.4825103712382 1.2091448429101 0.1370729265498 0.1194072957096 -0.4944841807834 -0.4317059304231 -0.6129240747198 1.0383767665169 -1.4606339563890 
0.9083333333333 -1.2866350180109 -0.2852877741173 1.0092341062813 0.0111919934062 0.3411037531349 1.7952752372389 1.8274816193285 0.0129876842894 -0.1257209031450 -1.4535435232086 1.2159144577474 0.1341096679339 0.1091996989075 -0.4940730696502 -0.4299025773534 -0.6111382057154 1.0207324984388 -1.4581163448689 
0.9102777777778 -1.2683158336949 -0.2857927904726 1.0096205313686 0.0099094187390 0.3424401128486 1.7934022500679 1.8286935658693 0.0100042839824 -0.1208910069431 -1.4241850173777 1.2223443443488 0.1324614378821 0.0991826787208 -0.4924120115044 -0.4278286694199 -0.6110831052539 1.0058325738521 -1.4534994068005 
0.9122222222222 -1.2500834734052 -0.2862795634017 1.0100201954940 0.0078093526743 0.3435505609896 1.7911131680454 1.8288590970122 0.0071396793821 -0.1152348920809 -1.3944272999190 1.2284558007648 0.1320193301740 0.0893668349505 -0.4895600635969 -0.4255199425885 -0.6127603553630 0.9934835882684 -1.4468559694237 
0.9141666666667 -1.2319364482548 -0.2867502345916 1.0104356887031 0.0049558311884 0.3444097441326 1.7884268220720 1.8279608667215 0.0044259448100 -0.1088189031270 -1.3642642304019 1.2342668102397 0.1326790274170 0.0797617992249 -0.4855863910993 -0.4230068173718 -0.6161578436182 0.9834790186145 -1.4382728582238 
0.9161111111111 -1.2138727552096 -0.2872073363999 1.0108691045621 0.0014195739884 0.3449945064584 1.7853662514778 1.8259886469528 0.0019018016020 -0.1017118114620 -1.3336913599370 1.2397922077348 0.1343430960248 0.0703763606521 -0.4805698320903 -0.4203149643866 -0.6212506454355 0.9756027061147 -1.4278546137471 
0.9180555555556 -1.1958899201069 -0.2876537139468 1.0113220389728 -0.0027233397519 0.3452839734509 1.7819585590761 1.8229390594541 -0.0003878112849 -0.0939841156178 -1.3027062281850 1.2450433999407 0.1369230416596 0.0612185331935 -0.4745979040794 -0.4174661226413 -0.6280025501931 0.9696328457919 -1.4157250270413 
0.9200000000000 -1.1779850646781 -0.2880924318056 1.0117956019788 -0.0073930103978 0.3452593935836 1.7782346493007 1.8188149703447 -0.0023923257500 -0.0857073223239 -1.2713086520954 1.2500279172132 0.1403408773703 0.0522955343857 -0.4677656960313 -0.4144791120731 -0.6363677992589 0.9653458734617 -1.4020267359875 
0.9219444444444 -1.1601549026203 -0.2885267064093 1.0122904442287 -0.0125063621630 0.3449041040776 1.7742291501465 1.8136251755502 -0.0040561467889 -0.0769541064542 -1.2395010861294 1.2547495943736 0.1445304757620 0.0436138332482 -0.4601758368585 -0.4113709494476 -0.6462917633305 0.9625188638280 -1.3869224583819 
0.9238888888889 -1.1424033624814 -0.2889591160315 1.0128104686107 -0.0179951699945 0.3441721318180 1.7699508116946 1.8073139405971 -0.0052980868476 -0.0677770007132 -1.2073277345300 1.2593899980008 0.1491312305091 0.0352153809927 -0.4518897327559 -0.4081338209671 -0.6578967665310 0.9611109226884 -1.3704293941192 
0.9258333333333 -1.1247196372770 -0.2893943123841 1.0133527194719 -0.0237357073954 0.3430768721195 1.7654744750669 1.7999604252371 -0.0060665370366 -0.0582905404629 -1.1747708646070 1.2638039027024 0.1543234210506 0.0270839182648 -0.4430882543629 -0.4048070268852 -0.6709567526035 0.9607377275259 -1.3529257792751 
0.9277777777778 -1.1070974364172 -0.2898355800821 1.0139157643385 -0.0296382186489 0.3416168140984 1.7608518490570 1.7916076736766 -0.0063010276164 -0.0485746257160 -1.1418365529305 1.2679388476516 0.1601631492600 0.0192162602739 -0.4339018677342 -0.4014141187764 -0.6853524306098 0.9611566904755 -1.3346650948775 
0.9297222222222 -1.0895321920228 -0.2902857004302 1.0144987721836 -0.0356226052465 0.3397849766447 1.7561278563939 1.7822856665212 -0.0059355835267 -0.0387002973480 -1.1085444349130 1.2717807612509 0.1666558774409 0.0116163321858 -0.4244467968182 -0.3979735856598 -0.7010068932647 0.9621854132477 -1.3158553260277 
0.9316666666667 -1.0720191980993 -0.2907471654005 1.0151006964394 -0.0416120947752 0.3375762432346 1.7513482183777 1.7720278638678 -0.0049044922546 -0.0287377973379 -1.0749189098879 1.2753109895938 0.1738268911117 0.0042869054004 -0.4148386548225 -0.3945052390801 -0.7178408131343 0.9636561790307 -1.2966989105079 
0.9336111111111 -1.0545536429394 -0.2912221047407 1.0157203232532 -0.0475341912572 0.3349875420707 1.7465586365162 1.7608710551493 -0.0031437286887 -0.0187563140545 -1.0409896330277 1.2785061592255 0.1817225015006 -0.0027703616986 -0.4051904083208 -0.3910301175702 -0.7357734178924 0.9654174973657 -1.2773875096183 
0.9355555555556 -1.0371306538433 -0.2917122060210 1.0163563141293 -0.0533217236138 0.3320179665338 1.7418038562929 1.7488551156876 -0.0005925918831 -0.0088235895396 -1.0067920070121 1.2813378292619 0.1904103826731 -0.0095548116472 -0.3956102144622 -0.3875702662719 -0.7547235254611 0.9673348706576 -1.2580962501173 
0.9375000000000 -1.0197453470545 -0.2922186495894 1.0170072391293 -0.0589135412685 0.3286687536711 1.7371268327831 1.7360225695493 0.0028045345108 0.0009942057665 -0.9723675779527 1.2837725818354 0.1999773133138 -0.0160666300533 -0.3861997740131 -0.3841485109236 -0.7746105122045 0.9692904796555 -1.2389792541727 
0.9394444444444 -1.0023928675009 -0.2927420689884 1.0176715969502 -0.0642546936799 0.3249432611043 1.7325681118787 1.7224181214922 0.0070963121273 0.0106322279354 -0.9377643570393 1.2857729743087 0.2105244021209 -0.0223065650000 -0.3770533442090 -0.3807882524229 -0.7953551525097 0.9711822331752 -1.2201679379198 
0.9413888888889 -0.9850708682055 -0.2932835439013 1.0183501097018 -0.0692630128589 0.3208399953538 1.7281676348846 1.7080677464953 0.0123418506559 0.0199977283774 -0.9030764431973 1.2873953134578 0.2219665176194 -0.0282348730860 -0.3682782119963 -0.3775045229235 -0.8169612545707 0.9729777021265 -1.2017580713670 
0.9433333333333 -0.9677738456419 -0.2938424890413 1.0190410797132 -0.0738925971272 0.3163740171632 1.7239619217001 1.6930308941860 0.0185658672111 0.0290239096887 -0.8683748015575 1.2885754639612 0.2344451745532 -0.0338465763604 -0.3599560422925 -0.3743220115355 -0.8393407419839 0.9745912608048 -1.1838374325626 
0.9452777777778 -0.9504948628565 -0.2944164133919 1.0197406571092 -0.0781453546256 0.3115652072436 1.7199756247221 1.6773803278073 0.0257606330779 0.0376826976971 -0.8336959191829 1.2891653320758 0.2482792541261 -0.0391779795487 -0.3521268387383 -0.3712707247231 -0.8623433666560 0.9759077925594 -1.1664594391080 
0.9472222222222 -0.9332298583456 -0.2950031097923 1.0204471068755 -0.0820011390226 0.3064266762100 1.7162286510866 1.6611658808346 0.0339211472224 0.0459239157673 -0.7991172648527 1.2891151629223 0.2635897681724 -0.0442276483124 -0.3448368214721 -0.3683701053861 -0.8859045835459 0.9768787549028 -1.1496386678462 
0.9491666666667 -0.9159750873286 -0.2955998028108 1.0211586027886 -0.0854468860350 0.3009741671797 1.7127346309552 1.6444375647781 0.0430241554139 0.0537010841375 -0.7647217756344 1.2883762987169 0.2804874156801 -0.0489923304851 -0.3381208705618 -0.3656367390888 -0.9099648520482 0.9774657986160 -1.1333686511184 
0.9511111111111 -0.8987271498245 -0.2962032559914 1.0218732205411 -0.0884758084068 0.2952264065091 1.7095006286661 1.6272454748403 0.0530267858713 0.0609717881640 -0.7305971380643 1.2869026188639 0.2990648793898 -0.0534662535385 -0.3320030246556 -0.3630834694954 -0.9344700354937 0.9776404947392 -1.1176247020066 
0.9530555555556 -0.8814830334714 -0.2968098687515 1.0225889357675 -0.0910871437945 0.2892053871667 1.7065267293517 1.6096396873431 0.0638656525679 0.0676987663608 -0.6968347388756 1.2846512593354 0.3193899943205 -0.0576405675281 -0.3264965806536 -0.3607185438571 -0.9593717680952 0.9773842836650 -1.1023662116434 
0.9550000000000 -0.8642401437637 -0.2974157986500 1.0233036312125 -0.0932856608144 0.2829365175495 1.7038059280728 1.5916701702429 0.0754567522424 0.0738508894209 -0.6635285405583 1.2815838385653 0.3414980520134 -0.0615029627085 -0.3216046060205 -0.3585449577141 -0.9846276075759 0.9766884466896 -1.0875397339920 
0.9569444444444 -0.8469963062477 -0.2980171253647 1.0240151189793 -0.0950805022253 0.2764486295669 1.7013245536063 1.5733867361762 0.0876963416260 0.0794035478221 -0.6307740922600 1.2776688624505 0.3653827940349 -0.0650374422781 -0.3173212620786 -0.3565601005601 -1.0102008954104 0.9755539544882 -1.0730831223824 
0.9588888888889 -0.8297501890140 -0.2986102557849 1.0247221677638 -0.0964693974061 0.2697786188733 1.6990646084233 1.5548418353461 0.1004651074795 0.0843258885915 -0.5986967405628 1.2729050750530 0.3909253737339 -0.0681993073027 -0.3136438106039 -0.3547531340505 -1.0360839789289 0.9740063164704 -1.0589233094211 
0.9608333333333 -0.8125014434519 -0.2991918979798 1.0254252708993 -0.0974325556307 0.2629790395295 1.6970035225597 1.5360993620308 0.1136261361384 0.0885772163822 -0.5674799857482 1.2673231817043 0.4178581864700 -0.0708928361930 -0.3105767322320 -0.3531038910230 -1.0623096859948 0.9721063027700 -1.0449736544916 
0.9627777777778 -0.7952476148398 -0.2997575567963 1.0261186608562 -0.0980483472104 0.2560715504040 1.6951027007352 1.5172019145550 0.1270189209768 0.0922123952799 -0.5371130121077 1.2608342635277 0.4462695089517 -0.0731826044787 -0.3080490862429 -0.3516029539993 -1.0887664741137 0.9698261405534 -1.0311835651076 
0.9647222222222 -0.7779883602794 -0.3003043902409 1.0268003494603 -0.0983376996729 0.2490937436758 1.6933287722910 1.4981971696979 0.1404895151980 0.0952417115693 -0.5076842235427 1.2534547738930 0.4759474071348 -0.0750415109276 -0.3060296297054 -0.3502274790715 -1.1154375904821 0.9672032609535 -1.0174926559473 
0.9666666666667 -0.7607237174100 -0.3008301218730 1.0274685589551 -0.0983223170448 0.2420838327917 1.6916467992090 1.4791322815432 0.1538832767178 0.0976842483046 -0.4792770272284 1.2452167456319 0.5066353906962 -0.0764410347739 -0.3044846023344 -0.3489518206699 -1.1423094239853 0.9642816392500 -1.0038493687419 
0.9686111111111 -0.7434540423021 -0.3013330927628 1.0281218052284 -0.0980241513602 0.2350801260505 1.6900217717839 1.4600541716644 0.1670507394880 0.0995676818933 -0.4519690479570 1.2361672781835 0.5380410734089 -0.0773515268551 -0.3033789778527 -0.3477489496493 -1.1693707676216 0.9611102897939 -0.9902119302399 
0.9705555555556 -0.7261799572147 -0.3018122646734 1.0287589525398 -0.0974652216687 0.2281203402740 1.6884199889125 1.4410095577408 0.1798530827491 0.1009278950973 -0.4258313018108 1.2263671142980 0.5698480286005 -0.0777426951856 -0.3026774554771 -0.3465920133942 -1.1966121578193 0.9577419476470 -0.9765496436231 
0.9725000000000 -0.7089023010614 -0.3022671885042 1.0293792298398 -0.0966674954499 0.2212408383346 1.6868103215893 1.4220447171595 0.1921666664827 0.1018081225993 -0.4009274399628 1.2158889431938 0.6017291058851 -0.0775842430408 -0.3023453693252 -0.3454558735323 -1.2240252657011 0.9542317873669 -0.9628443475856 
0.9744444444444 -0.6916220745765 -0.3026979452054 1.0299822202736 -0.0956527600344 0.2144759525053 1.6851652810371 1.4032051240008 0.2038864459607 0.1022576865053 -0.3773132486846 1.2048151005634 0.6333596667630 -0.0768464537200 -0.3023494971624 -0.3443184658991 -1.2516023259968 0.9506360119966 -0.9490911272981 
0.9763888888889 -0.6743403755332 -0.3031050533842 1.0305678529483 -0.0944427046806 0.2078575649263 1.6834617433948 1.3845352291624 0.2149285513258 0.1023307808280 -0.3550366514339 1.1932333809227 0.6644297283620 -0.0755004264913 -0.3026585007101 -0.3431618805079 -1.2793356206796 0.9470102404685 -0.9352968777539 
0.9783333333333 -0.6570598832959 -0.3034886859078 1.0311402017640 -0.0930323366877 0.2014575058437 1.6816764184223 1.3661291129451 0.2252009221621 0.1020689992740 -0.3343123193689 1.1812699807111 0.6944272093754 -0.0733898089239 -0.3032556444731 -0.3419683688633 -1.3072890296653 0.9434945364788 -0.9214931253139 
0.9802777777778 -0.6397804593418 -0.3038502866724 1.0316958166667 -0.0914749940068 0.1952642828943 1.6797985147789 1.3479857774650 0.2346782607820 0.1015535571952 -0.3150198389043 1.1689828584249 0.7233093117055 -0.0706057162455 -0.3040961744632 -0.3407357619328 -1.3353818523852 0.9400686819290 -0.9077189680183 
0.9822222222222 -0.6225031089837 -0.3041912006812 1.0322347521699 -0.0897940388727 0.1892950178023 1.6778203607625 1.3301362127068 0.2433400214747 0.1008436564533 -0.2971649728941 1.1564592036243 0.7508789048103 -0.0671384009598 -0.3051556461877 -0.3394619022606 -1.3635965007388 0.9367685160652 -0.8940085061116 
0.9841666666667 -0.6052288972199 -0.3045127852725 1.0327574478054 -0.0880096557809 0.1835669296941 1.6757383347055 1.3126117337522 0.2511794392571 0.0999946580266 -0.2807617018731 1.1437835004568 0.7769556932539 -0.0629689704911 -0.3064139927860 -0.3381489591274 -1.3919205940644 0.9336303539651 -0.8803972817763 
0.9861111111111 -0.5879587663284 -0.3048164033461 1.0332642569152 -0.0861415725006 0.1780932670096 1.6735527618668 1.2954386265352 0.2582028826846 0.0990585936646 -0.2658161952151 1.1310325304974 0.8013970170488 -0.0580819854946 -0.3078541312016 -0.3368035046187 -1.4203394347307 0.9306820173788 -0.8669182629084 
0.9880555555556 -0.5706935051734 -0.3051033727591 1.0337553722604 -0.0842090946237 0.1728834086016 1.6712671924920 1.2786378249603 0.2644264991281 0.0980833607280 -0.2523274174962 1.1182734751958 0.8240958262043 -0.0524655970219 -0.3094616920311 -0.3354357809205 -1.4488359242697 0.9279434238014 -0.8536006518136 
0.9900000000000 -0.5534337291192 -0.3053749384078 1.0342307571316 -0.0822309523298 0.1679429814607 1.6688877274073 1.2622245807444 0.2698728175962 0.0971119643372 -0.2402875733529 1.1055635779719 0.8449773176844 -0.0461117032043 -0.3112248579563 -0.3340589057906 -1.4773905374202 0.9254271597768 -0.8404691399641 
0.9919444444444 -0.5361798685349 -0.3056322627662 1.0346900919686 -0.0802249950752 0.1632740134224 1.6664224184213 1.2462082036365 0.2745676871758 0.0961818717661 -0.2296824750241 1.0929510116778 0.8639951679692 -0.0390160632454 -0.3131342728857 -0.3326880584952 -1.5059813603551 0.9231389936376 -0.8275436507036 
0.9938888888889 -0.5189321635161 -0.3058764200049 1.0351327537250 -0.0782079932596 0.1588752554768 1.6638806523566 1.2305922436305 0.2785379557412 0.0953248403872 -0.2204922787990 1.0804755093187 0.8811282382217 -0.0311780745666 -0.3151827425120 -0.3313396136234 -1.5345843476586 0.9210790100278 -0.8148404478226 
0.9958333333333 -0.5016918861083 -0.3061076037253 1.0355592409599 -0.0761917796951 0.1547719720312 1.6612685922927 1.2154137041703 0.2817640220348 0.0945687068969 -0.2128116981962 1.0682170927653 0.8962301063565 -0.0225199499810 -0.3173611347811 -0.3300323966370 -1.5632014644101 0.9193029889616 -0.8024252277780 
0.9977777777778 -0.4844584340907 -0.3063269689784 1.0359672990016 -0.0741938133875 0.1509448777506 1.6585988296252 1.2006486629362 0.2842781313131 0.0939332678194 -0.2065624701713 1.0561994493048 0.9093796710698 -0.0130828561287 -0.3196652467974 -0.3287832925119 -1.5917865535938 0.9177753254935 -0.7903025313932 
0.9997222222222 -0.4672306939795 -0.3065357956826 1.0363543716483 -0.0722288891108 0.1473660658759 1.6558845867828 1.1862596493192 0.2861281189558 0.0934316514313 -0.2016341385916 1.0444182305187 0.9207063928696 -0.0029273285503 -0.3220946826128 -0.3276067652282 -1.6202910566442 0.9164440508898 -0.7784549662305 
1.0016666666667 -0.4500081374412 -0.3067347693492 1.0367186126599 -0.0703075427719 0.1440245427931 1.6531360258770 1.1722295027846 0.2873315661454 0.0930729762583 -0.1979873908951 1.0328902311628 0.9302605583523 0.0079351601204 -0.3246480457122 -0.3265170633759 -1.6486845157214 0.9152931838081 -0.7668951111515 
1.0036111111111 -0.4327900680284 -0.3069244622102 1.0370579052336 -0.0684387887284 0.1409079041483 1.6503627186852 1.1585369690364 0.2879024603563 0.0928616084905 -0.1955784320007 1.0216280391662 0.9381040152972 0.0194912046215 -0.3273247189524 -0.3255270652991 -1.6769354458693 0.9143047224815 -0.7556364830294 
1.0055555555556 -0.4155756428270 -0.3071053278546 1.0373698827656 -0.0666301311138 0.1380026835018 1.6475734506087 1.1451570426031 0.2878509598996 0.0927974786641 -0.1943588577148 1.0106404626485 0.9443088752132 0.0317258642788 -0.3301246995152 -0.3246481148066 -1.7050115401797 0.9134595152899 -0.7446941961763 
1.0075000000000 -0.3983639029790 -0.3072776979489 1.0376519503011 -0.0648875702992 0.1352946937178 1.6447760924213 1.1320614052985 0.2871832134630 0.0928763952749 -0.1942758285231 0.9999333746110 0.9489566077344 0.0446230685133 -0.3330484522433 -0.3238899426713 -1.7328798861549 0.9127379579810 -0.7340855618564 
1.0094444444444 -0.3811538084418 -0.3074417815673 1.0379013186039 -0.0632155068198 0.1327693352087 1.6419775918709 1.1192188703455 0.2859019758316 0.0930903061469 -0.1952722076342 0.9895110278561 0.9521378396319 0.0581659892881 -0.3360968601763 -0.3232606940057 -1.7605071525841 0.9121204958467 -0.7238307431434 
1.0113888888889 -0.3639442747776 -0.3075976649033 1.0381150546008 -0.0616165733510 0.1304118892435 1.6391840489730 1.1065958464481 0.2840080633177 0.0934275568033 -0.1972865899695 0.9793776319402 0.9539528010791 0.0723374022408 -0.3392712379779 -0.3227670263047 -1.7878597521688 0.9115880578053 -0.7139534724353 
1.0133333333333 -0.3467347373367 -0.3077448610594 1.0382902813804 -0.0600899881025 0.1282202238916 1.6364004519084 1.0941715879243 0.2814744087726 0.0938714457622 -0.2003044847816 0.9695933934851 0.9544536177492 0.0871530504791 -0.3425697147716 -0.3224167219779 -1.8149050312714 0.9111449932445 -0.7045298469215 
1.0152777777778 -0.3295246533932 -0.3078826137037 1.0384239567435 -0.0586316466358 0.1261934242034 1.6336316802088 1.0819235511961 0.2782733573486 0.0943997411459 -0.2043081071101 0.9602496439524 0.9537080168081 0.1026294412642 -0.3459894299269 -0.3222164105489 -1.8416037646119 0.9107959807519 -0.6956611325725 
1.0172222222222 -0.3123118169741 -0.3080115183342 1.0385127121708 -0.0572415619819 0.1242926149642 1.6308818546187 1.0697844792406 0.2744646414139 0.0949956784433 -0.2091167793948 0.9512604976197 0.9519774278097 0.1186790644994 -0.3495389273093 -0.3221620931561 -1.8679174715067 0.9104751578559 -0.6872841658994 
1.0191666666667 -0.2950951014862 -0.3081310768658 1.0385536977604 -0.0559154729774 0.1225085885829 1.6281532855458 1.0577222520314 0.2700515048911 0.0956385992069 -0.2146623922380 0.9426590415015 0.9493960216864 0.1352901117517 -0.3532190280543 -0.3222539694882 -1.8938138307095 0.9101680798402 -0.6794339648200 
1.0211111111111 -0.2778732821253 -0.3082406247283 1.0385441900761 -0.0546480973907 0.1208351236088 1.6254475796622 1.0457082375894 0.2650398566409 0.0963073244365 -0.2208786558937 0.9344927205723 0.9460993379940 0.1524540198715 -0.3570296323876 -0.3224911838889 -1.9192611692890 0.9098614449598 -0.6721462878036 
1.0230555555556 -0.2606449668731 -0.3083393148390 1.0384816355023 -0.0534334106843 0.1192697053065 1.6227658244401 1.0337185788884 0.2594397878525 0.0969807874072 -0.2277021571049 0.9268259242507 0.9422205826203 0.1701662057143 -0.3609694248840 -0.3228721752429 -1.9442286429727 0.9095435658928 -0.6654563682270 
1.0250000000000 -0.2434086320788 -0.3084261399146 1.0383636619935 -0.0522648777498 0.1178134171478 1.6201089228384 1.0217346559556 0.2532665460315 0.0976384711488 -0.2350735244630 0.9197406435534 0.9378859920182 0.1884260110220 -0.3650356401420 -0.3233952014920 -1.9686864119311 0.9092047960587 -0.6593985676422 
1.0269444444444 -0.2261626951943 -0.3084999714357 1.0381880886682 -0.0511356098435 0.1164704906140 1.6174779376303 1.0097431524117 0.2465414121457 0.0982607462631 -0.2429384173976 0.9133360644601 0.9332102911778 0.2072362873275 -0.3692238763184 -0.3240588070153 -1.9926057899251 0.9088378930376 -0.6540061403079 
1.0288888888889 -0.2089055995329 -0.3085596052669 1.0379529478665 -0.0500384390782 0.1152477527592 1.6148743624606 0.9977359681965 0.2392925925442 0.0988291676628 -0.2512483064951 0.9077277931109 0.9282922410015 0.2266028462109 -0.3735280037199 -0.3248621209136 -2.0159594037836 0.9084384241753 -0.6493103206044 
1.0308333333333 -0.1916359949774 -0.3086037830360 1.0376565158735 -0.0489655918355 0.1141544914883 1.6123003642706 0.9857105806127 0.2315547090149 0.0993262922644 -0.2599636112528 0.9030526794154 0.9232069698498 0.2465352633434 -0.3779399519514 -0.3258051319467 -2.0387208069888 0.9080065523575 -0.6453427175457 
1.0327777777778 -0.1743533332900 -0.3086288378764 1.0372982397876 -0.0478949670754 0.1132427552350 1.6097591408045 0.9737112086440 0.2233418533430 0.0997206900191 -0.2691571388041 0.8998005077989 0.9179017509033 0.2671260121389 -0.3824315127288 -0.3268887658096 -2.0608299229003 0.9075972554130 -0.6423359903093 
1.0347222222222 -0.1570563489653 -0.3086360068414 1.0368763811914 -0.0468314340046 0.1124813782612 1.6072542121131 0.9617037947335 0.2147507762507 0.1000148257794 -0.2786901223305 0.8978282766523 0.9125058089332 0.2882977559597 -0.3870081385080 -0.3281123510156 -2.0822949528213 0.9071657190718 -0.6400932988353 
1.0366666666667 -0.1397448118583 -0.3086244608296 1.0363900308370 -0.0457678008494 0.1118791899130 1.6047907055981 0.9496979207238 0.2058405600699 0.1001979469776 -0.2885478249190 0.8972975602421 0.9070178356295 0.3100595631874 -0.3916561705339 -0.3294788191563 -2.1030962064591 0.9067248033954 -0.6386177494095 
1.0386111111111 -0.1224187260356 -0.3085935576724 1.0358385140552 -0.0446974879889 0.1114442028489 1.6023746961153 0.9377060385794 0.1966770915121 0.1002616464115 -0.2987236647984 0.8983736085908 0.9014173710291 0.3324191957779 -0.3963593373021 -0.3309916661429 -2.1232154247506 0.9062909287706 -0.6379049237393 
1.0405555555556 -0.1050782976656 -0.3085428669740 1.0352213825336 -0.0436146548884 0.1111831662466 1.6000130009536 0.9257427998857 0.1873320054373 0.1001998916277 -0.3092189445657 0.9012232806136 0.8956655316802 0.3553822259483 -0.4010987846990 -0.3326545016496 -2.1426357876068 0.9058842162036 -0.6379411107833 
1.0425000000000 -0.0877239023486 -0.3084721974272 1.0345384041304 -0.0425142617496 0.1111010515929 1.5977129018104 0.9138241582480 0.1778811431514 0.1000089580948 -0.3200423184598 0.9060123268392 0.8897058591927 0.3789510749563 -0.4058532217088 -0.3344704634778 -2.1613418610508 0.9055282799456 -0.6387017852132 
1.0444444444444 -0.0703560414663 -0.3083816053137 1.0337895445187 -0.0413921056281 0.1112005736578 1.5954817540893 0.9019663202764 0.1684029172023 0.0996873844161 -0.3312088885909 0.9129034493648 0.8834644719235 0.4031240199626 -0.4105990667368 -0.3364414597218 -2.1793194110388 0.9052496938176 -0.6401513822148 
1.0463888888889 -0.0529753034684 -0.3082713915450 1.0329749475622 -0.0402448353018 0.1114817919171 1.5933265338368 0.8901847077154 0.1589766750542 0.0992359614578 -0.3427391474820 0.9220548874749 0.8768497552132 0.4278942754171 -0.4153106876605 -0.3385673418869 -2.1965552239532 0.9050774634993 -0.6422433508757 
1.0483333333333 -0.0355823563814 -0.3081421114401 1.0320949294200 -0.0390698931658 0.1119417755388 1.5912534351041 0.8784930568771 0.1496809031422 0.0986576336065 -0.3546580251541 0.9336180565121 0.8697525237358 0.4532492624860 -0.4199609736196 -0.3408452298939 -2.2130371487141 0.9050429470161 -0.6449185009561 
1.0502777777778 -0.0181793067235 -0.3079924263800 1.0311525128913 -0.0378518759746 0.1126148337141 1.5892675281144 0.8669582068014 0.1406195537952 0.0979496678675 -0.3670886764984 0.9481630415519 0.8618966329868 0.4792295832106 -0.4245021194936 -0.3432625667330 -2.2287187237154 0.9052387851971 -0.6482025121384 
1.0522222222222 -0.0007665339075 -0.3078249044442 1.0301475311155 -0.0365973582100 0.1134678905327 1.5873722317635 0.8555606446010 0.1318599874636 0.0971257506459 -0.3800102334462 0.9655969438047 0.8531996923669 0.5057707326945 -0.4289178629168 -0.3458111086139 -2.2436111816159 0.9056729695763 -0.6519168135457 
1.0541666666667 0.0166556629141 -0.3076417895447 1.0290799734772 -0.0353107155876 0.1144727897658 1.5855689937027 0.8442831264679 0.1234574203723 0.0961980131414 -0.3934154499183 0.9858655176665 0.8435539295783 0.5328165949249 -0.4331885143098 -0.3484783795643 -2.2577193783768 0.9063612470368 -0.6559207024196 
1.0561111111111 0.0340865621990 -0.3074446710750 1.0279508496688 -0.0339914250451 0.1156145024296 1.5838570903637 0.8331242614287 0.1154676241829 0.0951768473584 -0.4073283477007 1.0090467354838 0.8327864902789 0.5603283486790 -0.4372878945952 -0.3512452664093 -2.2710355632231 0.9073414786600 -0.6601088053741 
1.0580555555556 0.0515254541473 -0.3072352921348 1.0267613423801 -0.0326391039925 0.1168765799888 1.5822335126700 0.8220783861180 0.1079372774038 0.0940740158535 -0.4217668592271 1.0351885085717 0.8207150076092 0.5882622137348 -0.4411913674815 -0.3540881712489 -2.2835529428644 0.9086518501150 -0.6643692021646 
1.0600000000000 0.0689716064196 -0.3070155568508 1.0255128615116 -0.0312532578433 0.1182420796983 1.5806931489202 0.8111358501856 0.1009023928470 0.0929021396195 -0.4367402255352 1.0642978255933 0.8071530970576 0.6165709393548 -0.4448764939330 -0.3569794870729 -2.2952658465260 0.9103303320879 -0.6685840400797 
1.0619444444444 0.0864242291681 -0.3067875251422 1.0242071011191 -0.0298330503529 0.1196945927503 1.5792291679319 0.8002835351810 0.0943872610685 0.0916741090127 -0.4522465520265 1.0963307843150 0.7919175757989 0.6452054910239 -0.4483233550133 -0.3598883590643 -2.3061697940790 0.9124141256941 -0.6726310983643 
1.0638888888889 0.1038824348510 -0.3065534014886 1.0228460998746 -0.0283770607902 0.1212193267851 1.5778335831378 0.7895057255804 0.0884039803729 0.0904024177725 -0.4682711463841 1.1311857134954 0.7748371853103 0.6741168658662 -0.4515145806136 -0.3627816889426 -2.3162614868087 0.9149392328490 -0.6763856150559 
1.0658333333333 0.1213451938117 -0.3063155455983 1.0214323190244 -0.0268829343059 0.1228041286315 1.5764980025487 0.7787852645911 0.0829522509055 0.0890983420042 -0.4847857467440 1.1686982075567 0.7557635080643 0.7032579610973 -0.4544352911907 -0.3656254159309 -2.3255387764021 0.9179402134827 -0.6797215300811 
1.0677777777778 0.1388095765250 -0.3060762061991 1.0199720629460 -0.0253384113274 0.1244644772127 1.5752147275570 0.7681462550361 0.0780466683403 0.0877692861898 -0.5018091649592 1.2088770808305 0.7344336786649 0.7326151615838 -0.4570640513856 -0.3683786017924 -2.3339815703449 0.9215045661951 -0.6824927606109 
1.0697222222222 0.1562733423580 -0.3058387020683 1.0184712514360 -0.0237341647847 0.1262045319172 1.5739781574560 0.7575876170704 0.0736688220799 0.0864206647705 -0.5192971251974 1.2514402479376 0.7107340098793 0.7621591272053 -0.4593897141791 -0.3710069007356 -2.3415840316302 0.9256912468775 -0.6845415160292 
1.0716666666667 0.1737373771472 -0.3056068023776 1.0169303125975 -0.0220745649437 0.1279912018201 1.5727844694829 0.7470368214970 0.0697411798432 0.0850576626151 -0.5370873293748 1.2956346630876 0.6849041161397 0.7918157451049 -0.4614157570686 -0.3734923244387 -2.3483727301537 0.9304572993188 -0.6857698883622 
1.0736111111111 0.1912003106847 -0.3053837976365 1.0153545290249 -0.0203517429568 0.1298284897600 1.5716321951770 0.7364802928071 0.0662163652941 0.0836809137281 -0.5550943238472 1.3410145582812 0.6570697461002 0.8215575428345 -0.4631325722949 -0.3758098992027 -2.3543479488087 0.9358274290134 -0.6860683103128 
1.0755555555556 0.2086608414909 -0.3051731391959 1.0137499394358 -0.0185572878976 0.1317238914476 1.5705221956704 0.7259076762634 0.0630419549176 0.0822895374357 -0.5732275166611 1.3871103704622 0.6274469405196 0.8513611636511 -0.4645301281752 -0.3779373730210 -2.3595095922272 0.9418230094001 -0.6853307519890 
1.0775000000000 0.2261178455870 -0.3049783984084 1.0121233105183 -0.0166828093696 0.1336873700606 1.5694574138463 0.7153116034790 0.0601632136380 0.0808820727667 -0.5913945672081 1.4334465531186 0.5963376947037 0.8812056209265 -0.4655976342740 -0.3798546876449 -2.3638568088649 0.9484619893221 -0.6834543284974 
1.0794444444444 0.2435705414587 -0.3048031756660 1.0104820521289 -0.0147209132646 0.1357300668496 1.5684423161832 0.7046866352505 0.0575255111889 0.0794576742588 -0.6095042108851 1.4795605630306 0.5641187323691 0.9110699394239 -0.4663232347208 -0.3815429953100 -2.3673877530895 0.9557584358824 -0.6803401627310 
1.0813888888889 0.2610186232994 -0.3046509884843 1.0088340978595 -0.0126661087384 0.1378630476105 1.5674821071992 0.6940281060206 0.0550763127113 0.0780172309017 -0.6274690257234 1.5250200952797 0.5312217088681 0.9409307932089 -0.4666940844927 -0.3829835033374 -2.3700994377353 0.9637223059974 -0.6758936100432 
1.0833333333333 0.2784623217550 -0.3045251635099 1.0071877767369 -0.0105154144798 0.1400963268656 1.5665818650162 0.6833312618698 0.0527664872484 0.0765641770983 -0.6452078957971 1.5694350428270 0.4981077476806 0.9707606529093 -0.4666968634136 -0.3841564296093 -2.3719876499647 0.9723594829728 -0.6700231984191 
1.0852777777778 0.2959020051369 -0.3044290784504 1.0055536565734 -0.0082668322532 0.1424456319814 1.5657467858827 0.6726019157819 0.0505545802794 0.0751045673505 -0.6626537696536 1.6124794682588 0.4652277049619 1.0005341151669 -0.4663167500231 -0.3850378477311 -2.3730421107141 0.9816941567070 -0.6626242450177 
1.0872222222222 0.3133369603134 -0.3043676991857 1.0039532675614 -0.0059142915542 0.1449607536958 1.5649858981077 0.6618982576770 0.0484153518951 0.0736468576394 -0.6797710438133 1.6539100989718 0.4329821429245 1.0302532555215 -0.4655326819996 -0.3855887356367 -2.3732281384953 0.9918645061449 -0.6535110596288 
1.0891666666667 0.3307733695787 -0.3043406505677 1.0023825838884 -0.0034857561384 0.1475902770167 1.5642908592492 0.6511224719182 0.0462816855402 0.0722125113042 -0.6964407215029 1.6933342393772 0.4019840203641 1.0598096690175 -0.4643461499107 -0.3857945919529 -2.3725726672546 1.0027054035942 -0.6427245245700 
1.0911111111111 0.3482143672472 -0.3043490692802 1.0008501059742 -0.0009973185327 0.1503329371098 1.5636565646777 0.6402587641876 0.0441215715074 0.0708226916290 -0.7126126458467 1.7305612319832 0.3726310576703 1.0891450189083 -0.4627497622968 -0.3856220057563 -2.3710674274161 1.0141935547568 -0.6301898199455 
1.0930555555556 0.3656636658087 -0.3043933679554 0.9993641053569 0.0015294315584 0.1531847522187 1.5630742532308 0.6292891036973 0.0419086298011 0.0695030743836 -0.7282427591341 1.7654343368288 0.3452800333107 1.1181943199692 -0.4607394534564 -0.3850338963080 -2.3687036191490 1.0262918241601 -0.6158348336526 
1.0950000000000 0.3831254362292 -0.3044732610980 0.9979326309124 0.0040678042693 0.1561396132688 1.5625316511507 0.6181940705599 0.0396224733177 0.0682831776002 -0.7432914535951 1.7978219143689 0.3202479180421 1.1468876444390 -0.4583150528251 -0.3839902523933 -2.3654721116424 1.0389499403212 -0.5995941034066 
1.0969444444444 0.4006042473211 -0.3045877577721 0.9965634501022 0.0065859547206 0.1591896359058 1.5620130411020 0.6069533710273 0.0372491768422 0.0671959036653 -0.7577226886041 1.8276113819763 0.2978133070104 1.1751514848239 -0.4554805809404 -0.3824487219410 -2.3613637787723 1.0521043185044 -0.5814133567107 
1.0988888888889 0.4181049964153 -0.3047351700770 0.9952639778602 0.0090469299228 0.1623254696116 1.5614994377389 0.5955463465959 0.0347818947261 0.0662769494505 -0.7715033053380 1.8547042412441 0.2782177195281 1.2029102444557 -0.4522444631724 -0.3803653779084 -2.3563699152775 1.0656789513650 -0.5612546501507 
1.1008333333333 0.4356328045763 -0.3049131666880 0.9940412436786 0.0114091251831 0.1655367016701 1.5609689541360 0.5839525935089 0.0322212595793 0.0655639265420 -0.7846022069700 1.8790111347930 0.2616676144472 1.2300880524091 -0.4486197392743 -0.3776958083080 -2.3504825991507 1.0795880356604 -0.5391006596238 
1.1027777777778 0.4531928987817 -0.3051188671127 0.9929019260181 0.0136271032026 0.1688123586469 1.5603972702554 0.5721525079440 0.0295749957634 0.0650952999397 -0.7969893192294 1.9004466539549 0.2483388792912 1.2566107090969 -0.4446243109022 -0.3743964157476 -2.3436948545940 1.0937394176165 -0.5149557457642 
1.1047222222222 0.4707935215900 -0.3053503744310 0.9918711746807 0.0156245910631 0.1721745468665 1.5597554833600 0.5601712665277 0.0268687610567 0.0649319180195 -0.8086276350596 1.9188147190383 0.2385531862868 1.2824040544281 -0.4402804612019 -0.3703826384273 -2.3359743150245 1.1082317413594 -0.4887555700736 
1.1066666666667 0.4884393584857 -0.3056017892274 0.9909404477873 0.0173564628488 0.1755775317454 1.5590126543292 0.5479456215016 0.0241240148497 0.0651021594336 -0.8194852358116 1.9340961962576 0.2323184057226 1.3073862359765 -0.4356213819708 -0.3656406301469 -2.3273409543020 1.1228218114206 -0.4606402253597 
1.1086111111111 0.5061349346982 -0.3058685016307 0.9901109038333 0.0187733925209 0.1790017959267 1.5581403662257 0.5354498295421 0.0213718398086 0.0656363985854 -0.8295340055701 1.9462334503482 0.2296737217332 1.3314969531939 -0.4306796810154 -0.3601447738528 -2.3177984699386 1.1373691865094 -0.4306990832435 
1.1105555555556 0.5238849371786 -0.3061461069019 0.9893869703146 0.0198214360520 0.1824360323067 1.5571107302130 0.5226707726720 0.0186516558016 0.0665645355129 -0.8387447299302 1.9551460849649 0.2306614635281 1.3546852976683 -0.4254901795418 -0.3538673136348 -2.3073464124982 1.1517690757059 -0.3990159827595 
1.1125000000000 0.5416937024335 -0.3064301159032 0.9887724627717 0.0204474533954 0.1858698617337 1.5558973693041 0.5095985798719 0.0160085257909 0.0679107786647 -0.8470879610307 1.9607508413974 0.2352948337013 1.3769097877680 -0.4200892272319 -0.3467871965666 -2.2959860262000 1.1659127073386 -0.3656891372343 
1.1144444444444 0.5595651945477 -0.3067160213478 0.9882705754009 0.0205998681937 0.1892939347413 1.5544760623643 0.4962270151966 0.0134921264047 0.0696925961724 -0.8545340862348 1.9629614965910 0.2435569303974 1.3981387360446 -0.4145136422231 -0.3388903650730 -2.2837204418655 1.1796893375423 -0.3308305380432 
1.1163888888889 0.5775029585195 -0.3069993675995 0.9878837965174 0.0202296651067 0.1927000399973 1.5528255985403 0.4825540080232 0.0111558962509 0.0719194366249 -0.8610536649805 1.9616909328360 0.2553957066326 1.4183507301805 -0.4087994258811 -0.3301702263811 -2.2705550435766 1.1929875993156 -0.2945654837994 
1.1183333333333 0.5955100649959 -0.3072758230711 0.9876138101052 0.0192915829003 0.1960812011631 1.5509286799964 0.4685822008725 0.0090559461095 0.0745914104947 -0.8666178592054 1.9568543772822 0.2707169286451 1.4375350220379 -0.4029804915352 -0.3206281929059 -2.2564979149146 1.2056973228808 -0.2570322110474 
1.1202777777778 0.6135890875134 -0.3075412335321 0.9874614923030 0.0177451134871 0.1994317213262 1.5487724564801 0.4543192575216 0.0072493444472 0.0776984334145 -0.8711986068894 1.9483720076587 0.2893786606890 1.4556913224535 -0.3970878596537 -0.3102738102768 -2.2415601450446 1.2177143434323 -0.2183813951234 
1.1222222222222 0.6317471942748 -0.3077904617056 0.9874388897621 0.0155077482990 0.2027537358162 1.5463398330096 0.4397869723427 0.0058271557082 0.0812442026013 -0.8747479429401 1.9360734597847 0.3112920292736 1.4727989295596 -0.3911611840861 -0.2990847396633 -2.2257465078999 1.2290916979581 -0.1787887003983 
1.1241666666667 0.6499857971851 -0.3080194759635 0.9875427162429 0.0125533421968 0.2060393316867 1.5436313927615 0.4250005264847 0.0048503953245 0.0851896203312 -0.8772416753115 1.9199224638945 0.3361453549925 1.4888789421576 -0.3852237825056 -0.2870961949629 -2.2090807594395 1.2397339883701 -0.1384791099805 
1.1261111111111 0.6683012213784 -0.3082259727512 0.9877599420751 0.0089059273222 0.2092803963558 1.5406606453278 0.4099769139908 0.0043409364535 0.0894656140298 -0.8786768159729 1.8999821757119 0.3634920818077 1.5039895454157 -0.3792830707783 -0.2743830171906 -2.1915949553791 1.2494475499774 -0.0976574841566 
1.1280555555556 0.6866935942676 -0.3084071181790 0.9880875980788 0.0045571126797 0.2124772707532 1.5374381206963 0.3947468792973 0.0043427288802 0.0940156235880 -0.8790353820158 1.8762538942837 0.3929241303484 1.5181709287146 -0.3733523948596 -0.2609916864577 -2.1733147669518 1.2581899019080 -0.0565452459586 
1.1300000000000 0.7051624948144 -0.3085604814015 0.9885218585694 -0.0004927736520 0.2156314670539 1.5339794997612 0.3793453833499 0.0048932489264 0.0987742921543 -0.8783031785379 1.8487737285698 0.4239702392613 1.5314700228485 -0.3674412403063 -0.2469762142374 -2.1542690617854 1.2659437037518 -0.0153881719276 
1.1319444444444 0.7237069877488 -0.3086840302376 0.9890581383888 -0.0062351147488 0.2187451400416 1.5303046903028 0.3638102553425 0.0060230164917 0.1036698677402 -0.8764703637425 1.8176163699525 0.4561099307775 1.5439383793875 -0.3615562720445 -0.2323969700100 -2.1344895085206 1.2727227921346 0.0255343754552 
1.1338888888889 0.7423256218356 -0.3087761501920 0.9896911524765 -0.0126531349818 0.2218207849767 1.5264370234957 0.3481812444262 0.0077549678335 0.1086265898025 -0.8735325092776 1.7828978464238 0.4887936386041 1.5556305382324 -0.3557022778712 -0.2173198902625 -2.1140101831928 1.2785790097925 0.0658945988816 
1.1358333333333 0.7610163651706 -0.3088356885699 0.9904149474489 -0.0197214550978 0.2248611402504 1.5224025802312 0.3324994452132 0.0101029968793 0.1135668552343 -0.8694922423291 1.7447776453162 0.5214675505355 1.5666028624887 -0.3498829975506 -0.2018162575319 -2.0928671431035 1.2836107851699 0.1052945370726 
1.1377777777778 0.7797765144596 -0.3088619942666 0.9912229517422 -0.0274055514729 0.2278691238834 1.5182294310526 0.3168067170389 0.0130699710548 0.1184134098880 -0.8643610608703 1.7034594578584 0.5536017627144 1.5769123993597 -0.3441019875484 -0.1859625979557 -2.0710979174142 1.2879747585963 0.1432357881668 
1.1397222222222 0.7986046861728 -0.3088542356928 0.9921114385513 -0.0356774378388 0.2308486409660 1.5139497311915 0.3011532051072 0.0166646020672 0.1230904914484 -0.8581586518344 1.6591746377998 0.5847023909124 1.5866070071858 -0.3383670010533 -0.1698358886671 -2.0487432983206 1.2919944405688 0.1789510943477 
1.1416666666667 0.8175004666112 -0.3088114884811 0.9930790361922 -0.0445068914977 0.2338044938012 1.5096076580725 0.2856052424394 0.0208951145908 0.1275137793433 -0.8509273993653 1.6122177402098 0.6142833352859 1.5957281536003 -0.3326888702132 -0.1535291346139 -2.0258531467217 1.2962472556418 0.2111766801016 
1.1436111111111 0.8364517519573 -0.3087370342435 0.9941057852494 -0.0537751457397 0.2367362312314 1.5052264692336 0.2701781118956 0.0256602355779 0.1316196813866 -0.8427304320161 1.5629846034239 0.6420770092929 1.6043581774010 -0.3270621564647 -0.1371533512171 -2.0024623233520 1.3008889138551 0.2391533223673 
1.1455555555556 0.8554527830191 -0.3086322264526 0.9951836068559 -0.0634130938657 0.2396473411880 1.5008345755980 0.2549103016042 0.0309074393336 0.1353542255933 -0.8336324167931 1.5118370354894 0.6678860595540 1.6125445810416 -0.3214958773194 -0.1207997126807 -1.9786091537783 1.3064596669619 0.2615522136309 
1.1475000000000 0.8744972023786 -0.3084987793577 0.9963043247151 -0.0733458062295 0.2425416154472 1.4964592195165 0.2398384980662 0.0365720327320 0.1386722323516 -0.8237133785837 1.4591670534178 0.6916095789907 1.6203305580948 -0.3160005399865 -0.1045604513054 -1.9543307308076 1.3135491724193 0.2769326337640 
1.1494444444444 0.8935781120953 -0.3083387014753 0.9974598145516 -0.0834935021490 0.2454231835038 1.4921263000917 0.2249978295785 0.0425782855792 0.1415376771104 -0.8130698727854 1.4053942593914 0.7132327701410 1.6277544775454 -0.3105878467927 -0.0885280357094 -1.9296621794772 1.3226851703736 0.2840220760758 
1.1513888888889 0.9126881699061 -0.3081542372879 0.9986421532609 -0.0937726033106 0.2482965217452 1.4878605715324 0.2104224235013 0.0488413046623 0.1439235936657 -0.8018157044656 1.3509616645882 0.7328112177616 1.6348496141437 -0.3052701298480 -0.0727944806937 -1.9046362699668 1.3341838712565 0.2820963342758 
1.1533333333333 0.9318196718279 -0.3079478164185 0.9998437933565 -0.1040966648823 0.2511663896453 1.4836859858598 0.1961462091461 0.0552689814213 0.1458116880627 -0.7900824471707 1.2963305481700 0.7504530936422 1.6416438618796 -0.3000596717225 -0.0574507175913 -1.8792829934265 1.3480440610651 0.2712485264427 
1.1552777777778 0.9509646229274 -0.3077220073737 1.0010577711471 -0.1143773175393 0.2540376458088 1.4796260221726 0.1822037830068 0.0617640756037 0.1471918860612 -0.7780194816998 1.2419736605593 0.7663017488151 1.6481592739749 -0.2949680164859 -0.0425858188744 -1.8536289795525 1.3639645625422 0.2523391294420 
1.1572222222222 0.9701148619261 -0.3074794745219 1.0022779283113 -0.1245257491171 0.2569149281526 1.4757039639852 0.1686311053431 0.0682274205252 0.1480620244612 -0.7657925745932 1.1883641249309 0.7805210888942 1.6544114802706 -0.2900053416863 -0.0282857144291 -1.8276970118534 1.3814693005404 0.2266671707570 
1.1591666666667 0.9892611976595 -0.3072228186003 1.0035038747347 -0.1344052018228 0.2598023931804 1.4720048077041 0.1555412397908 0.0745243110690 0.1483645188054 -0.7537151776977 1.1362430500440 0.7930146119039 1.6604012396778 -0.2851793257094 -0.0147346656985 -1.8015430634497 1.4005012178100 0.1947509863197 
1.1611111111111 1.0083942208616 -0.3069555038009 1.0047259405446 -0.1439511888310 0.2627002319173 1.4685045200702 0.1429117890333 0.0805708577956 0.1481645662775 -0.7418916625463 1.0858509953823 0.8041755467524 1.6661364908141 -0.2804944083345 -0.0019364881190 -1.7751511195626 1.4201115742810 0.1587506790386 
1.1630555555556 1.0275061980455 -0.3066802270730 1.0059412399276 -0.1530875231457 0.2656085404183 1.4652230727843 0.1307772291942 0.0862857842125 0.1474858228282 -0.7305078734895 1.0375481687233 0.8141883518512 1.6716092673888 -0.2759534482306 0.0100494274150 -1.7485281549496 1.4398961649265 0.1197102748166 
1.1650000000000 1.0465898109257 -0.3063995730757 1.0071484531057 -0.1617409292832 0.2685249207736 1.4621857245773 0.1191766802774 0.0915959455685 0.1463513280500 -0.7197570090425 0.9916548778840 0.8232046607954 1.6768036263900 -0.2715561226623 0.0211649859659 -1.7216802399626 1.4595733419798 0.0783695939077 
1.1669444444444 1.0656382722358 -0.3061159879611 1.0083473778537 -0.1698454804506 0.2714438440422 1.4594182827561 0.1081472671625 0.0964408904544 0.1447873985282 -0.7098256323834 0.9484234210051 0.8313634777376 1.6816962025526 -0.2672995220369 0.0313615489538 -1.6946101844177 1.4789302359124 0.0352840133916 
1.1688888888889 1.0846454161669 -0.3058317358563 1.0095387501913 -0.1773436422805 0.2743562868843 1.4569465710933 0.0977224563149 0.1007743532300 0.1428228252523 -0.7008885481899 0.9080325665880 0.8387924127006 1.6862568380077 -0.2631789062526 0.0406006322675 -1.6673182293007 1.4978052868336 -0.0091284601056 
1.1708333333333 1.1036057339807 -0.3055488693985 1.0107239907626 -0.1841865777433 0.2772496476644 1.4547958114570 0.0879307052470 0.1045645399268 0.1404881015384 -0.6931050754625 0.8705880624952 0.8456093381439 1.6904497183177 -0.2591887499637 0.0488537745164 -1.6398029008634 1.5160741913059 -0.0545498675555 
1.1727777777778 1.1225143863710 -0.3052692058105 1.0119049314096 -0.1903344573337 0.2801078716836 1.4529896639426 0.0787943464028 0.1077941494676 0.1378150851679 -0.6866162305720 0.8361264619456 0.8519263866566 1.6942346598420 -0.2553240565389 0.0561024523807 -1.6120617118866 1.5336389929339 -0.1007327124927 
1.1747222222222 1.1413672348924 -0.3049943000584 1.0130835587843 -0.1957575316038 0.2829116880131 1.4515487765469 0.0703284388400 0.1104610454444 0.1348372533977 -0.6815419026298 0.8046191438733 0.8578579999816 1.6975682863322 -0.2515818342637 0.0623388673578 -1.5840915624724 1.5504198379794 -0.1474761339820 
1.1766666666667 1.1601556006155 -0.3047264532545 1.0142635273114 -0.2003684262291 0.2856289901289 1.4505415384680 0.0626051310078 0.1125315904023 0.1315569067507 -0.6781462246447 0.7762381142481 0.8633400904547 1.7003839225062 -0.2479634093627 0.0674717535874 -1.5559164074253 1.5664930861670 -0.1948044731175 
1.1786111111111 1.1788779006580 -0.3044664399326 1.0154451953974 -0.2041850715216 0.2882358995721 1.4499557752591 0.0555963043731 0.1140584406015 0.1280327972588 -0.6764432172942 0.7507244182376 0.8685985557820 1.7026392902789 -0.2444759978725 0.0715560054437 -1.5275223006035 1.5817061794409 -0.2423995136778 
1.1805555555556 1.1975346384110 -0.3042145168707 1.0166283571148 -0.2072484271899 0.2907130801799 1.4497654621764 0.0492566926882 0.1151125859030 0.1243260710149 -0.6763874294037 0.7277375604909 0.8739005744585 1.7043034525934 -0.2411309518035 0.0746695491351 -1.4988918133082 1.5959285397147 -0.2900119992102 
1.1825000000000 1.2161239031967 -0.3039713020023 1.0178132180799 -0.2095690004393 0.2930365264950 1.4499682073597 0.0435719614439 0.1157469386051 0.1204796925927 -0.6780058618600 0.7070568741511 0.8794294817632 1.7053383555542 -0.2379459197052 0.0768428165791 -1.4700240265230 1.6091285525994 -0.3375386164886 
1.1844444444444 1.2346440572741 -0.3037372581744 1.0189992560325 -0.2111643605429 0.2951828977332 1.4505551962757 0.0385219344075 0.1160212828906 0.1165387215610 -0.6813065342878 0.6884393421809 0.8853966134930 1.7057104277495 -0.2349450655997 0.0781117923282 -1.4409191502965 1.6212819350611 -0.3848866887240 
1.1863888888889 1.2530937131365 -0.3035126874921 1.0201852290307 -0.2120591953607 0.2971300266384 1.4515109878272 0.0340804692021 0.1160003265012 0.1125500864306 -0.6862783204927 0.6716234696967 0.8920451028944 1.7053911270197 -0.2321590455731 0.0785178910282 -1.4115785914116 1.6323717077317 -0.4319733830009 
1.1883333333333 1.2714716887900 -0.3032977286905 1.0213692196045 -0.2122844750507 0.2988572297111 1.4528139003064 0.0302154468412 0.1157503451304 0.1085616684871 -0.6928920777343 0.6563381723919 0.8996419941770 1.7043572468431 -0.2296246414283 0.0781069529523 -1.3820051305958 1.6423876304752 -0.4787253832981 
1.1902777777778 1.2897769712424 -0.3030923475111 1.0225487115537 -0.2118764101961 0.3003454536369 1.4544367268464 0.0268887422125 0.1153357624644 0.1046209817503 -0.7011021955707 0.6423148602777 0.9084555480121 1.7025909579239 -0.2273841177352 0.0769281213115 -1.3522031261418 1.6513254749127 -0.5250787853112 
1.1922222222222 1.3080087253555 -0.3028963031178 1.0237206850354 -0.2108760614161 0.3015773703374 1.4563474123258 0.0240559546306 0.1148171126673 0.1007737542575 -0.7108473723857 0.6293010292972 0.9187155522389 1.7000796796600 -0.2254843723539 0.0750335000430 -1.3221786681897 1.6591867179119 -0.5709798210452 
1.1941666666667 1.3261628133673 -0.3027095113721 1.0248816814831 -0.2093084619026 0.3025264458926 1.4585259031725 0.0216918669248 0.1142545320275 0.0970624127521 -0.7221275579298 0.6171493011635 0.9305133001174 1.6967962295231 -0.2239848924822 0.0724496724506 -1.2919552500190 1.6660194446294 -0.6163673529323 
1.1961111111111 1.3442353513803 -0.3025313003849 1.0260271826461 -0.2072152927922 0.3031672307862 1.4609397519450 0.0197556933337 0.1137168991433 0.0935321962005 -0.7349102202757 0.6057473778355 0.9437656618281 1.6927183106437 -0.2229523938166 0.0692205422969 -1.2615604326653 1.6718695360197 -0.6611533295694 
1.1980555555556 1.3622331331584 -0.3023594194228 1.0271527784377 -0.2046952733114 0.3035095255518 1.4635117571827 0.0181277908047 0.1132423221301 0.0902145003857 -0.7489378364411 0.5949122172061 0.9581568216301 1.6878880240421 -0.2224255033492 0.0654664068030 -1.2309795944496 1.6766745270079 -0.7053595729793 
