---- AnyBody Output File ---------------------------------
Study: Main.MarkerModelStudy
Operation: Main.MarkerModelStudy.KinematicAnalysis
----------------------------------------------------------
Constants (Name = Value): 
Main.MarkerModelStudy.MarkerModel.Markers.RASIS.MarkerPositionFile.FileName = "RASIS.txt"
Main.MarkerModelStudy.MarkerModel.Markers.RASIS.MarkerPositionFile.Search = 
Main.MarkerModelStudy.MarkerModel.Markers.RASIS.MarkerPositionFile.SepSign = "  "
Main.MarkerModelStudy.MarkerModel.Markers.RASIS.MarkerPositionFile.LineSepSign = ""
Main.MarkerModelStudy.MarkerModel.Markers.RASIS.MarkerPositionFile.Header.TitleSectionOnOff = On
Main.MarkerModelStudy.MarkerModel.Markers.RASIS.MarkerPositionFile.Header.ConstSectionOnOff = On
Main.MarkerModelStudy.MarkerModel.Markers.RASIS.MarkerPositionFile.Header.VarSectionOnOff = On
Main.MarkerModelStudy.MarkerModel.Markers.RASIS.MarkerPositionFile.Header.ColumnNamesOnOff = On
Main.MarkerModelStudy.MarkerModel.Markers.RASIS.MarkerPositionFile.Header.LinePrefix = ""
Main.MarkerModelStudy.MarkerModel.Markers.RASIS.MarkerPositionFile.NumberFormat.Digits = 15
----------------------------------------------------------
Variables (Column# Name): 
col0  Main.MarkerModelStudy.t
col1  Main.MarkerModelStudy.MarkerModel.Markers.RASIS.MarkerPositionFile.px
col2  Main.MarkerModelStudy.MarkerModel.Markers.RASIS.MarkerPositionFile.py
col3  Main.MarkerModelStudy.MarkerModel.Markers.RASIS.MarkerPositionFile.pz
----------------------------------------------------------
Main.MarkerModelStudy.t  Main.MarkerModelStudy.MarkerModel.Markers.RASIS.MarkerPositionFile.px  Main.MarkerModelStudy.MarkerModel.Markers.RASIS.MarkerPositionFile.py  Main.MarkerModelStudy.MarkerModel.Markers.RASIS.MarkerPositionFile.pz
 8.500000000000000e-001  -1.803972225544247e+000  -4.193776172398828e-001   9.356888886812945e-001
 8.521787709497206e-001  -1.781924841843904e+000  -4.192570259576852e-001   9.352594457875378e-001
 8.543575418994412e-001  -1.759681292788177e+000  -4.190558132360063e-001   9.349071268082526e-001
 8.565363128491619e-001  -1.737255362448157e+000  -4.187775397312467e-001   9.346225200151539e-001
 8.587150837988825e-001  -1.714663220508358e+000  -4.184270777567731e-001   9.343960690239092e-001
 8.608938547486031e-001  -1.691923537895930e+000  -4.180106459044627e-001   9.342184010021672e-001
 8.630726256983238e-001  -1.669057002962099e+000  -4.175355727166328e-001   9.340805805861296e-001
 8.652513966480444e-001  -1.646086236834978e+000  -4.170102848110458e-001   9.339743211773554e-001
 8.674301675977650e-001  -1.623035575861012e+000  -4.164442899038133e-001   9.338923250520975e-001
 8.696089385474857e-001  -1.599930552679323e+000  -4.158479787840358e-001   9.338283267945254e-001
 8.717877094972063e-001  -1.576797694561656e+000  -4.152326196502041e-001   9.337772771847220e-001
 8.739664804469269e-001  -1.553664054668787e+000  -4.146102619681242e-001   9.337355034853686e-001
 8.761452513966476e-001  -1.530556766881797e+000  -4.139935181252315e-001   9.337005792549205e-001
 8.783240223463682e-001  -1.507502672418294e+000  -4.133954744653236e-001   9.336714465759042e-001
 8.805027932960888e-001  -1.484527739248683e+000  -4.128294344290613e-001   9.336483892203890e-001
 8.826815642458095e-001  -1.461656800524029e+000  -4.123086953692807e-001   9.336328329669028e-001
 8.848603351955301e-001  -1.438913051278414e+000  -4.118463099728326e-001   9.336273840782604e-001
 8.870391061452507e-001  -1.416317647772562e+000  -4.114547271941905e-001   9.336356286418475e-001
 8.892178770949714e-001  -1.393889651655930e+000  -4.111456078683414e-001   9.336619176089620e-001
 8.913966480446920e-001  -1.371645495733748e+000  -4.109294233179913e-001   9.337112812922230e-001
 8.935754189944126e-001  -1.349598825082379e+000  -4.108151791988526e-001   9.337891682231921e-001
 8.957541899441333e-001  -1.327760566285173e+000  -4.108103349302989e-001   9.339012830872870e-001
 8.979329608938539e-001  -1.306138470743841e+000  -4.109203696365831e-001   9.340534231473461e-001
 9.001117318435745e-001  -1.284737432129248e+000  -4.111487186807205e-001   9.342512610147896e-001
 9.022905027932952e-001  -1.263559648602189e+000  -4.114967788768246e-001   9.345002279135946e-001
 9.044692737430158e-001  -1.242604355134369e+000  -4.119635913827474e-001   9.348052948051121e-001
 9.066480446927364e-001  -1.221868015826811e+000  -4.125462109288171e-001   9.351708664140465e-001
 9.088268156424570e-001  -1.201344321796825e+000  -4.132398659796097e-001   9.356007084541249e-001
 9.110055865921777e-001  -1.181023862397670e+000  -4.140380465229379e-001   9.360977615349075e-001
 9.131843575418983e-001  -1.160894730466361e+000  -4.149329432853031e-001   9.366641634726538e-001
 9.153631284916189e-001  -1.140942727625170e+000  -4.159155841383891e-001   9.373011993735788e-001
 9.175418994413396e-001  -1.121151720467061e+000  -4.169759801706769e-001   9.380091811120119e-001
 9.197206703910602e-001  -1.101504356611680e+000  -4.181034448160732e-001   9.387875574227537e-001
 9.218994413407808e-001  -1.081982369164194e+000  -4.192867146607493e-001   9.396348828127817e-001
 9.240782122905015e-001  -1.062567088572940e+000  -4.205141750131858e-001   9.405488039996767e-001
 9.262569832402221e-001  -1.043239850109668e+000  -4.217741064880387e-001   9.415262417744176e-001
 9.284357541899427e-001  -1.023982280404939e+000  -4.230548576659414e-001   9.425634178179024e-001
 9.306145251396634e-001  -1.004776679395975e+000  -4.243451484428803e-001   9.436560043561879e-001
 9.327932960893840e-001  -9.856061475490576e-001  -4.256342235986208e-001   9.447993280919840e-001
 9.349720670391046e-001  -9.664548508933486e-001  -4.269120828301463e-001   9.459884808478518e-001
 9.371508379888253e-001  -9.473082808880824e-001  -4.281696810073402e-001   9.472185194019407e-001
 9.393296089385459e-001  -9.281532648951406e-001  -4.293988975111967e-001   9.484845761783729e-001
 9.415083798882665e-001  -9.089782651346995e-001  -4.305926919634705e-001   9.497819816463137e-001
 9.436871508379872e-001  -8.897734641819052e-001  -4.317450821324929e-001   9.511063751850739e-001
 9.458659217877078e-001  -8.705306577246331e-001  -4.328510471099605e-001   9.524537292903137e-001
 9.480446927374284e-001  -8.512434784969412e-001  -4.339066275153763e-001   9.538204436097916e-001
 9.502234636871491e-001  -8.319072779110692e-001  -4.349088356244413e-001   9.552033351517514e-001
 9.524022346368697e-001  -8.125189933756960e-001  -4.358555656498983e-001   9.565995978645420e-001
 9.545810055865903e-001  -7.930772962963535e-001  -4.367456528042711e-001   9.580068129914854e-001
 9.567597765363110e-001  -7.735823437173617e-001  -4.375787142521338e-001   9.594228541602713e-001
 9.589385474860316e-001  -7.540356249301087e-001  -4.383550607501214e-001   9.608458349420955e-001
 9.611173184357522e-001  -7.344399297850184e-001  -4.390756760318732e-001   9.622740676497875e-001
 9.632960893854728e-001  -7.147989787997429e-001  -4.397420426183885e-001   9.637059712527656e-001
 9.654748603351935e-001  -6.951172547165626e-001  -4.403560718559190e-001   9.651400228716613e-001
 9.676536312849141e-001  -6.753998016306758e-001  -4.409200428138332e-001   9.665746800231321e-001
 9.698324022346347e-001  -6.556519398114492e-001  -4.414364723974996e-001   9.680083088883166e-001
 9.720111731843554e-001  -6.358791465554742e-001  -4.419080541289286e-001   9.694391312003841e-001
 9.741899441340760e-001  -6.160869204408965e-001  -4.423375459855327e-001   9.708651218036368e-001
 9.763687150837966e-001  -5.962807471785437e-001  -4.427276433507464e-001   9.722839715685973e-001
 9.785474860335173e-001  -5.764660815965781e-001  -4.430808886035276e-001   9.736930293084499e-001
 9.807262569832379e-001  -5.566483254019256e-001  -4.433995332215135e-001   9.750892287012829e-001
 9.829050279329585e-001  -5.368327781160659e-001  -4.436855223532887e-001   9.764691322222399e-001
 9.850837988826792e-001  -5.170245732110297e-001  -4.439404409234496e-001   9.778289084605767e-001
 9.872625698323998e-001  -4.972285623283834e-001  -4.441654953397022e-001   9.791643584497081e-001
 9.894413407821204e-001  -4.774492795780567e-001  -4.443615689440392e-001   9.804709956175652e-001
 9.916201117318411e-001  -4.576908451622370e-001  -4.445292100812690e-001   9.817440615624411e-001
 9.937988826815617e-001  -4.379568745371134e-001  -4.446686777991523e-001   9.829786002846770e-001
 9.959776536312823e-001  -4.182504746341870e-001  -4.447800091418348e-001   9.841695299267286e-001
 9.981564245810030e-001  -3.985741292840631e-001  -4.448630427678696e-001   9.853116908540406e-001
 1.000335195530724e+000  -3.789296782039732e-001  -4.449174947990668e-001   9.863999270162674e-001
 1.002513966480444e+000  -3.593183614002111e-001  -4.449430122450082e-001   9.874291267639236e-001
 1.004692737430165e+000  -3.397407421063292e-001  -4.449392240719594e-001   9.883942796786419e-001
 1.006871508379886e+000  -3.201967422758791e-001  -4.449058209182579e-001   9.892905201329432e-001
 1.009050279329607e+000  -3.006856729917564e-001  -4.448426009011598e-001   9.901131485954496e-001
 1.011229050279327e+000  -2.812061434708251e-001  -4.447495580876137e-001   9.908576976518598e-001
 1.013407821229048e+000  -2.617561033110477e-001  -4.446269304827514e-001   9.915199619056307e-001
 1.015586592178769e+000  -2.423328528782633e-001  -4.444752226893717e-001   9.920960163851944e-001
 1.017765363128490e+000  -2.229329444960010e-001  -4.442952789860393e-001   9.925822911705791e-001
 1.019944134078210e+000  -2.035522446269545e-001  -4.440882729515099e-001   9.929755612735427e-001
 1.022122905027931e+000  -1.841859607751742e-001  -4.438557113253007e-001   9.932729557641631e-001
 1.024301675977652e+000  -1.648286729316512e-001  -4.435994607387233e-001   9.934720038335742e-001
 1.026480446927373e+000  -1.454746794380399e-001  -4.433216500269014e-001   9.935705742380340e-001
 1.028659217877093e+000  -1.261182125476656e-001  -4.430246268219910e-001   9.935668692750785e-001
 1.030837988826814e+000  -1.067538781697908e-001  -4.427108682677038e-001   9.934594205602176e-001
 1.033016759776535e+000  -8.737681709321327e-002  -4.423829000329662e-001   9.932470393320899e-001
 1.035195530726256e+000  -6.798283643254202e-002  -4.420432563025168e-001   9.929288291854893e-001
 1.037374301675976e+000  -4.856843947864697e-002  -4.416944373844265e-001   9.925042200750233e-001
 1.039553072625697e+000  -2.913067054394092e-002  -4.413388925732348e-001   9.919729529528560e-001
 1.041731843575418e+000  -9.667084002674617e-003  -4.409789985510415e-001   9.913351264185687e-001
 1.043910614525138e+000   9.824361161795098e-003  -4.406170317971175e-001   9.905912478173780e-001
 1.046089385474859e+000   2.934541829073546e-002  -4.402551637052631e-001   9.897422197991513e-001
 1.048268156424580e+000   4.889759637940847e-002  -4.398954343579845e-001   9.887894122310892e-001
 1.050446927374301e+000   6.848224646019875e-002  -4.395397324869421e-001   9.877347083778252e-001
 1.052625698324021e+000   8.810061526947992e-002  -4.391897983059150e-001   9.865804847935046e-001
 1.054804469273742e+000   1.077538719331522e-001  -4.388471931886886e-001   9.853297014037985e-001
 1.056983240223463e+000   1.274431285721469e-001  -4.385132913509527e-001   9.839859170866109e-001
 1.059162011173184e+000   1.471694386168831e-001  -4.381892856721710e-001   9.825532599791098e-001
 1.061340782122904e+000   1.669337728916854e-001  -4.378761528903021e-001   9.810365185347444e-001
 1.063519553072625e+000   1.867369933060198e-001  -4.375746469760338e-001   9.794411203318946e-001
 1.065698324022346e+000   2.065798486835443e-001  -4.372852962993424e-001   9.777731124300281e-001
 1.067877094972067e+000   2.264629530148329e-001  -4.370083503950712e-001   9.760392664677622e-001
 1.070055865921787e+000   2.463868171923247e-001  -4.367437848401483e-001   9.742470555015247e-001
 1.072234636871508e+000   2.663518648547532e-001  -4.364913063986154e-001   9.724046582714354e-001
 1.074413407821229e+000   2.863584420231608e-001  -4.362503275973541e-001   9.705210844896326e-001
 1.076592178770950e+000   3.064068129161352e-001  -4.360200315250923e-001   9.686061114676585e-001
 1.078770949720670e+000   3.264971383974623e-001  -4.357994035855096e-001   9.666702895067494e-001
 1.080949720670391e+000   3.466294038259900e-001  -4.355872821663614e-001   9.647250159514942e-001
 1.083128491620112e+000   3.668033649829099e-001  -4.353824551002923e-001   9.627824069434594e-001
 1.085307262569833e+000   3.870184888285359e-001  -4.351837187524144e-001   9.608552875412713e-001
 1.087486033519553e+000   4.072738414169229e-001  -4.349899928116192e-001   9.589571756555877e-001
 1.089664804469274e+000   4.275680976890434e-001  -4.348003975276689e-001   9.571021197200973e-001
 1.091843575418995e+000   4.478995015411830e-001  -4.346143365502849e-001   9.553046579508946e-001
 1.094022346368716e+000   4.682658528482673e-001  -4.344316235558326e-001   9.535797059312804e-001
 1.096201117318436e+000   4.886645704570845e-001  -4.342524928846530e-001   9.519423861059529e-001
 1.098379888268157e+000   5.090926685893192e-001  -4.340776778782473e-001   9.504079175863327e-001
 1.100558659217878e+000   5.295467400624296e-001  -4.339084544105988e-001   9.489913768618606e-001
 1.102737430167599e+000   5.500230116013029e-001  -4.337465831909468e-001   9.477075241097192e-001
 1.104916201117319e+000   5.705173273933721e-001  -4.335943527252212e-001   9.465705617969711e-001
 1.107094972067040e+000   5.910252357651574e-001  -4.334545412363849e-001   9.455938085208813e-001
 1.109273743016761e+000   6.115420925143263e-001  -4.333303314194656e-001   9.447895500443386e-001
 1.111452513966482e+000   6.320631393981909e-001  -4.332253006674084e-001   9.441686279424076e-001
 1.113631284916202e+000   6.525836575592678e-001  -4.331432992982303e-001   9.437401045527493e-001
 1.115810055865923e+000   6.730990604717790e-001  -4.330883477921344e-001   9.435111653094838e-001
 1.117988826815644e+000   6.936050461593432e-001  -4.330645328300643e-001   9.434865723353773e-001
 1.120167597765365e+000   7.140977308179617e-001  -4.330758304824178e-001   9.436685318798296e-001
 1.122346368715085e+000   7.345737133084467e-001  -4.331259999669855e-001   9.440567015988058e-001
 1.124525139664806e+000   7.550302629131955e-001  -4.332183767571056e-001   9.446477254560114e-001
 1.126703910614527e+000   7.754653566440758e-001  -4.333557267166588e-001   9.454355035306575e-001
 1.128882681564247e+000   7.958776996096804e-001  -4.335401537403699e-001   9.464113237976204e-001
 1.131061452513968e+000   8.162668463777699e-001  -4.337728526419425e-001   9.475637379003964e-001
 1.133240223463689e+000   8.366330894212375e-001  -4.340540847706324e-001   9.488791453003558e-001
 1.135418994413410e+000   8.569774319164392e-001  -4.343831137120873e-001   9.503420085998816e-001
 1.137597765363130e+000   8.773015790741128e-001  -4.347580332350077e-001   9.519350984700730e-001
 1.139776536312851e+000   8.976077548337594e-001  -4.351758972342771e-001   9.536400954683002e-001
 1.141955307262572e+000   9.178986380827834e-001  -4.356326980660069e-001   9.554378481527703e-001
 1.144134078212293e+000   9.381772414979447e-001  -4.361233469319663e-001   9.573088158408855e-001
 1.146312849162013e+000   9.584467517471785e-001  -4.366418918044333e-001   9.592334804030619e-001
 1.148491620111734e+000   9.787104448432114e-001  -4.371815498814535e-001   9.611926331841023e-001
 1.150670391061455e+000   9.989715439937893e-001  -4.377348419245903e-001   9.631678206986831e-001
 1.152849162011176e+000   1.019233132197153e+000  -4.382938192865715e-001   9.651415208381754e-001
 1.155027932960896e+000   1.039498057149668e+000  -4.388501670300693e-001   9.670974521902584e-001
 1.157206703910617e+000   1.059768815430019e+000  -4.393954337521158e-001   9.690208925549478e-001
 1.159385474860338e+000   1.080047530672149e+000  -4.399212034820590e-001   9.708986612936678e-001
 1.161564245810059e+000   1.100335856669240e+000  -4.404192673480127e-001   9.727194192984712e-001
 1.163743016759779e+000   1.120634924744546e+000  -4.408818381637798e-001   9.744737594056241e-001
 1.165921787709500e+000   1.140945363563344e+000  -4.413016330149060e-001   9.761540567005342e-001
 1.168100558659221e+000   1.161267208147866e+000  -4.416720759164223e-001   9.777546913741261e-001
 1.170279329608942e+000   1.181599887902589e+000  -4.419874168470742e-001   9.792719130928984e-001
 1.172458100558662e+000   1.201942246349194e+000  -4.422427454474048e-001   9.807036515790450e-001
 1.174636871508383e+000   1.222292435043165e+000  -4.424341876190405e-001   9.820496325706650e-001
 1.176815642458104e+000   1.242647941385406e+000  -4.425588967327609e-001   9.833111036662128e-001
 1.178994413407825e+000   1.263005623885196e+000  -4.426150230620547e-001   9.844906527600806e-001
 1.181173184357545e+000   1.283361653839616e+000  -4.426018496396784e-001   9.855921882037845e-001
 1.183351955307266e+000   1.303711637985712e+000  -4.425196551671774e-001   9.866205953570086e-001
 1.185530726256987e+000   1.324050681454494e+000  -4.423696587043993e-001   9.875815723040814e-001
 1.187709497206708e+000   1.344373434252715e+000  -4.421540532019354e-001   9.884814756713718e-001
 1.189888268156428e+000   1.364674260000014e+000  -4.418758127705574e-001   9.893270349232410e-001
 1.192067039106149e+000   1.384947314942286e+000  -4.415386370371113e-001   9.901252236513246e-001
 1.194245810055870e+000   1.405186671282536e+000  -4.411469084627770e-001   9.908830767034409e-001
 1.196424581005591e+000   1.425386432644687e+000  -4.407055147815766e-001   9.916075518157541e-001
 1.198603351955311e+000   1.445540807673447e+000  -4.402197970568106e-001   9.923054424478187e-001
 1.200782122905032e+000   1.465644229274573e+000  -4.396954657434793e-001   9.929832510398122e-001
 1.202960893854753e+000   1.485691403972744e+000  -4.391384781054794e-001   9.936471550195237e-001
 1.205139664804473e+000   1.505677390117829e+000  -4.385549920522386e-001   9.943029320202604e-001
 1.207318435754194e+000   1.525597706435880e+000  -4.379512852846966e-001   9.949558597297690e-001
 1.209497206703915e+000   1.545448341103066e+000  -4.373336858488542e-001   9.956107174567572e-001
 1.211675977653636e+000   1.565225850914903e+000  -4.367085246024131e-001   9.962716912105869e-001
 1.213854748603356e+000   1.584927456142584e+000  -4.360820591337893e-001   9.969422949239785e-001
 1.216033519553077e+000   1.604551026531761e+000  -4.354604276698278e-001   9.976254011904270e-001
 1.218212290502798e+000   1.624095208938287e+000  -4.348495757557939e-001   9.983231328204686e-001
 1.220391061452519e+000   1.643559481660533e+000  -4.342551710658806e-001   9.990368325064808e-001
 1.222569832402239e+000   1.662944112914712e+000  -4.336825755111105e-001   9.997671130096844e-001
 1.224748603351960e+000   1.682250291555629e+000  -4.331367442413137e-001   1.000513750728290e+000
 1.226927374301681e+000   1.701480116790729e+000  -4.326221790254085e-001   1.001275723365290e+000
 1.229106145251402e+000   1.720636556457808e+000  -4.321429295291894e-001   1.002051279653880e+000
 1.231284916201122e+000   1.739723586938229e+000  -4.317025008835736e-001   1.002837880825347e+000
 1.233463687150843e+000   1.758746161674756e+000  -4.313038808785703e-001   1.003632334830096e+000
 1.235642458100564e+000   1.777710197686362e+000  -4.309495676758645e-001   1.004430888420301e+000
 1.237821229050285e+000   1.796622747219475e+000  -4.306415286232607e-001   1.005229273666133e+000
 1.240000000000005e+000   1.815491953765251e+000  -4.303812952919968e-001   1.006022897403220e+000
