---- AnyBody Output File ---------------------------------
Study: Main.MarkerModelStudy
Operation: Main.MarkerModelStudy.KinematicAnalysis
----------------------------------------------------------
Constants (Name = Value): 
Main.MarkerModelStudy.MarkerModel.Markers.RICST.MarkerPositionFile.FileName = "RICST.txt"
Main.MarkerModelStudy.MarkerModel.Markers.RICST.MarkerPositionFile.Search = 
Main.MarkerModelStudy.MarkerModel.Markers.RICST.MarkerPositionFile.SepSign = "  "
Main.MarkerModelStudy.MarkerModel.Markers.RICST.MarkerPositionFile.LineSepSign = ""
Main.MarkerModelStudy.MarkerModel.Markers.RICST.MarkerPositionFile.Header.TitleSectionOnOff = On
Main.MarkerModelStudy.MarkerModel.Markers.RICST.MarkerPositionFile.Header.ConstSectionOnOff = On
Main.MarkerModelStudy.MarkerModel.Markers.RICST.MarkerPositionFile.Header.VarSectionOnOff = On
Main.MarkerModelStudy.MarkerModel.Markers.RICST.MarkerPositionFile.Header.ColumnNamesOnOff = On
Main.MarkerModelStudy.MarkerModel.Markers.RICST.MarkerPositionFile.Header.LinePrefix = ""
Main.MarkerModelStudy.MarkerModel.Markers.RICST.MarkerPositionFile.NumberFormat.Digits = 15
----------------------------------------------------------
Variables (Column# Name): 
col0  Main.MarkerModelStudy.t
col1  Main.MarkerModelStudy.MarkerModel.Markers.RICST.MarkerPositionFile.px
col2  Main.MarkerModelStudy.MarkerModel.Markers.RICST.MarkerPositionFile.py
col3  Main.MarkerModelStudy.MarkerModel.Markers.RICST.MarkerPositionFile.pz
----------------------------------------------------------
Main.MarkerModelStudy.t  Main.MarkerModelStudy.MarkerModel.Markers.RICST.MarkerPositionFile.px  Main.MarkerModelStudy.MarkerModel.Markers.RICST.MarkerPositionFile.py  Main.MarkerModelStudy.MarkerModel.Markers.RICST.MarkerPositionFile.pz
 8.500000000000000e-001  -1.876412725849374e+000  -4.173475404387929e-001   9.948513518404676e-001
 8.521787709497206e-001  -1.854061097867925e+000  -4.174819489758970e-001   9.944789736687838e-001
 8.543575418994412e-001  -1.831490550301744e+000  -4.176680563471383e-001   9.942164686611718e-001
 8.565363128491619e-001  -1.808713225869540e+000  -4.179047337363017e-001   9.940556171046675e-001
 8.587150837988825e-001  -1.785743686413692e+000  -4.181901230998825e-001   9.939874322437051e-001
 8.608938547486031e-001  -1.762599210204995e+000  -4.185216693434705e-001   9.940023560524782e-001
 8.630726256983238e-001  -1.739299407050834e+000  -4.188963157535258e-001   9.940905730822723e-001
 8.652513966480444e-001  -1.715866231320297e+000  -4.193105734116083e-001   9.942421889662145e-001
 8.674301675977650e-001  -1.692323917238780e+000  -4.197606573677920e-001   9.944475613324280e-001
 8.696089385474857e-001  -1.668698458850217e+000  -4.202426437207014e-001   9.946975139878441e-001
 8.717877094972063e-001  -1.645017494591941e+000  -4.207525593190393e-001   9.949835654840108e-001
 8.739664804469269e-001  -1.621309919853281e+000  -4.212865233368583e-001   9.952982400580621e-001
 8.761452513966476e-001  -1.597605381620823e+000  -4.218408159261700e-001   9.956351038523504e-001
 8.783240223463682e-001  -1.573933979729931e+000  -4.224119618431068e-001   9.959889877763957e-001
 8.805027932960888e-001  -1.550325678348713e+000  -4.229968032546886e-001   9.963561217811582e-001
 8.826815642458095e-001  -1.526809917966642e+000  -4.235924892073422e-001   9.967340247914072e-001
 8.848603351955301e-001  -1.503415103735775e+000  -4.241965247210215e-001   9.971216622518130e-001
 8.870391061452507e-001  -1.480168020587979e+000  -4.248067521981090e-001   9.975193599531642e-001
 8.892178770949714e-001  -1.457093639250092e+000  -4.254213028595320e-001   9.979286021568915e-001
 8.913966480446920e-001  -1.434214494285848e+000  -4.260386014550810e-001   9.983520359279754e-001
 8.935754189944126e-001  -1.411550466719316e+000  -4.266573097116421e-001   9.987931605321653e-001
 8.957541899441333e-001  -1.389118813840714e+000  -4.272762949987087e-001   9.992560927422612e-001
 8.979329608938539e-001  -1.366933665284454e+000  -4.278946396458261e-001   9.997453664780488e-001
 9.001117318435745e-001  -1.345006085581197e+000  -4.285116246806324e-001   1.000265589332497e+000
 9.022905027932952e-001  -1.323344063317344e+000  -4.291267175741009e-001   1.000821266217503e+000
 9.044692737430158e-001  -1.301951888318995e+000  -4.297395834914107e-001   1.001416525316738e+000
 9.066480446927364e-001  -1.280830300930570e+000  -4.303500389896198e-001   1.002054957841525e+000
 9.088268156424570e-001  -1.259976485290432e+000  -4.309580394549796e-001   1.002739520076856e+000
 9.110055865921777e-001  -1.239383707119703e+000  -4.315636876809739e-001   1.003472311880910e+000
 9.131843575418983e-001  -1.219042020982357e+000  -4.321672409268534e-001   1.004254589302310e+000
 9.153631284916189e-001  -1.198938440898561e+000  -4.327691291521262e-001   1.005086718816109e+000
 9.175418994413396e-001  -1.179057121201799e+000  -4.333699955886003e-001   1.005968092339315e+000
 9.197206703910602e-001  -1.159380112266028e+000  -4.339706740390130e-001   1.006897295957627e+000
 9.218994413407808e-001  -1.139887608794358e+000  -4.345721961306910e-001   1.007872123740946e+000
 9.240782122905015e-001  -1.120558487131512e+000  -4.351757941340212e-001   1.008889632459670e+000
 9.262569832402221e-001  -1.101370954717180e+000  -4.357828494499439e-001   1.009946324537568e+000
 9.284357541899427e-001  -1.082302908485126e+000  -4.363948702250755e-001   1.011038197970271e+000
 9.306145251396634e-001  -1.063332482690952e+000  -4.370134089082920e-001   1.012160895342386e+000
 9.327932960893840e-001  -1.044438341974249e+000  -4.376399854380232e-001   1.013309868219656e+000
 9.349720670391046e-001  -1.025600031771836e+000  -4.382760114322724e-001   1.014480483912296e+000
 9.371508379888253e-001  -1.006798373744775e+000  -4.389226832552328e-001   1.015668205560024e+000
 9.393296089385459e-001  -9.880155585712991e-001  -4.395809369357104e-001   1.016868690862375e+000
 9.415083798882665e-001  -9.692355366048372e-001  -4.402513447268385e-001   1.018077933993809e+000
 9.436871508379872e-001  -9.504442285390277e-001  -4.409340378212803e-001   1.019292397449437e+000
 9.458659217877078e-001  -9.316294673317844e-001  -4.416287085137712e-001   1.020509037993931e+000
 9.480446927374284e-001  -9.127813399770047e-001  -4.423345228584207e-001   1.021725438609529e+000
 9.502234636871491e-001  -8.938920599620255e-001  -4.430501624042473e-001   1.022939793182162e+000
 9.524022346368697e-001  -8.749557679490357e-001  -4.437738856744484e-001   1.024150847180169e+000
 9.545810055865903e-001  -8.559686298249050e-001  -4.445035374304812e-001   1.025357912677888e+000
 9.567597765363110e-001  -8.369284492698814e-001  -4.452366693815889e-001   1.026560727799743e+000
 9.589385474860316e-001  -8.178344766730981e-001  -4.459706028194022e-001   1.027759377498306e+000
 9.611173184357522e-001  -7.986873821844090e-001  -4.467024828652749e-001   1.028954226578529e+000
 9.632960893854728e-001  -7.794889474896027e-001  -4.474293709978622e-001   1.030145770496154e+000
 9.654748603351935e-001  -7.602419394229233e-001  -4.481482947944816e-001   1.031334550909197e+000
 9.676536312849141e-001  -7.409499990990648e-001  -4.488563303724196e-001   1.032521008730278e+000
 9.698324022346347e-001  -7.216173139349528e-001  -4.495506657589560e-001   1.033705372673910e+000
 9.720111731843554e-001  -7.022484767005391e-001  -4.502286411147609e-001   1.034887582213786e+000
 9.741899441340760e-001  -6.828482754318254e-001  -4.508878052491125e-001   1.036067164087858e+000
 9.763687150837966e-001  -6.634215326348568e-001  -4.515258923547734e-001   1.037243241585054e+000
 9.785474860335173e-001  -6.439730154801477e-001  -4.521408272885494e-001   1.038414493662183e+000
 9.807262569832379e-001  -6.245073184022552e-001  -4.527307199319404e-001   1.039579117096618e+000
 9.829050279329585e-001  -6.050288195993786e-001  -4.532938388040362e-001   1.040734892920963e+000
 9.850837988826792e-001  -5.855416138907361e-001  -4.538286223468347e-001   1.041879168971515e+000
 9.872625698323998e-001  -5.660494389734877e-001  -4.543336976335880e-001   1.043008883916714e+000
 9.894413407821204e-001  -5.465556850642303e-001  -4.548078754226453e-001   1.044120644800120e+000
 9.916201117318411e-001  -5.270633367089342e-001  -4.552501845714009e-001   1.045210729422616e+000
 9.937988826815617e-001  -5.075749592482680e-001  -4.556598945897757e-001   1.046275139422619e+000
 9.959776536312823e-001  -4.880927419431565e-001  -4.560364988719697e-001   1.047309663413687e+000
 9.981564245810030e-001  -4.686184601534111e-001  -4.563797446328365e-001   1.048309895623130e+000
 1.000335195530724e+000  -4.491534909846969e-001  -4.566896183090781e-001   1.049271296348310e+000
 1.002513966480444e+000  -4.296988376642142e-001  -4.569663179368558e-001   1.050189230942567e+000
 1.004692737430165e+000  -4.102550690940113e-001  -4.572102659314120e-001   1.051058993428747e+000
 1.006871508379886e+000  -3.908223243754122e-001  -4.574220760298035e-001   1.051875846187593e+000
 1.009050279329607e+000  -3.714003319095924e-001  -4.576025284586900e-001   1.052635044203169e+000
 1.011229050279327e+000  -3.519883531454269e-001  -4.577525689099801e-001   1.053331868619588e+000
 1.013407821229048e+000  -3.325852219687843e-001  -4.578732655286825e-001   1.053961661146630e+000
 1.015586592178769e+000  -3.131893541807106e-001  -4.579657825173498e-001   1.054519842877593e+000
 1.017765363128490e+000  -2.937986833258295e-001  -4.580313497577941e-001   1.055001956461027e+000
 1.019944134078210e+000  -2.744106875384216e-001  -4.580712057503039e-001   1.055403683928119e+000
 1.022122905027931e+000  -2.550223820383263e-001  -4.580865649289870e-001   1.055720865114650e+000
 1.024301675977652e+000  -2.356302629121042e-001  -4.580785591915972e-001   1.055949546906107e+000
 1.026480446927373e+000  -2.162304150799659e-001  -4.580482177342257e-001   1.056085985436797e+000
 1.028659217877093e+000  -1.968185680249763e-001  -4.579964556326924e-001   1.056126672087907e+000
 1.030837988826814e+000  -1.773902567836682e-001  -4.579240775989888e-001   1.056068397382334e+000
 1.033016759776535e+000  -1.579410692336027e-001  -4.578318368200290e-001   1.055908265823887e+000
 1.035195530726256e+000  -1.384668275428390e-001  -4.577204748530623e-001   1.055643751966739e+000
 1.037374301675976e+000  -1.189638979608496e-001  -4.575908102890390e-001   1.055272785616537e+000
 1.039553072625697e+000  -9.942929301074766e-002  -4.574437939228488e-001   1.054793727752617e+000
 1.041731843575418e+000  -7.986085247367383e-002  -4.572805734796790e-001   1.054205426805562e+000
 1.043910614525138e+000  -6.025740283852506e-002  -4.571025692351446e-001   1.053507258674907e+000
 1.046089385474859e+000  -4.061867118305947e-002  -4.569114712825845e-001   1.052699090105776e+000
 1.048268156424580e+000  -2.094536415934788e-002  -4.567092853493825e-001   1.051781348608962e+000
 1.050446927374301e+000  -1.239002019315212e-003  -4.564983197339796e-001   1.050755046668825e+000
 1.052625698324021e+000   1.849835759012078e-002  -4.562811249836050e-001   1.049621739636262e+000
 1.054804469273742e+000   3.826432510107003e-002  -4.560604762480906e-001   1.048383605085947e+000
 1.056983240223463e+000   5.805658607553774e-002  -4.558392900857379e-001   1.047043454712427e+000
 1.059162011173184e+000   7.787308019713385e-002  -4.556205723066722e-001   1.045604715024187e+000
 1.061340782122904e+000   9.771224768386215e-002  -4.554073757824115e-001   1.044071549037031e+000
 1.063519553072625e+000   1.175730847096649e-001  -4.552027475199866e-001   1.042448869263700e+000
 1.065698324022346e+000   1.374551166957543e-001  -4.550096980753216e-001   1.040742331300640e+000
 1.067877094972067e+000   1.573584347526678e-001  -4.548311486119337e-001   1.038958480273684e+000
 1.070055865921787e+000   1.772835739535419e-001  -4.546698817375898e-001   1.037104727827474e+000
 1.072234636871508e+000   1.972314505348698e-001  -4.545285113913106e-001   1.035189359239950e+000
 1.074413407821229e+000   2.172033198477668e-001  -4.544094073767734e-001   1.033221690639588e+000
 1.076592178770950e+000   2.372006672653788e-001  -4.543146787942437e-001   1.031212001990361e+000
 1.078770949720670e+000   2.572251626159098e-001  -4.542461491862748e-001   1.029171553366594e+000
 1.080949720670391e+000   2.772786041045439e-001  -4.542052870901359e-001   1.027112698719813e+000
 1.083128491620112e+000   2.973628200526579e-001  -4.541932135998584e-001   1.025048730219109e+000
 1.085307262569833e+000   3.174795993052916e-001  -4.542106699261826e-001   1.022993869811790e+000
 1.087486033519553e+000   3.376305377304549e-001  -4.542579505815857e-001   1.020963249107083e+000
 1.089664804469274e+000   3.578169312578406e-001  -4.543349362844774e-001   1.018972692494839e+000
 1.091843575418995e+000   3.780396588795011e-001  -4.544410574342568e-001   1.017038659257738e+000
 1.094022346368716e+000   3.982990100403446e-001  -4.545752571972284e-001   1.015178085147598e+000
 1.096201117318436e+000   4.185946720648652e-001  -4.547360462242460e-001   1.013408161544409e+000
 1.098379888268157e+000   4.389256172072869e-001  -4.549214686064288e-001   1.011746195158605e+000
 1.100558659217878e+000   4.592900256477027e-001  -4.551291030890033e-001   1.010209324133161e+000
 1.102737430167599e+000   4.796853610493877e-001  -4.553561333760642e-001   1.008814313251539e+000
 1.104916201117319e+000   5.001082992282907e-001  -4.555993353052886e-001   1.007577268027303e+000
 1.107094972067040e+000   5.205547826088542e-001  -4.558551455275802e-001   1.006513238652818e+000
 1.109273743016761e+000   5.410201464946111e-001  -4.561197513340214e-001   1.005636038202893e+000
 1.111452513966482e+000   5.614991311488892e-001  -4.563891396763489e-001   1.004957747124338e+000
 1.113631284916202e+000   5.819860544121778e-001  -4.566592268938614e-001   1.004488316453371e+000
 1.115810055865923e+000   6.024749582875252e-001  -4.569259437473394e-001   1.004235459488587e+000
 1.117988826815644e+000   6.229597512197580e-001  -4.571853495675203e-001   1.004204015004458e+000
 1.120167597765365e+000   6.434344860517293e-001  -4.574337363018000e-001   1.004395822348414e+000
 1.122346368715085e+000   6.638935401380876e-001  -4.576676668831349e-001   1.004809757347976e+000
 1.124525139664806e+000   6.843319626878912e-001  -4.578840727098046e-001   1.005441241769280e+000
 1.126703910614527e+000   7.047456707835945e-001  -4.580802618322010e-001   1.006282634825708e+000
 1.128882681564247e+000   7.251315340361484e-001  -4.582539314386419e-001   1.007323443622482e+000
 1.131061452513968e+000   7.454876000850925e-001  -4.584032456231039e-001   1.008550312364112e+000
 1.133240223463689e+000   7.658130049393351e-001  -4.585267877818612e-001   1.009947753153335e+000
 1.135418994413410e+000   7.861079821914837e-001  -4.586235531830553e-001   1.011498435169303e+000
 1.137597765363130e+000   8.063739498392589e-001  -4.586929570868102e-001   1.013183540101968e+000
 1.139776536312851e+000   8.266132723806112e-001  -4.587347616374982e-001   1.014983379127424e+000
 1.141955307262572e+000   8.468292020001966e-001  -4.587490736333608e-001   1.016877674396284e+000
 1.144134078212293e+000   8.670257521038256e-001  -4.587363586440370e-001   1.018846019822661e+000
 1.146312849162013e+000   8.872074579816873e-001  -4.586973881327064e-001   1.020868245483185e+000
 1.148491620111734e+000   9.073792879140448e-001  -4.586332478499773e-001   1.022924701973207e+000
 1.150670391061455e+000   9.275464691164748e-001  -4.585453305457963e-001   1.024996686547273e+000
 1.152849162011176e+000   9.477143130633658e-001  -4.584352804828881e-001   1.027066569792423e+000
 1.155027932960896e+000   9.678880862590938e-001  -4.583049940150935e-001   1.029118089046976e+000
 1.157206703910617e+000   9.880727981117043e-001  -4.581565849599015e-001   1.031136618029572e+000
 1.159385474860338e+000   1.008273095466506e+000  -4.579923284175254e-001   1.033109110800382e+000
 1.161564245810059e+000   1.028493085932889e+000  -4.578146391097561e-001   1.035024375728657e+000
 1.163743016759779e+000   1.048736173827409e+000  -4.576260062266915e-001   1.036873138569756e+000
 1.165921787709500e+000   1.069005043582089e+000  -4.574289442027031e-001   1.038647884123065e+000
 1.168100558659221e+000   1.089301488797586e+000  -4.572259425230058e-001   1.040343066834577e+000
 1.170279329608942e+000   1.109626407519449e+000  -4.570194051135217e-001   1.041954972971851e+000
 1.172458100558662e+000   1.129979863299918e+000  -4.568116230745447e-001   1.043481533389751e+000
 1.174636871508383e+000   1.150360986591449e+000  -4.566047150438787e-001   1.044922434501232e+000
 1.176815642458104e+000   1.170768033333274e+000  -4.564005856870385e-001   1.046278837592197e+000
 1.178994413407825e+000   1.191198399838345e+000  -4.562008988569232e-001   1.047553186978508e+000
 1.181173184357545e+000   1.211648452559123e+000  -4.560069852607427e-001   1.048749157354891e+000
 1.183351955307266e+000   1.232113538978575e+000  -4.558198112821416e-001   1.049871286698905e+000
 1.185530726256987e+000   1.252587972518045e+000  -4.556399572717333e-001   1.050924794836410e+000
 1.187709497206708e+000   1.273064873221501e+000  -4.554675358866692e-001   1.051915381435934e+000
 1.189888268156428e+000   1.293536314801065e+000  -4.553022361665632e-001   1.052848928251773e+000
 1.192067039106149e+000   1.313993355733084e+000  -4.551433258856416e-001   1.053731351684773e+000
 1.194245810055870e+000   1.334426065063092e+000  -4.549896403967911e-001   1.054568377683697e+000
 1.196424581005591e+000   1.354823917464655e+000  -4.548397171459327e-001   1.055365453812377e+000
 1.198603351955311e+000   1.375176036100954e+000  -4.546918676372619e-001   1.056127685352066e+000
 1.200782122905032e+000   1.395471777757053e+000  -4.545443592440209e-001   1.056859788738313e+000
 1.202960893854753e+000   1.415701118743417e+000  -4.543955520589420e-001   1.057566145197223e+000
 1.205139664804473e+000   1.435854973249782e+000  -4.542439887667026e-001   1.058250781252572e+000
 1.207318435754194e+000   1.455925438824221e+000  -4.540884405504114e-001   1.058917331574190e+000
 1.209497206703915e+000   1.475905695969707e+000  -4.539278619212023e-001   1.059569076742874e+000
 1.211675977653636e+000   1.495790131618883e+000  -4.537613898150482e-001   1.060208910997549e+000
 1.213854748603356e+000   1.515574442588138e+000  -4.535883561583324e-001   1.060839359933625e+000
 1.216033519553077e+000   1.535255540738162e+000  -4.534083021078864e-001   1.061462600154309e+000
 1.218212290502798e+000   1.554831715133354e+000  -4.532210433223563e-001   1.062080389180961e+000
 1.220391061452519e+000   1.574302579308902e+000  -4.530267225566904e-001   1.062693980671299e+000
 1.222569832402239e+000   1.593668940070825e+000  -4.528258031588280e-001   1.063304134556340e+000
 1.224748603351960e+000   1.612932926053318e+000  -4.526191290506842e-001   1.063911027561216e+000
 1.226927374301681e+000   1.632097932771455e+000  -4.524079068802794e-001   1.064514303899100e+000
 1.229106145251402e+000   1.651168535571929e+000  -4.521936701029046e-001   1.065113143022254e+000
 1.231284916201122e+000   1.670150633690615e+000  -4.519782970448108e-001   1.065706256760694e+000
 1.233463687150843e+000   1.689051330908401e+000  -4.517639440075013e-001   1.066292004912157e+000
 1.235642458100564e+000   1.707878861760946e+000  -4.515530033327493e-001   1.066868462486446e+000
 1.237821229050285e+000   1.726642693683836e+000  -4.513480816970130e-001   1.067433468042979e+000
 1.240000000000005e+000   1.745353368478596e+000  -4.511519259740240e-001   1.067984721753458e+000
