---- AnyBody Output File ---------------------------------
Study: Main.MarkerModelStudy
Operation: Main.MarkerModelStudy.KinematicAnalysis
----------------------------------------------------------
Constants (Name = Value): 
Main.MarkerModelStudy.MarkerModel.Markers.RLME.MarkerPositionFile.FileName = "RLME.txt"
Main.MarkerModelStudy.MarkerModel.Markers.RLME.MarkerPositionFile.Search = 
Main.MarkerModelStudy.MarkerModel.Markers.RLME.MarkerPositionFile.SepSign = "  "
Main.MarkerModelStudy.MarkerModel.Markers.RLME.MarkerPositionFile.LineSepSign = ""
Main.MarkerModelStudy.MarkerModel.Markers.RLME.MarkerPositionFile.Header.TitleSectionOnOff = On
Main.MarkerModelStudy.MarkerModel.Markers.RLME.MarkerPositionFile.Header.ConstSectionOnOff = On
Main.MarkerModelStudy.MarkerModel.Markers.RLME.MarkerPositionFile.Header.VarSectionOnOff = On
Main.MarkerModelStudy.MarkerModel.Markers.RLME.MarkerPositionFile.Header.ColumnNamesOnOff = On
Main.MarkerModelStudy.MarkerModel.Markers.RLME.MarkerPositionFile.Header.LinePrefix = ""
Main.MarkerModelStudy.MarkerModel.Markers.RLME.MarkerPositionFile.NumberFormat.Digits = 15
----------------------------------------------------------
Variables (Column# Name): 
col0  Main.MarkerModelStudy.t
col1  Main.MarkerModelStudy.MarkerModel.Markers.RLME.MarkerPositionFile.px
col2  Main.MarkerModelStudy.MarkerModel.Markers.RLME.MarkerPositionFile.py
col3  Main.MarkerModelStudy.MarkerModel.Markers.RLME.MarkerPositionFile.pz
----------------------------------------------------------
Main.MarkerModelStudy.t  Main.MarkerModelStudy.MarkerModel.Markers.RLME.MarkerPositionFile.px  Main.MarkerModelStudy.MarkerModel.Markers.RLME.MarkerPositionFile.py  Main.MarkerModelStudy.MarkerModel.Markers.RLME.MarkerPositionFile.pz
 8.500000000000000e-001  -2.148575380241014e+000  -3.188764276250055e-001   1.544045136140572e-001
 8.521787709497206e-001  -2.143052367376813e+000  -3.204368950886219e-001   1.585154019287007e-001
 8.543575418994412e-001  -2.137157413260516e+000  -3.221571640325007e-001   1.626840194861489e-001
 8.565363128491619e-001  -2.130879879507496e+000  -3.240279470721832e-001   1.669038523553154e-001
 8.587150837988825e-001  -2.124211521014718e+000  -3.260402302210477e-001   1.711697671388837e-001
 8.608938547486031e-001  -2.117146919134533e+000  -3.281853581645378e-001   1.754785219762846e-001
 8.630726256983238e-001  -2.109683220311211e+000  -3.304549318132523e-001   1.798288118143969e-001
 8.652513966480444e-001  -2.101820246022029e+000  -3.328407490959939e-001   1.842215177032362e-001
 8.674301675977650e-001  -2.093560552457618e+000  -3.353346359261152e-001   1.886600653296220e-001
 8.696089385474857e-001  -2.084908847695254e+000  -3.379282691891842e-001   1.931501389508546e-001
 8.717877094972063e-001  -2.075871882492470e+000  -3.406130098899369e-001   1.976997958908395e-001
 8.739664804469269e-001  -2.066458017595826e+000  -3.433796030917742e-001   2.023193232648232e-001
 8.761452513966476e-001  -2.056676702648259e+000  -3.462180483191349e-001   2.070206910681478e-001
 8.783240223463682e-001  -2.046538265545960e+000  -3.491173523638630e-001   2.118173843777110e-001
 8.805027932960888e-001  -2.036053571218157e+000  -3.520653352124634e-001   2.167238333196662e-001
 8.826815642458095e-001  -2.025233825389406e+000  -3.550487256548373e-001   2.217549189401606e-001
 8.848603351955301e-001  -2.014090475227442e+000  -3.580530502102622e-001   2.269255744337023e-001
 8.870391061452507e-001  -2.002635064935227e+000  -3.610628061763024e-001   2.322502073022405e-001
 8.892178770949714e-001  -1.990879083055171e+000  -3.640616959087910e-001   2.377424151230945e-001
 8.913966480446920e-001  -1.978833737759136e+000  -3.670327426782915e-001   2.434144809187946e-001
 8.935754189944126e-001  -1.966509588653007e+000  -3.699586293816640e-001   2.492770546458182e-001
 8.957541899441333e-001  -1.953916388079142e+000  -3.728219051936537e-001   2.553391352401533e-001
 8.979329608938539e-001  -1.941062711863030e+000  -3.756052389058980e-001   2.616077572426563e-001
 9.001117318435745e-001  -1.927955886062864e+000  -3.782917026793221e-001   2.680882381354176e-001
 9.022905027932952e-001  -1.914601929496551e+000  -3.808649451773639e-001   2.747843190671311e-001
 9.044692737430158e-001  -1.901005203592207e+000  -3.833095806239716e-001   2.816980874200524e-001
 9.066480446927364e-001  -1.887168300695331e+000  -3.856114337189014e-001   2.888301249262564e-001
 9.088268156424570e-001  -1.873091909446907e+000  -3.877577338659495e-001   2.961794801920648e-001
 9.110055865921777e-001  -1.858774362343671e+000  -3.897376229565543e-001   3.037433619103305e-001
 9.131843575418983e-001  -1.844211869083555e+000  -3.915421857285569e-001   3.115172391352715e-001
 9.153631284916189e-001  -1.829398528671585e+000  -3.931646042400518e-001   3.194947705212263e-001
 9.175418994413396e-001  -1.814326356063396e+000  -3.946004697870068e-001   3.276676290086034e-001
 9.197206703910602e-001  -1.798985790249577e+000  -3.958474474647066e-001   3.360258165965628e-001
 9.218994413407808e-001  -1.783365826412022e+000  -3.969052904097513e-001   3.445576749614153e-001
 9.240782122905015e-001  -1.767454266738910e+000  -3.977757347853247e-001   3.532499888699538e-001
 9.262569832402221e-001  -1.751238096253133e+000  -3.984620395123749e-001   3.620883706184322e-001
 9.284357541899427e-001  -1.734703621764712e+000  -3.989688984403901e-001   3.710573537167268e-001
 9.306145251396634e-001  -1.717836744453085e+000  -3.993021909812067e-001   3.801406398800020e-001
 9.327932960893840e-001  -1.700623201402712e+000  -3.994686791327555e-001   3.893213556405560e-001
 9.349720670391046e-001  -1.683048743530610e+000  -3.994759325162511e-001   3.985821479729312e-001
 9.371508379888253e-001  -1.665099416278007e+000  -3.993321466825020e-001   4.079053451589564e-001
 9.393296089385459e-001  -1.646761706677177e+000  -3.990459789198482e-001   4.172730685991787e-001
 9.415083798882665e-001  -1.628022791833315e+000  -3.986264872662341e-001   4.266672950652509e-001
 9.436871508379872e-001  -1.608870767327714e+000  -3.980829766262895e-001   4.360699636583502e-001
 9.458659217877078e-001  -1.589294705029237e+000  -3.974248898332439e-001   4.454630439700846e-001
 9.480446927374284e-001  -1.569284940108024e+000  -3.966617090172289e-001   4.548286259301947e-001
 9.502234636871491e-001  -1.548833171780969e+000  -3.958028282957143e-001   4.641490138802125e-001
 9.524022346368697e-001  -1.527932469960171e+000  -3.948574987006389e-001   4.734067669028709e-001
 9.545810055865903e-001  -1.506577574635865e+000  -3.938347318819403e-001   4.825848046541018e-001
 9.567597765363110e-001  -1.484764866803028e+000  -3.927432726482440e-001   4.916664336270992e-001
 9.589385474860316e-001  -1.462492352843874e+000  -3.915915935222563e-001   5.006353570976584e-001
 9.611173184357522e-001  -1.439759916016543e+000  -3.903878502586448e-001   5.094757535482827e-001
 9.632960893854728e-001  -1.416569139915195e+000  -3.891399213021448e-001   5.181722499454101e-001
 9.654748603351935e-001  -1.392923289449625e+000  -3.878554176374704e-001   5.267099340842123e-001
 9.676536312849141e-001  -1.368827471940585e+000  -3.865416692813489e-001   5.350744391823231e-001
 9.698324022346347e-001  -1.344288383285330e+000  -3.852057678748780e-001   5.432519311242210e-001
 9.720111731843554e-001  -1.319314294436712e+000  -3.838545667831058e-001   5.512291574282271e-001
 9.741899441340760e-001  -1.293915078461593e+000  -3.824946622291153e-001   5.589935746060883e-001
 9.763687150837966e-001  -1.268101884229944e+000  -3.811324080690484e-001   5.665333257208113e-001
 9.785474860335173e-001  -1.241887084469496e+000  -3.797738874588764e-001   5.738373218145176e-001
 9.807262569832379e-001  -1.215284136937004e+000  -3.784248558399029e-001   5.808953729326721e-001
 9.829050279329585e-001  -1.188307327211319e+000  -3.770907648011456e-001   5.876981464207475e-001
 9.850837988826792e-001  -1.160971729991021e+000  -3.757767340901768e-001   5.942372807857468e-001
 9.872625698323998e-001  -1.133293130636241e+000  -3.744875623077114e-001   6.005054662574254e-001
 9.894413407821204e-001  -1.105287886256724e+000  -3.732277785601051e-001   6.064963171485970e-001
 9.916201117318411e-001  -1.076972916949613e+000  -3.720016313223476e-001   6.122044365304287e-001
 9.937988826815617e-001  -1.048365588942430e+000  -3.708130975515721e-001   6.176253407444546e-001
 9.959776536312823e-001  -1.019483598591897e+000  -3.696659197564801e-001   6.227553201562185e-001
 9.981564245810030e-001  -9.903449286024428e-001  -3.685635948811893e-001   6.275914683807217e-001
 1.000335195530724e+000  -9.609677608543844e-001  -3.675094187184901e-001   6.321315875469312e-001
 1.002513966480444e+000  -9.313704202945597e-001  -3.665065251776732e-001   6.363740890300126e-001
 1.004692737430165e+000  -9.015713427553799e-001  -3.655578960243880e-001   6.403180124083744e-001
 1.006871508379886e+000  -8.715890198949204e-001  -3.646663874148024e-001   6.439629276600045e-001
 1.009050279329607e+000  -8.414419785498906e-001  -3.638347356873654e-001   6.473088742104570e-001
 1.011229050279327e+000  -8.111487684749779e-001  -3.630655304973223e-001   6.503563808573132e-001
 1.013407821229048e+000  -7.807279686789750e-001  -3.623611935191063e-001   6.531064033389443e-001
 1.015586592178769e+000  -7.501981867531926e-001  -3.617239603901312e-001   6.555603023088191e-001
 1.017765363128490e+000  -7.195780546909305e-001  -3.611558161931100e-001   6.577198848411214e-001
 1.019944134078210e+000  -6.888861627005126e-001  -3.606584806110893e-001   6.595873506796004e-001
 1.022122905027931e+000  -6.581409981109517e-001  -3.602333810357337e-001   6.611652829074737e-001
 1.024301675977652e+000  -6.273607953067810e-001  -3.598815686683790e-001   6.624566724737526e-001
 1.026480446927373e+000  -5.965634228646919e-001  -3.596037071236028e-001   6.634648574084394e-001
 1.028659217877093e+000  -5.657662737845157e-001  -3.594000252145910e-001   6.641935220293934e-001
 1.030837988826814e+000  -5.349860473190508e-001  -3.592702160865375e-001   6.646467119695401e-001
 1.033016759776535e+000  -5.042386926658052e-001  -3.592134663998683e-001   6.648287771402767e-001
 1.035195530726256e+000  -4.735392629450821e-001  -3.592284098704376e-001   6.647443742095608e-001
 1.037374301675976e+000  -4.429016915284248e-001  -3.593130847609277e-001   6.643984535228057e-001
 1.039553072625697e+000  -4.123388111223861e-001  -3.594650165302892e-001   6.637961960584247e-001
 1.041731843575418e+000  -3.818621737587286e-001  -3.596811965506278e-001   6.629430042420295e-001
 1.043910614525138e+000  -3.514818902879493e-001  -3.599581218848988e-001   6.618444615153827e-001
 1.046089385474859e+000  -3.212067219697237e-001  -3.602919044980959e-001   6.605062784565260e-001
 1.048268156424580e+000  -2.910438866828012e-001  -3.606782965874003e-001   6.589342693138645e-001
 1.050446927374301e+000  -2.609990096650996e-001  -3.611128053045307e-001   6.571342983671515e-001
 1.052625698324021e+000  -2.310762608904234e-001  -3.615907984174611e-001   6.551122452303809e-001
 1.054804469273742e+000  -2.012781791106510e-001  -3.621075901720291e-001   6.528739725035142e-001
 1.056983240223463e+000  -1.716057508628305e-001  -3.626585824142677e-001   6.504252886936405e-001
 1.059162011173184e+000  -1.420585599464428e-001  -3.632393397507051e-001   6.477719310594715e-001
 1.061340782122904e+000  -1.126346607527246e-001  -3.638457193514727e-001   6.449195292996232e-001
 1.063519553072625e+000  -8.333074045963260e-002  -3.644739656436269e-001   6.418735928974713e-001
 1.065698324022346e+000  -5.414223147431644e-002  -3.651207507826255e-001   6.386395183611786e-001
 1.067877094972067e+000  -2.506320786691349e-002  -3.657833178417578e-001   6.352225865907776e-001
 1.070055865921787e+000   3.913441272705074e-003  -3.664595096918555e-001   6.316280161634235e-001
 1.072234636871508e+000   3.279593454312443e-002  -3.671477896172101e-001   6.278610037392174e-001
 1.074413407821229e+000   6.159364963221992e-002  -3.678473660740503e-001   6.239267998813864e-001
 1.076592178770950e+000   9.031691106569187e-002  -3.685581275700755e-001   6.198307986174239e-001
 1.078770949720670e+000   1.189769330321609e-001  -3.692806369754216e-001   6.155786025207954e-001
 1.080949720670391e+000   1.475858200353738e-001  -3.700161692357591e-001   6.111761625368624e-001
 1.083128491620112e+000   1.761564010677291e-001  -3.707665771107787e-001   6.066298335060669e-001
 1.085307262569833e+000   2.047022048437783e-001  -3.715342669757585e-001   6.019464498318686e-001
 1.087486033519553e+000   2.332374350362401e-001  -3.723221659522188e-001   5.971334659073706e-001
 1.089664804469274e+000   2.617768118887330e-001  -3.731335983410746e-001   5.921989512499613e-001
 1.091843575418995e+000   2.903355336774361e-001  -3.739722566706009e-001   5.871516776516610e-001
 1.094022346368716e+000   3.189291729215589e-001  -3.748421282942239e-001   5.820012373394663e-001
 1.096201117318436e+000   3.475735214438035e-001  -3.757473811296311e-001   5.767579978948014e-001
 1.098379888268157e+000   3.762844990190478e-001  -3.766923018248457e-001   5.714332062443009e-001
 1.100558659217878e+000   4.050779589235546e-001  -3.776811694859998e-001   5.660390518962808e-001
 1.102737430167599e+000   4.339695438310986e-001  -3.787181736803920e-001   5.605885696309234e-001
 1.104916201117319e+000   4.629744982488966e-001  -3.798073208486263e-001   5.550957176855198e-001
 1.107094972067040e+000   4.921074150199243e-001  -3.809523345591002e-001   5.495753043194218e-001
 1.109273743016761e+000   5.213821354034024e-001  -3.821566353444508e-001   5.440428186280029e-001
 1.111452513966482e+000   5.508114708935300e-001  -3.834232562345378e-001   5.385143780189090e-001
 1.113631284916202e+000   5.804070505836354e-001  -3.847548232189986e-001   5.330064521581203e-001
 1.115810055865923e+000   6.101793286130693e-001  -3.861535696218518e-001   5.275356634770613e-001
 1.117988826815644e+000   6.401373448052029e-001  -3.876212671952132e-001   5.221185568456438e-001
 1.120167597765365e+000   6.702887489703352e-001  -3.891592349132068e-001   5.167713317505585e-001
 1.122346368715085e+000   7.006398332233264e-001  -3.907683577287697e-001   5.115097037323197e-001
 1.124525139664806e+000   7.311953028263147e-001  -3.924490330905878e-001   5.063486082055696e-001
 1.126703910614527e+000   7.619583731665580e-001  -3.942012434728224e-001   5.013020473132472e-001
 1.128882681564247e+000   7.929307955970661e-001  -3.960245891900603e-001   4.963829946095787e-001
 1.131061452513968e+000   8.241126856715225e-001  -3.979182852002278e-001   4.916031007019795e-001
 1.133240223463689e+000   8.555027319302277e-001  -3.998812289806965e-001   4.869727518876560e-001
 1.135418994413410e+000   8.870982143591191e-001  -4.019120081187729e-001   4.825010406232267e-001
 1.137597765363130e+000   9.188949014927844e-001  -4.040088668206017e-001   4.781956434604855e-001
 1.139776536312851e+000   9.508872338371370e-001  -4.061697184107090e-001   4.740630378290995e-001
 1.141955307262572e+000   9.830682823739589e-001  -4.083921107980138e-001   4.701085015571804e-001
 1.144134078212293e+000   1.015429637199922e+000  -4.106731484261750e-001   4.663360837223242e-001
 1.146312849162013e+000   1.047961588205000e+000  -4.130095071545468e-001   4.627487610479737e-001
 1.148491620111734e+000   1.080653052663786e+000  -4.153973775864053e-001   4.593483693200254e-001
 1.150670391061455e+000   1.113491521926709e+000  -4.178323891217708e-001   4.561354986756360e-001
 1.152849162011176e+000   1.146463243061622e+000  -4.203096416279747e-001   4.531095946556959e-001
 1.155027932960896e+000   1.179553140254611e+000  -4.228236360742642e-001   4.502688276956287e-001
 1.157206703910617e+000   1.212744880733601e+000  -4.253682563170348e-001   4.476100517229953e-001
 1.159385474860338e+000   1.246021115223167e+000  -4.279368630061134e-001   4.451289691258220e-001
 1.161564245810059e+000   1.279363499350095e+000  -4.305222796274442e-001   4.428200527838487e-001
 1.163743016759779e+000   1.312752902871910e+000  -4.331168830455698e-001   4.406766745349745e-001
 1.165921787709500e+000   1.346169580858501e+000  -4.357126931003382e-001   4.386913029833985e-001
 1.168100558659221e+000   1.379593216085199e+000  -4.383013906099642e-001   4.368555302271833e-001
 1.170279329608942e+000   1.413003065009273e+000  -4.408744091591651e-001   4.351603137179191e-001
 1.172458100558662e+000   1.446378070854170e+000  -4.434230146757595e-001   4.335961570564655e-001
 1.174636871508383e+000   1.479696945541400e+000  -4.459383814919475e-001   4.321532503801014e-001
 1.176815642458104e+000   1.512938318459845e+000  -4.484117330485136e-001   4.308217122692618e-001
 1.178994413407825e+000   1.546080796152641e+000  -4.508344190154254e-001   4.295917113081065e-001
 1.181173184357545e+000   1.579103023936996e+000  -4.531980534461059e-001   4.284536426878271e-001
 1.183351955307266e+000   1.611983692008856e+000  -4.554945945961637e-001   4.273982215035763e-001
 1.185530726256987e+000   1.644701538590425e+000  -4.577163977343222e-001   4.264165259446822e-001
 1.187709497206708e+000   1.677235361918080e+000  -4.598563566657483e-001   4.255000961708787e-001
 1.189888268156428e+000   1.709564043696360e+000  -4.619079232293926e-001   4.246409059312131e-001
 1.192067039106149e+000   1.741666574464935e+000  -4.638651557040245e-001   4.238313726174109e-001
 1.194245810055870e+000   1.773522116711408e+000  -4.657228399786056e-001   4.230643980653838e-001
 1.196424581005591e+000   1.805110053801440e+000  -4.674764361771981e-001   4.223332907180522e-001
 1.198603351955311e+000   1.836410060566218e+000  -4.691221228843185e-001   4.216317603413936e-001
 1.200782122905032e+000   1.867402264570597e+000  -4.706568745856517e-001   4.209539009449070e-001
 1.202960893854753e+000   1.898067301981713e+000  -4.720783669847832e-001   4.202940926203226e-001
 1.205139664804473e+000   1.928386439597104e+000  -4.733850137362431e-001   4.196469672576884e-001
 1.207318435754194e+000   1.958341744536711e+000  -4.745759595249588e-001   4.190073010938805e-001
 1.209497206703915e+000   1.987916120455517e+000  -4.756509621299258e-001   4.183698951764375e-001
 1.211675977653636e+000   2.017093511969889e+000  -4.766104138498190e-001   4.177294797399806e-001
 1.213854748603356e+000   2.045859156208792e+000  -4.774553100214602e-001   4.170805801312055e-001
 1.216033519553077e+000   2.074199605494642e+000  -4.781871637518441e-001   4.164174821873912e-001
 1.218212290502798e+000   2.102103039499866e+000  -4.788080368814052e-001   4.157341570707257e-001
 1.220391061452519e+000   2.129559465507113e+000  -4.793204982227590e-001   4.150242455388728e-001
 1.222569832402239e+000   2.156560652731410e+000  -4.797275307155398e-001   4.142810762172496e-001
 1.224748603351960e+000   2.183100421942299e+000  -4.800324952072082e-001   4.134976087200341e-001
 1.226927374301681e+000   2.209174358223240e+000  -4.802388446903088e-001   4.126663623745995e-001
 1.229106145251402e+000   2.234779438336744e+000  -4.803498951565738e-001   4.117793785591996e-001
 1.231284916201122e+000   2.259913780570491e+000  -4.803684662187112e-001   4.108280643363219e-001
 1.233463687150843e+000   2.284576223797348e+000  -4.802966862015311e-001   4.098032520054762e-001
 1.235642458100564e+000   2.308766300294018e+000  -4.801360230034850e-001   4.086952956287870e-001
 1.237821229050285e+000   2.332484537702998e+000  -4.798873375909880e-001   4.074941796423285e-001
 1.240000000000005e+000   2.355733043793741e+000  -4.795513177790593e-001   4.061897291101350e-001
