---- AnyBody Output File ---------------------------------
Study: Main.MarkerModelStudy
Operation: Main.MarkerModelStudy.KinematicAnalysis
----------------------------------------------------------
Constants (Name = Value): 
Main.MarkerModelStudy.MarkerModel.Markers.TRNK1.MarkerPositionFile.FileName = "TRNK1.txt"
Main.MarkerModelStudy.MarkerModel.Markers.TRNK1.MarkerPositionFile.Search = 
Main.MarkerModelStudy.MarkerModel.Markers.TRNK1.MarkerPositionFile.SepSign = "  "
Main.MarkerModelStudy.MarkerModel.Markers.TRNK1.MarkerPositionFile.LineSepSign = ""
Main.MarkerModelStudy.MarkerModel.Markers.TRNK1.MarkerPositionFile.Header.TitleSectionOnOff = On
Main.MarkerModelStudy.MarkerModel.Markers.TRNK1.MarkerPositionFile.Header.ConstSectionOnOff = On
Main.MarkerModelStudy.MarkerModel.Markers.TRNK1.MarkerPositionFile.Header.VarSectionOnOff = On
Main.MarkerModelStudy.MarkerModel.Markers.TRNK1.MarkerPositionFile.Header.ColumnNamesOnOff = On
Main.MarkerModelStudy.MarkerModel.Markers.TRNK1.MarkerPositionFile.Header.LinePrefix = ""
Main.MarkerModelStudy.MarkerModel.Markers.TRNK1.MarkerPositionFile.NumberFormat.Digits = 15
----------------------------------------------------------
Variables (Column# Name): 
col0  Main.MarkerModelStudy.t
col1  Main.MarkerModelStudy.MarkerModel.Markers.TRNK1.MarkerPositionFile.px
col2  Main.MarkerModelStudy.MarkerModel.Markers.TRNK1.MarkerPositionFile.py
col3  Main.MarkerModelStudy.MarkerModel.Markers.TRNK1.MarkerPositionFile.pz
----------------------------------------------------------
Main.MarkerModelStudy.t  Main.MarkerModelStudy.MarkerModel.Markers.TRNK1.MarkerPositionFile.px  Main.MarkerModelStudy.MarkerModel.Markers.TRNK1.MarkerPositionFile.py  Main.MarkerModelStudy.MarkerModel.Markers.TRNK1.MarkerPositionFile.pz
 8.500000000000000e-001  -1.907579269462390e+000  -2.093906719700321e-001   1.230809353381608e+000
 8.521787709497206e-001  -1.887459954531885e+000  -2.104646335594017e-001   1.230704788457459e+000
 8.543575418994412e-001  -1.867318459038719e+000  -2.115681867249987e-001   1.230708203754535e+000
 8.565363128491619e-001  -1.847158386831600e+000  -2.127055728653749e-001   1.230812028960464e+000
 8.587150837988825e-001  -1.826982596038825e+000  -2.138803255520962e-001   1.231008349911206e+000
 8.608938547486031e-001  -1.806793279071849e+000  -2.150950526997774e-001   1.231288995527833e+000
 8.630726256983238e-001  -1.786592146765337e+000  -2.163514703744129e-001   1.231645653740092e+000
 8.652513966480444e-001  -1.766380482413462e+000  -2.176503232606599e-001   1.232069926155398e+000
 8.674301675977650e-001  -1.746159223869316e+000  -2.189912759998334e-001   1.232553416236625e+000
 8.696089385474857e-001  -1.725929078396640e+000  -2.203730295808844e-001   1.233087791227420e+000
 8.717877094972063e-001  -1.705690567801059e+000  -2.217932502824586e-001   1.233664836902800e+000
 8.739664804469269e-001  -1.685444114184464e+000  -2.232485270172494e-001   1.234276537828409e+000
 8.761452513966476e-001  -1.665190111718103e+000  -2.247344961272341e-001   1.234915105282942e+000
 8.783240223463682e-001  -1.644928980328093e+000  -2.262457600139659e-001   1.235573046738580e+000
 8.805027932960888e-001  -1.624661236923179e+000  -2.277758925097270e-001   1.236243243028234e+000
 8.826815642458095e-001  -1.604387518410838e+000  -2.293175635575183e-001   1.236918961349944e+000
 8.848603351955301e-001  -1.584108632170807e+000  -2.308624698497783e-001   1.237593957299587e+000
 8.870391061452507e-001  -1.563825627461818e+000  -2.324014315998708e-001   1.238262561518415e+000
 8.892178770949714e-001  -1.543539867086810e+000  -2.339245486729872e-001   1.238919706972433e+000
 8.913966480446920e-001  -1.523253198194429e+000  -2.354212342160946e-001   1.239561105963448e+000
 8.935754189944126e-001  -1.502968062427682e+000  -2.368804429719173e-001   1.240183329840223e+000
 8.957541899441333e-001  -1.482687460372545e+000  -2.382908303930334e-001   1.240783799766130e+000
 8.979329608938539e-001  -1.462414976458439e+000  -2.396409143897256e-001   1.241360945513856e+000
 9.001117318435745e-001  -1.442154608820542e+000  -2.409193500438091e-001   1.241914151968456e+000
 9.022905027932952e-001  -1.421910682371785e+000  -2.421151085486080e-001   1.242443731689805e+000
 9.044692737430158e-001  -1.401687781216651e+000  -2.432178367611853e-001   1.242951054240869e+000
 9.066480446927364e-001  -1.381490593793678e+000  -2.442181224578877e-001   1.243438440026347e+000
 9.088268156424570e-001  -1.361323815720635e+000  -2.451076805531464e-001   1.243909135505389e+000
 9.110055865921777e-001  -1.341191966559729e+000  -2.458798007654260e-001   1.244367380029662e+000
 9.131843575418983e-001  -1.321099246524848e+000  -2.465293949026123e-001   1.244818238960266e+000
 9.153631284916189e-001  -1.301049426928321e+000  -2.470531464211026e-001   1.245267569798092e+000
 9.175418994413396e-001  -1.281045643971892e+000  -2.474498263414638e-001   1.245721993336247e+000
 9.197206703910602e-001  -1.261090361916306e+000  -2.477200837299537e-001   1.246188689038295e+000
 9.218994413407808e-001  -1.241185267202320e+000  -2.478665290551206e-001   1.246675319423626e+000
 9.240782122905015e-001  -1.221331113861528e+000  -2.478937810790525e-001   1.247189849335838e+000
 9.262569832402221e-001  -1.201527785419685e+000  -2.478081025428469e-001   1.247740303775582e+000
 9.284357541899427e-001  -1.181774201617847e+000  -2.476173918639244e-001   1.248334579517038e+000
 9.306145251396634e-001  -1.162068268338066e+000  -2.473309958505604e-001   1.248980080264629e+000
 9.327932960893840e-001  -1.142407020068640e+000  -2.469593586544083e-001   1.249683500915175e+000
 9.349720670391046e-001  -1.122786585353240e+000  -2.465139290998838e-001   1.250450491072328e+000
 9.371508379888253e-001  -1.103202331106097e+000  -2.460068492023337e-001   1.251285262077278e+000
 9.393296089385459e-001  -1.083649095550127e+000  -2.454506566160647e-001   1.252190521308494e+000
 9.415083798882665e-001  -1.064121331357286e+000  -2.448580579270022e-001   1.253167087493676e+000
 9.436871508379872e-001  -1.044613453917388e+000  -2.442415390003996e-001   1.254213765318531e+000
 9.458659217877078e-001  -1.025120057929053e+000  -2.436131585255388e-001   1.255327489550677e+000
 9.480446927374284e-001  -1.005636218166134e+000  -2.429842111403181e-001   1.256503111519859e+000
 9.502234636871491e-001  -9.861577460356176e-001  -2.423650085066462e-001   1.257733693787726e+000
 9.524022346368697e-001  -9.666812718740762e-001  -2.417648341802624e-001   1.259010796878199e+000
 9.545810055865903e-001  -9.472045044455303e-001  -2.411916937473602e-001   1.260324597606869e+000
 9.567597765363110e-001  -9.277261976739896e-001  -2.406523770692503e-001   1.261664408895208e+000
 9.589385474860316e-001  -9.082460889132424e-001  -2.401524993467466e-001   1.263018964242736e+000
 9.611173184357522e-001  -8.887649205585186e-001  -2.396963715972365e-001   1.264376758487764e+000
 9.632960893854728e-001  -8.692841183475780e-001  -2.392871558651567e-001   1.265726419419471e+000
 9.654748603351935e-001  -8.498056121837437e-001  -2.389268899288670e-001   1.267056901016965e+000
 9.676536312849141e-001  -8.303315467665066e-001  -2.386163858411290e-001   1.268357809724669e+000
 9.698324022346347e-001  -8.108639638563594e-001  -2.383553790922656e-001   1.269619513954839e+000
 9.720111731843554e-001  -7.914046275173544e-001  -2.381425142708209e-001   1.270833264362809e+000
 9.741899441340760e-001  -7.719547720616179e-001  -2.379752625208381e-001   1.271991406797480e+000
 9.763687150837966e-001  -7.525151000112533e-001  -2.378500886223466e-001   1.273087307882334e+000
 9.785474860335173e-001  -7.330857356125968e-001  -2.377624350909912e-001   1.274115431363710e+000
 9.807262569832379e-001  -7.136662360506565e-001  -2.377067515843675e-001   1.275071404861533e+000
 9.829050279329585e-001  -6.942557297844804e-001  -2.376767256172346e-001   1.275951845209784e+000
 9.850837988826792e-001  -6.748529541127285e-001  -2.376653395402020e-001   1.276754389252629e+000
 9.872625698323998e-001  -6.554563693062838e-001  -2.376650747660892e-001   1.277477627886003e+000
 9.894413407821204e-001  -6.360642802686969e-001  -2.376681395614958e-001   1.278120920277871e+000
 9.916201117318411e-001  -6.166749129630471e-001  -2.376666205235705e-001   1.278684382655219e+000
 9.937988826815617e-001  -5.972865360648128e-001  -2.376527426342455e-001   1.279168754365224e+000
 9.959776536312823e-001  -5.778975133705668e-001  -2.376190096452563e-001   1.279575246933977e+000
 9.981564245810030e-001  -5.585063711951528e-001  -2.375584082278649e-001   1.279905490136784e+000
 1.000335195530724e+000  -5.391118267401046e-001  -2.374645771741366e-001   1.280161372219778e+000
 1.002513966480444e+000  -5.197127762886074e-001  -2.373318353302683e-001   1.280344927696510e+000
 1.004692737430165e+000  -5.003083141797333e-001  -2.371553552121086e-001   1.280458232868672e+000
 1.006871508379886e+000  -4.808977040398468e-001  -2.369311577756983e-001   1.280503268787675e+000
 1.009050279329607e+000  -4.614803547089869e-001  -2.366560661463722e-001   1.280481856309477e+000
 1.011229050279327e+000  -4.420558139487854e-001  -2.363277942561882e-001   1.280395538216602e+000
 1.013407821229048e+000  -4.226237191530578e-001  -2.359448245228896e-001   1.280245526242480e+000
 1.015586592178769e+000  -4.031837705673216e-001  -2.355063431811759e-001   1.280032675634602e+000
 1.017765363128490e+000  -3.837356997721375e-001  -2.350122500965240e-001   1.279757393651259e+000
 1.019944134078210e+000  -3.642792446948752e-001  -2.344630000358073e-001   1.279419658441685e+000
 1.022122905027931e+000  -3.448141414134566e-001  -2.338595422583575e-001   1.279019009115720e+000
 1.024301675977652e+000  -3.253401193786588e-001  -2.332032699608237e-001   1.278554486658388e+000
 1.026480446927373e+000  -3.058569042551525e-001  -2.324958840092676e-001   1.278024690776969e+000
 1.028659217877093e+000  -2.863642208982777e-001  -2.317393439197011e-001   1.277427774021346e+000
 1.030837988826814e+000  -2.668618023635202e-001  -2.309358001076204e-001   1.276761424157850e+000
 1.033016759776535e+000  -2.473494030484011e-001  -2.300875138377344e-001   1.276022953824572e+000
 1.035195530726256e+000  -2.278268113323185e-001  -2.291968228841411e-001   1.275209313401758e+000
 1.037374301675976e+000  -2.082938710778808e-001  -2.282660937880312e-001   1.274317141372509e+000
 1.039553072625697e+000  -1.887504789845063e-001  -2.272976980993304e-001   1.273342865764441e+000
 1.041731843575418e+000  -1.691965884893707e-001  -2.262939998587416e-001   1.272282750475579e+000
 1.043910614525138e+000  -1.496321972514515e-001  -2.252573545789310e-001   1.271133005472366e+000
 1.046089385474859e+000  -1.300573278821302e-001  -2.241901181616998e-001   1.269889879330237e+000
 1.048268156424580e+000  -1.104720141262108e-001  -2.230946573543051e-001   1.268549755509477e+000
 1.050446927374301e+000  -9.087627351711528e-002  -2.219733706597246e-001   1.267109293221069e+000
 1.052625698324021e+000  -7.127009057712776e-002  -2.208287039033314e-001   1.265565498366417e+000
 1.054804469273742e+000  -5.165339102631263e-002  -2.196631802930418e-001   1.263915883397144e+000
 1.056983240223463e+000  -3.202601732297500e-002  -2.184794388508745e-001   1.262158620474684e+000
 1.059162011173184e+000  -1.238771711486129e-002  -2.172802522687562e-001   1.260292599619306e+000
 1.061340782122904e+000   7.261894689737168e-003  -2.160685805677637e-001   1.258317669144628e+000
 1.063519553072625e+000   2.692336692628821e-002  -2.148475979636096e-001   1.256234747497674e+000
 1.065698324022346e+000   4.659742860500214e-002  -2.136206983193723e-001   1.254045860700580e+000
 1.067877094972067e+000   6.628505170483555e-002  -2.123915435548678e-001   1.251754422858250e+000
 1.070055865921787e+000   8.598747048040270e-002  -2.111640391778002e-001   1.249365237325424e+000
 1.072234636871508e+000   1.057061983341849e-001  -2.099423148539191e-001   1.246884516388644e+000
 1.074413407821229e+000   1.254431016542308e-001  -2.087307166818536e-001   1.244320132305117e+000
 1.076592178770950e+000   1.452003994391093e-001  -2.075337270248253e-001   1.241681484818295e+000
 1.078770949720670e+000   1.649806825794698e-001  -2.063559204246954e-001   1.238979513102787e+000
 1.080949720670391e+000   1.847869782221640e-001  -2.052018857163683e-001   1.236226854805244e+000
 1.083128491620112e+000   2.046226939213814e-001  -2.040761395268408e-001   1.233437612416264e+000
 1.085307262569833e+000   2.244916132510164e-001  -2.029830599984847e-001   1.230627351054585e+000
 1.087486033519553e+000   2.443978720547262e-001  -2.019267542402906e-001   1.227813097734369e+000
 1.089664804469274e+000   2.643458510759751e-001  -2.009109790459479e-001   1.225013002600709e+000
 1.091843575418995e+000   2.843401317418786e-001  -1.999390262928133e-001   1.222246242244651e+000
 1.094022346368716e+000   3.043853933422369e-001  -1.990135210166194e-001   1.219532715954729e+000
 1.096201117318436e+000   3.244863018046524e-001  -1.981363566321273e-001   1.216892619026802e+000
 1.098379888268157e+000   3.446474123171349e-001  -1.973085032722897e-001   1.214346128936323e+000
 1.100558659217878e+000   3.648730006998111e-001  -1.965297764987633e-001   1.211912795926924e+000
 1.102737430167599e+000   3.851669922449523e-001  -1.957988444843258e-001   1.209611173757736e+000
 1.104916201117319e+000   4.055328301123782e-001  -1.951130059962401e-001   1.207458256332790e+000
 1.107094972067040e+000   4.259734103784774e-001  -1.944681534075123e-001   1.205468868599552e+000
 1.109273743016761e+000   4.464911579977430e-001  -1.938589727231253e-001   1.203655555348508e+000
 1.111452513966482e+000   4.670880303434006e-001  -1.932789326170732e-001   1.202027979365766e+000
 1.113631284916202e+000   4.877656978237233e-001  -1.927206707917714e-001   1.200592843038592e+000
 1.115810055865923e+000   5.085256482965208e-001  -1.921763143425570e-001   1.199354143498348e+000
 1.117988826815644e+000   5.293692612897456e-001  -1.916377979842811e-001   1.198312969595180e+000
 1.120167597765365e+000   5.502977872771322e-001  -1.910972931822200e-001   1.197468071193602e+000
 1.122346368715085e+000   5.713122820786217e-001  -1.905474017315323e-001   1.196816242454417e+000
 1.124525139664806e+000   5.924134272026557e-001  -1.899814879978924e-001   1.196352506052691e+000
 1.126703910614527e+000   6.136013797993296e-001  -1.893937848154506e-001   1.196070654280538e+000
 1.128882681564247e+000   6.348756868373319e-001  -1.887794472616728e-001   1.195963473543320e+000
 1.131061452513968e+000   6.562350673163132e-001  -1.881347491701880e-001   1.196022893401558e+000
 1.133240223463689e+000   6.776774170280865e-001  -1.874570032252741e-001   1.196240227379212e+000
 1.135418994413410e+000   6.991997705852420e-001  -1.867445793637479e-001   1.196606248115607e+000
 1.137597765363130e+000   7.207981892502595e-001  -1.859970176068391e-001   1.197111231076052e+000
 1.139776536312851e+000   7.424678885884192e-001  -1.852148643041916e-001   1.197745087611745e+000
 1.141955307262572e+000   7.642032248681969e-001  -1.843996729324262e-001   1.198497415138568e+000
 1.144134078212293e+000   7.859976585663416e-001  -1.835539965166450e-001   1.199357602995265e+000
 1.146312849162013e+000   8.078438816602322e-001  -1.826811828930422e-001   1.200314991975988e+000
 1.148491620111734e+000   8.297337890886908e-001  -1.817853519133874e-001   1.201358989400142e+000
 1.150670391061455e+000   8.516584714876400e-001  -1.808713197883638e-001   1.202479292257725e+000
 1.152849162011176e+000   8.736083373209135e-001  -1.799444532865416e-001   1.203666011215148e+000
 1.155027932960896e+000   8.955730886084775e-001  -1.790106587201247e-001   1.204909847543102e+000
 1.157206703910617e+000   9.175417858746601e-001  -1.780763169414122e-001   1.206202294368702e+000
 1.159385474860338e+000   9.395030006545715e-001  -1.771481824370249e-001   1.207535647413927e+000
 1.161564245810059e+000   9.614448682142706e-001  -1.762333642942604e-001   1.208903178344182e+000
 1.163743016759779e+000   9.833552844190509e-001  -1.753392198463220e-001   1.210299198215320e+000
 1.165921787709500e+000   1.005222065874225e+000  -1.744732447494773e-001   1.211718980854664e+000
 1.168100558659221e+000   1.027033120562588e+000  -1.736429687365386e-001   1.213158884342106e+000
 1.170279329608942e+000   1.048776691253115e+000  -1.728557554396487e-001   1.214616257455314e+000
 1.172458100558662e+000   1.070441484766385e+000  -1.721186776800688e-001   1.216089310329283e+000
 1.174636871508383e+000   1.092016945849320e+000  -1.714382805734014e-001   1.217577121459037e+000
 1.176815642458104e+000   1.113493410970874e+000  -1.708204053765580e-001   1.219079419038331e+000
 1.178994413407825e+000   1.134862154685118e+000  -1.702701225468835e-001   1.220596446889092e+000
 1.181173184357545e+000   1.156115614917924e+000  -1.697915046192089e-001   1.222128861924537e+000
 1.183351955307266e+000   1.177247325411792e+000  -1.693876716295018e-001   1.223677536911910e+000
 1.185530726256987e+000   1.198251903517742e+000  -1.690608092123323e-001   1.225243464442486e+000
 1.187709497206708e+000   1.219125177217463e+000  -1.688120912422721e-001   1.226827627222383e+000
 1.189888268156428e+000   1.239864030044874e+000  -1.686418486488617e-001   1.228430894193915e+000
 1.192067039106149e+000   1.260466378941317e+000  -1.685496071354333e-001   1.230053961913249e+000
 1.194245810055870e+000   1.280931195065967e+000  -1.685340936414254e-001   1.231697260784382e+000
 1.196424581005591e+000   1.301258294431295e+000  -1.685934125591550e-001   1.233360956550861e+000
 1.198603351955311e+000   1.321448314192458e+000  -1.687250873742717e-001   1.235044926953419e+000
 1.200782122905032e+000   1.341502706680189e+000  -1.689261384110272e-001   1.236748737060356e+000
 1.202960893854753e+000   1.361423630593633e+000  -1.691932285007467e-001   1.238471680832260e+000
 1.205139664804473e+000   1.381213987443320e+000  -1.695227049669949e-001   1.240212767788659e+000
 1.207318435754194e+000   1.400877436708404e+000  -1.699106656460734e-001   1.241970715726582e+000
 1.209497206703915e+000   1.420418273813153e+000  -1.703530202735984e-001   1.243743986631308e+000
 1.211675977653636e+000   1.439841447453540e+000  -1.708455008445521e-001   1.245530766606465e+000
 1.213854748603356e+000   1.459152499997996e+000  -1.713836880142982e-001   1.247328964963542e+000
 1.216033519553077e+000   1.478357462522360e+000  -1.719630466063351e-001   1.249136241870401e+000
 1.218212290502798e+000   1.497462859695444e+000  -1.725789352532500e-001   1.250949978969777e+000
 1.220391061452519e+000   1.516475638984960e+000  -1.732266382482426e-001   1.252767271838923e+000
 1.222569832402239e+000   1.535403105628102e+000  -1.739013911606004e-001   1.254584944758374e+000
 1.224748603351960e+000   1.554252941513862e+000  -1.745984004007659e-001   1.256399504411263e+000
 1.226927374301681e+000   1.573033236256085e+000  -1.753128871357008e-001   1.258207141894546e+000
 1.229106145251402e+000   1.591752538911330e+000  -1.760401217570135e-001   1.260003752007892e+000
 1.231284916201122e+000   1.610420053661803e+000  -1.767754882982807e-001   1.261784896979127e+000
 1.233463687150843e+000   1.629045698113251e+000  -1.775145668792850e-001   1.263545850772978e+000
 1.235642458100564e+000   1.647640068452803e+000  -1.782531898318636e-001   1.265281634517803e+000
 1.237821229050285e+000   1.666214458948553e+000  -1.789875843882076e-001   1.266987031382415e+000
 1.240000000000005e+000   1.684780716298592e+000  -1.797144389383967e-001   1.268656675657804e+000
