Main.Studies.MarkerTracking.t,Main.Studies.MarkerTracking.JointAngleOutputs.OutputFile_LeftLeg.HipFlexion,Main.Studies.MarkerTracking.JointAngleOutputs.OutputFile_LeftLeg.HipAbduction,Main.Studies.MarkerTracking.JointAngleOutputs.OutputFile_LeftLeg.HipExternalRotation,Main.Studies.MarkerTracking.JointAngleOutputs.OutputFile_LeftLeg.KneeFlexion,Main.Studies.MarkerTracking.JointAngleOutputs.OutputFile_LeftLeg.AnklePlantarFlexion,Main.Studies.MarkerTracking.JointAngleOutputs.OutputFile_LeftLeg.SubTalarEversion
  1.600000000000000e+00, -4.987861266770272e-01, -4.106506599987214e-02,  2.224010959991561e-02,  2.499134353852430e-01, -2.298053250879216e-01,  1.429685325712073e-01
  1.610000000000000e+00, -5.006997963844138e-01, -2.825870393022178e-02,  1.898469095051548e-02,  2.669782912678247e-01, -2.101089484547522e-01,  1.248994246477236e-01
  1.620000000000000e+00, -5.010481996565753e-01, -1.526040908770354e-02,  1.556453575623193e-02,  2.865312703043755e-01, -1.866851295049517e-01,  1.068599602076960e-01
  1.630000000000000e+00, -4.997224772219402e-01, -2.432896920676608e-03,  1.197074599064302e-02,  3.090230442071625e-01, -1.595982817927637e-01,  8.887724838458386e-02
  1.640000000000000e+00, -4.965596241026909e-01,  9.888277282848357e-03,  8.259146569436710e-03,  3.349337498940702e-01, -1.290628019800824e-01,  7.091089629886480e-02
  1.650000000000000e+00, -4.913262249376836e-01,  2.142863175170184e-02,  4.545787623524380e-03,  3.647410941416977e-01, -9.548020781456908e-02,  5.290658609118652e-02
  1.660000000000000e+00, -4.837218906962124e-01,  3.200252845964857e-02,  9.910382388137854e-04,  3.988745635357476e-01, -5.947802519586257e-02,  3.487932438468794e-02
  1.670000000000000e+00, -4.734132847325401e-01,  4.152796543251380e-02, -2.237258072202840e-03,  4.376533138446284e-01, -2.193738441615392e-02,  1.702058811529777e-02
  1.680000000000000e+00, -4.600941333252501e-01,  5.002420810871389e-02, -5.013086081639692e-03,  4.812164205887308e-01,  1.600636900746197e-02, -2.064357806668640e-04
  1.690000000000000e+00, -4.435565581382354e-01,  5.758905828089689e-02, -7.294180564151103e-03,  5.294608909912905e-01,  5.300882511781356e-02, -1.603454740773955e-02
  1.700000000000000e+00, -4.237568871760798e-01,  6.435964445848130e-02, -9.138314216568293e-03,  5.820040925105197e-01,  8.761665690456891e-02, -2.945788155470189e-02
  1.710000000000000e+00, -4.008518704823150e-01,  7.046647055883248e-02, -1.068469083624160e-02,  6.381861215376260e-01,  1.184036731073986e-01, -3.938652767646986e-02
  1.720000000000000e+00, -3.751899490160113e-01,  7.599509964840645e-02, -1.210737843931016e-02,  6.971185071398251e-01,  1.441031099316208e-01, -4.483353373995350e-02
  1.730000000000000e+00, -3.472553800540515e-01,  8.096277050604339e-02, -1.356209462101187e-02,  7.577693357368636e-01,  1.637139934538183e-01, -4.506815592655909e-02
  1.740000000000000e+00, -3.175866251042835e-01,  8.531665681010092e-02, -1.514548520139839e-02,  8.190589692550742e-01,  1.765906421254163e-01, -3.970577418091841e-02
  1.750000000000000e+00, -2.866966224909830e-01,  8.895486428657429e-02, -1.687666069477988e-02,  8.799386292113062e-01,  1.825252019528950e-01, -2.874442665818124e-02
  1.760000000000000e+00, -2.550171875591220e-01,  9.176122283345634e-02, -1.870321015146504e-02,  9.394375720257563e-01,  1.817992817388772e-01, -1.256440078544982e-02
  1.770000000000000e+00, -2.228763440554631e-01,  9.363733983316269e-02, -2.052595174259116e-02,  9.966838407471716e-01,  1.751583533008050e-01,  8.102215119827895e-03
  1.780000000000000e+00, -1.905052613432973e-01,  9.452100068076774e-02, -2.222613956005155e-02,  1.050912060931429e+00,  1.636901828054534e-01,  3.222823443456899e-02
  1.790000000000000e+00, -1.580632725693766e-01,  9.439362208975632e-02, -2.368214569509982e-02,  1.101468406735653e+00,  1.486425720971560e-01,  5.857119898969634e-02
  1.800000000000000e+00, -1.256645957160475e-01,  9.328171420877895e-02, -2.478120048865885e-02,  1.147816318927958e+00,  1.312428504609405e-01,  8.577408837879653e-02
  1.810000000000000e+00, -9.340107869387779e-02,  9.125510369010970e-02, -2.543354994665659e-02,  1.189539155500119e+00,  1.125642987802326e-01,  1.124821450571686e-01
  1.820000000000000e+00, -6.136125689233328e-02,  8.841815132750241e-02, -2.558000653930739e-02,  1.226332571696612e+00,  9.345804951364953e-02,  1.374611049403656e-01
  1.830000000000000e+00, -2.964374350312500e-02,  8.489709328765316e-02, -2.518572976585011e-02,  1.257987203715079e+00,  7.454695698535804e-02,  1.597003819444896e-01
  1.840000000000000e+00,  1.641908859440488e-03,  8.082870706191003e-02, -2.422881429138178e-02,  1.284368682154965e+00,  5.626399178843383e-02,  1.784858836941035e-01
  1.850000000000000e+00,  3.235786260053930e-02,  7.634889347850815e-02, -2.268264790328101e-02,  1.305391540562674e+00,  3.890945130664416e-02,  1.934353124791416e-01
  1.860000000000000e+00,  6.237202013792132e-02,  7.158481577118936e-02, -2.052345446417073e-02,  1.321011711053458e+00,  2.269715057088066e-02,  2.044979659258440e-01
  1.870000000000000e+00,  9.152484044468015e-02,  6.664553396899864e-02, -1.771367036929086e-02,  1.331204394484818e+00,  7.781100029860763e-03,  2.119316607061129e-01
  1.880000000000000e+00,  1.196587881743289e-01,  6.162185246418916e-02, -1.421387204616589e-02,  1.335965952226748e+00, -5.737701774553028e-03,  2.162553951234993e-01
  1.890000000000000e+00,  1.466324472733799e-01,  5.658861681480021e-02, -9.991863354682041e-03,  1.335313456712201e+00, -1.780939268028569e-02,  2.181814109891248e-01
  1.900000000000000e+00,  1.723307123589125e-01,  5.160930631845484e-02, -5.032809755610583e-03,  1.329284433047746e+00, -2.843218918496900e-02,  2.185313587473710e-01
  1.910000000000000e+00,  1.966645203168412e-01,  4.674246924818171e-02,  6.537797262904240e-04,  1.317935502866243e+00, -3.764582457228535e-02,  2.181469250917844e-01
  1.920000000000000e+00,  2.195656204791474e-01,  4.204923153141560e-02,  7.029697805433145e-03,  1.301340215501855e+00, -4.551916340424011e-02,  2.178045464797129e-01
  1.930000000000000e+00,  2.409795907364381e-01,  3.759973602578670e-02,  1.402805011777469e-02,  1.279584849233568e+00, -5.213158614019463e-02,  2.181415911296138e-01
  1.940000000000000e+00,  2.608620307802023e-01,  3.347617229839761e-02,  2.155852281176464e-02,  1.252763895309025e+00, -5.755388568435487e-02,  2.196021124161381e-01
  1.950000000000000e+00,  2.791581663866952e-01,  2.976858147077399e-02,  2.952510329419021e-02,  1.220971632502356e+00, -6.183434377587968e-02,  2.224113433039285e-01
  1.960000000000000e+00,  2.958170926001957e-01,  2.656737392997144e-02,  3.782581251991120e-02,  1.184304953314001e+00, -6.499052968739293e-02,  2.265715865226855e-01
  1.970000000000000e+00,  3.107687159311479e-01,  2.395221446117013e-02,  4.636716452050769e-02,  1.142859586886771e+00, -6.701028564495051e-02,  2.318845568846646e-01
  1.980000000000000e+00,  3.239312681089592e-01,  2.198580878193934e-02,  5.506414263414700e-02,  1.096738803176881e+00, -6.785655111729706e-02,  2.379880506095464e-01
  1.990000000000000e+00,  3.352036947505161e-01,  2.071098204072275e-02,  6.385008192356093e-02,  1.046061707356159e+00, -6.747088364823750e-02,  2.444123564249610e-01
  2.000000000000000e+00,  3.444755816344044e-01,  2.015168241866627e-02,  7.267975773708746e-02,  9.909783452947296e-01, -6.577897857054547e-02,  2.506404725792037e-01
  2.010000000000000e+00,  3.516240319758970e-01,  2.031764155571913e-02,  8.153831248755071e-02,  9.316863819887728e-01, -6.270501328279554e-02,  2.561564583522655e-01
  2.020000000000000e+00,  3.565172535256038e-01,  2.121333349457211e-02,  9.044222670844075e-02,  8.684602792553097e-01, -5.818837892884624e-02,  2.604645169449901e-01
  2.030000000000000e+00,  3.590281271954123e-01,  2.284711802152484e-02,  9.943119586425396e-02,  8.016964385767414e-01, -5.219478206706576e-02,  2.630901210907798e-01
  2.040000000000000e+00,  3.590643374901652e-01,  2.523784788375827e-02,  1.085537982762144e-01,  7.319740017836840e-01, -4.472787146772889e-02,  2.635924512453958e-01
  2.050000000000000e+00,  3.566115665351167e-01,  2.841550508733404e-02,  1.178555003069855e-01,  6.601254069972955e-01, -3.585118837544390e-02,  2.615995023738574e-01
  2.060000000000000e+00,  3.517892048510619e-01,  3.241373528169711e-02,  1.273759537123957e-01,  5.873072991520919e-01, -2.572421172344906e-02,  2.568521718177431e-01
  2.070000000000000e+00,  3.449097020589634e-01,  3.724869688779719e-02,  1.371626792090358e-01,  5.150478814620141e-01, -1.464934491426453e-02,  2.492370098173297e-01
  2.080000000000000e+00,  3.365148941706876e-01,  4.287638772933877e-02,  1.472950313010097e-01,  4.452279656404803e-01, -3.113451475311213e-03,  2.388013356439441e-01
  2.090000000000000e+00,  3.273468528510490e-01,  4.912968877797375e-02,  1.578830353504889e-01,  3.799463806151473e-01,  8.214968530853385e-03,  2.257816518044476e-01
  2.100000000000000e+00,  3.182273499978583e-01,  5.566312656772299e-02,  1.689883711033570e-01,  3.212552137010244e-01,  1.857325059859335e-02,  2.107046128181278e-01
  2.110000000000000e+00,  3.098870653752411e-01,  6.195922507336693e-02,  1.804685135400126e-01,  2.708402000631199e-01,  2.726735363505230e-02,  1.945546353804689e-01
  2.120000000000000e+00,  3.028314258121473e-01,  6.742228724722832e-02,  1.918669795340937e-01,  2.297920143516083e-01,  3.383979937958782e-02,  1.788489089466629e-01
  2.130000000000000e+00,  2.973095670260687e-01,  7.151167425572469e-02,  2.024804895988976e-01,  1.985665916212777e-01,  3.817071963783859e-02,  1.654418470320081e-01
  2.140000000000000e+00,  2.933719494363248e-01,  7.383425813676370e-02,  2.115679742884014e-01,  1.770902799680151e-01,  4.049885647534535e-02,  1.561069734202779e-01
  2.150000000000000e+00,  2.909511084530547e-01,  7.416543453073943e-02,  2.185500475860488e-01,  1.648910809905493e-01,  4.138676282600608e-02,  1.521313426184068e-01
  2.160000000000000e+00,  2.899151345247955e-01,  7.242624085470184e-02,  2.231153135007883e-01,  1.611869075467275e-01,  4.164067711280873e-02,  1.540849469439877e-01
  2.170000000000000e+00,  2.900835727562324e-01,  6.865395742063196e-02,  2.252449413657551e-01,  1.649364770266822e-01,  4.217905448734886e-02,  1.617733193654641e-01
  2.180000000000000e+00,  2.912167902650958e-01,  6.298323370256975e-02,  2.251686996382821e-01,  1.748839222824489e-01,  4.385516064870815e-02,  1.743376769574985e-01
  2.190000000000000e+00,  2.929928413767940e-01,  5.563500657060705e-02,  2.232518191778333e-01,  1.896217679829375e-01,  4.726731544486580e-02,  1.904759978357654e-01
  2.200000000000000e+00,  2.949914412337691e-01,  4.690376372394223e-02,  2.198723477682343e-01,  2.076873380800061e-01,  5.261956283422219e-02,  2.087134063737831e-01
  2.210000000000000e+00,  2.967095592250115e-01,  3.714007525447505e-02,  2.153914922834133e-01,  2.276821663582175e-01,  5.968992437359047e-02,  2.276162665021323e-01
  2.220000000000000e+00,  2.976138568327570e-01,  2.672795281587037e-02,  2.102059591485594e-01,  2.483646423028503e-01,  6.789604201225174e-02,  2.459428776626896e-01
  2.230000000000000e+00,  2.972084528416389e-01,  1.604866067174382e-02,  2.047580130375448e-01,  2.686783976118280e-01,  7.640097751906168e-02,  2.628041082724782e-01
  2.240000000000000e+00,  2.950978401547479e-01,  5.430797092133677e-03,  1.994717799217529e-01,  2.877485238003984e-01,  8.423919651181341e-02,  2.777799267541544e-01
  2.250000000000000e+00,  2.910341311168435e-01, -4.892042183465506e-03,  1.946958628902929e-01,  3.048964746018532e-01,  9.046823971209866e-02,  2.908555300322826e-01
  2.260000000000000e+00,  2.849323621667309e-01, -1.479760225363358e-02,  1.906867161715958e-01,  3.196660700572587e-01,  9.431748534238026e-02,  3.022111911171736e-01
  2.270000000000000e+00,  2.768432049466789e-01, -2.426566452482803e-02,  1.876068561284466e-01,  3.318186795195101e-01,  9.529345911289323e-02,  3.120405343726129e-01
  2.280000000000000e+00,  2.668974199494258e-01, -3.334919507635337e-02,  1.855248876913279e-01,  3.412865302416660e-01,  9.322725471861701e-02,  3.204866665884257e-01
  2.290000000000000e+00,  2.552517143634661e-01, -4.213209378093774e-02,  1.844220060213111e-01,  3.481105898150748e-01,  8.826193621588427e-02,  3.276510702726991e-01
  2.300000000000000e+00,  2.420574605282347e-01, -5.068532743083787e-02,  1.842030091569645e-01,  3.523913045053295e-01,  8.078397278437999e-02,  3.336081880249435e-01
  2.310000000000000e+00,  2.274545636329390e-01, -5.903590968509809e-02,  1.847067750034215e-01,  3.542614583180624e-01,  7.132427457121079e-02,  3.384109803700951e-01
  2.320000000000000e+00,  2.115780490449624e-01, -6.715630374625547e-02,  1.857184040557746e-01,  3.538767045819818e-01,  6.046324595251346e-02,  3.421018706708480e-01
  2.330000000000000e+00,  1.945629114667457e-01, -7.497177415749290e-02,  1.869870740205730e-01,  3.514155806414148e-01,  4.875887726644462e-02,  3.447292867538355e-01
  2.340000000000000e+00,  1.765415109731503e-01, -8.237907066340067e-02,  1.882502401586892e-01,  3.470797928037861e-01,  3.670121488937295e-02,  3.463597246725897e-01
  2.350000000000000e+00,  1.576373549766071e-01, -8.927124159002653e-02,  1.892619168683526e-01,  3.410870617586051e-01,  2.469061441712436e-02,  3.470828656443907e-01
  2.360000000000000e+00,  1.379632023579042e-01, -9.556173816806735e-02,  1.898186763170990e-01,  3.336573232243205e-01,  1.303256042192482e-02,  3.470087367441267e-01
  2.370000000000000e+00,  1.176238237054121e-01, -1.012001536087361e-01,  1.897786315902234e-01,  3.249993567899379e-01,  1.941079686530789e-03,  3.462517343175900e-01
  2.380000000000000e+00,  9.672101391724690e-02, -1.061746970268411e-01,  1.890706115699754e-01,  3.153045448036292e-01, -8.454487051176516e-03,  3.449068040280038e-01
  2.390000000000000e+00,  7.535608546352986e-02, -1.105047260052006e-01,  1.876915770231385e-01,  3.047473828449007e-01, -1.809823114383394e-02,  3.430326190028020e-01
  2.400000000000000e+00,  5.362682399809381e-02, -1.142294196520903e-01,  1.856912359443224e-01,  2.934889696159862e-01, -2.699159450899772e-02,  3.406532132771734e-01
  2.410000000000000e+00,  3.162271719171307e-02, -1.173961058656896e-01,  1.831468601051502e-01,  2.816816422742588e-01, -3.517665172621953e-02,  3.377764452611020e-01
  2.420000000000000e+00,  9.425216419976143e-03, -1.200499980160536e-01,  1.801359571095973e-01,  2.694744863897653e-01, -4.272310152409502e-02,  3.344184203554850e-01
  2.430000000000000e+00, -1.288897637869071e-02, -1.222280841792804e-01,  1.767159867498814e-01,  2.570167081082659e-01, -4.971879727275202e-02,  3.306250271006662e-01
  2.440000000000000e+00, -3.524625988036421e-02, -1.239597085278827e-01,  1.729172933642691e-01,  2.444560248900744e-01, -5.626046904242590e-02,  3.264863356796148e-01
  2.450000000000000e+00, -5.757567545222961e-02, -1.252699718897867e-01,  1.687473266637722e-01,  2.319350817579942e-01, -6.244659638186319e-02,  3.221414164445354e-01
  2.460000000000000e+00, -7.980812358685260e-02, -1.261826408822817e-01,  1.642027620891909e-01,  2.195884518570464e-01, -6.837374739828601e-02,  3.177687828223362e-01
  2.470000000000000e+00, -1.018777840991460e-01, -1.267207335693028e-01,  1.592855947428152e-01,  2.075394027109344e-01, -7.413616204708380e-02,  3.135636568408171e-01
  2.480000000000000e+00, -1.237250832030672e-01, -1.269060550126830e-01,  1.540173621160717e-01,  1.958962748925271e-01, -7.982557665296898e-02,  3.097111252116128e-01
  2.490000000000000e+00, -1.452961333517391e-01, -1.267592586126078e-01,  1.484439187485279e-01,  1.847516418150539e-01, -8.553019417149413e-02,  3.063661854175476e-01
  2.500000000000000e+00, -1.665343809723353e-01, -1.263005806704200e-01,  1.426297841798524e-01,  1.741873083239754e-01, -9.133461331442101e-02,  3.036437355710497e-01
  2.510000000000000e+00, -1.873677779569571e-01, -1.255515002331653e-01,  1.366500800528746e-01,  1.642829736499694e-01, -9.732068682046148e-02,  3.016136285902999e-01
  2.520000000000000e+00, -2.077017721424395e-01, -1.245380726278364e-01,  1.305865429949710e-01,  1.551225155962813e-01, -1.035665432458941e-01,  3.002972107618168e-01
  2.530000000000000e+00, -2.274203523877920e-01, -1.232958053471831e-01,  1.245254778825065e-01,  1.467956273686995e-01, -1.101430064184297e-01,  2.996685414329352e-01
  2.540000000000000e+00, -2.463885289091483e-01, -1.218753105888233e-01,  1.185528400302906e-01,  1.393965169483068e-01, -1.171087874426477e-01,  2.996649132146217e-01
  2.550000000000000e+00, -2.644574691319371e-01, -1.203460866547927e-01,  1.127460039043497e-01,  1.330200736924526e-01, -1.245059632478979e-01,  3.002034771953255e-01
  2.560000000000000e+00, -2.814776676561069e-01, -1.187949441026441e-01,  1.071655666726570e-01,  1.277552305909624e-01, -1.323572079539474e-01,  3.011952823863188e-01
  2.570000000000000e+00, -2.973175094868716e-01, -1.173190991600908e-01,  1.018501395603019e-01,  1.236764452760692e-01, -1.406649573318275e-01,  3.025524532147316e-01
  2.580000000000000e+00, -3.118819021780226e-01, -1.160158644069542e-01,  9.681490073600667e-02,  1.208346368213289e-01, -1.494115225937243e-01,  3.041891384643131e-01
  2.590000000000000e+00, -3.251240575686418e-01, -1.149741738870089e-01,  9.205500243664237e-02,  1.192500927666911e-01, -1.585599762109099e-01,  3.060146754757689e-01
  2.600000000000000e+00, -3.370606433403359e-01, -1.142617369247276e-01,  8.754993832990234e-02,  1.189060670008980e-01, -1.680563464078375e-01,  3.079270418453269e-01
  2.610000000000000e+00, -3.477782898061041e-01, -1.139211425439521e-01,  8.327176647479134e-02,  1.197458098700852e-01, -1.778319719177551e-01,  3.098029490502051e-01
  2.620000000000000e+00, -3.574397448846801e-01, -1.139669530105765e-01,  7.918756937632428e-02,  1.216723501817853e-01, -1.878037309016019e-01,  3.114956816176602e-01
  2.630000000000000e+00, -3.662790088248817e-01, -1.143860350762891e-01,  7.525481189268700e-02,  1.245545974410091e-01, -1.978725289192036e-01,  3.128391827673907e-01
  2.640000000000000e+00, -3.745825164833995e-01, -1.151401739491833e-01,  7.141270324851672e-02,  1.282401669849439e-01, -2.079214523119123e-01,  3.136568210958365e-01
  2.650000000000000e+00, -3.826609308650465e-01, -1.161703505487328e-01,  6.757417332283855e-02,  1.325722511332444e-01, -2.178145931147141e-01,  3.137731248256803e-01
  2.660000000000000e+00, -3.908210076934301e-01, -1.173958486348130e-01,  6.362289646439366e-02,  1.374056017232731e-01, -2.273976759723193e-01,  3.130295278727232e-01
  2.670000000000000e+00, -3.993301446435227e-01, -1.187163508548208e-01,  5.942744586351696e-02,  1.426242879575698e-01, -2.365048980952153e-01,  3.112846654127442e-01
  2.680000000000000e+00, -4.083825493137892e-01, -1.200020103594144e-01,  5.486976037238336e-02,  1.481559906797245e-01, -2.449675114588338e-01,  3.084115101388897e-01
  2.690000000000000e+00, -4.180622790161770e-01, -1.210835214850112e-01,  4.988593732849766e-02,  1.539868994997707e-01, -2.526251465156145e-01,  3.042822276439978e-01
  2.700000000000000e+00, -4.283147359350719e-01, -1.217463361859294e-01,  4.450297386135233e-02,  1.601735601288869e-01, -2.593352440327637e-01,  2.987548907845441e-01
  2.710000000000000e+00, -4.389421745791278e-01, -1.217414920667168e-01,  3.885184526920620e-02,  1.668442895656886e-01, -2.649738893864035e-01,  2.916750636191797e-01
  2.720000000000000e+00, -4.496369275098367e-01, -1.208166833738187e-01,  3.314506572739479e-02,  1.741827816517503e-01, -2.694231806371188e-01,  2.828989084353182e-01
  2.730000000000000e+00, -4.600451995494001e-01, -1.187556015469340e-01,  2.762667025395170e-02,  1.823970990713737e-01, -2.725491489389632e-01,  2.723278578158591e-01
  2.740000000000000e+00, -4.698347482633135e-01, -1.154062729526848e-01,  2.251816646429242e-02,  1.916873579800565e-01, -2.741809298828377e-01,  2.599347143843844e-01
  2.750000000000000e+00, -4.787409072075990e-01, -1.106883188285817e-01,  1.798246264258830e-02,  2.022253918416421e-01, -2.741001422035290e-01,  2.457672897891344e-01
  2.760000000000000e+00, -4.865818554025159e-01, -1.045847126324959e-01,  1.411160092568319e-02,  2.141517505003157e-01, -2.720418878418559e-01,  2.299316576877123e-01
  2.770000000000000e+00, -4.932496218003464e-01, -9.713014225476280e-02,  1.092788168288299e-02,  2.275866601402887e-01, -2.677022135904775e-01,  2.125718220106674e-01
  2.780000000000000e+00, -4.986833802523906e-01, -8.840500903968729e-02,  8.396611079916814e-03,  2.426532428642482e-01, -2.607500892748696e-01,  1.938412183841400e-01
  2.790000000000000e+00, -5.028445322681157e-01, -7.853360556936173e-02,  6.425789173393820e-03,  2.594944665701756e-01, -2.508380417774993e-01,  1.739190947214558e-01
  2.800000000000000e+00, -5.056876380574377e-01, -6.768805736398686e-02,  4.883534440957407e-03,  2.782944475712755e-01, -2.376220141988612e-01,  1.530014270714884e-01
  2.810000000000000e+00, -5.071403717124917e-01, -5.609200405048131e-02,  3.615596505282407e-03,  2.992902434934294e-01, -2.207865917119235e-01,  1.313001924402126e-01
  2.820000000000000e+00, -5.070912722704581e-01, -4.401812898497437e-02,  2.472467412411757e-03,  3.227772891835207e-01, -2.000801265025196e-01,  1.090242279071294e-01
  2.830000000000000e+00, -5.053859478455938e-01, -3.177056190373695e-02,  1.334908510234674e-03,  3.491044094211918e-01, -1.753600367879924e-01,  8.636048303775574e-02
  2.840000000000000e+00, -5.018219089995527e-01, -1.965289481245658e-02,  1.260121443827462e-04,  3.786565430353224e-01, -1.466468846066929e-01,  6.348358951383327e-02
  2.850000000000001e+00, -4.961347209752103e-01, -7.931031251620313e-03, -1.188586349448155e-03,  4.118266940122593e-01, -1.141849268068330e-01,  4.060123511278075e-02
  2.860000000000000e+00, -4.879903870659467e-01,  3.201035981248213e-03, -2.605938096216778e-03,  4.489766796051921e-01, -7.850455511672189e-02,  1.801836059244080e-02
  2.870000000000000e+00, -4.770096025090993e-01,  1.364386476692303e-02, -4.101815703908333e-03,  4.903820815673662e-01, -4.047489297785278e-02, -3.798342293734490e-03
  2.880000000000000e+00, -4.628329879703618e-01,  2.339229857139946e-02, -5.662992160249549e-03,  5.361621563069682e-01, -1.322661230220143e-03, -2.417687995576895e-02
  2.890000000000000e+00, -4.452117257852528e-01,  3.250604088973041e-02, -7.323473348260061e-03,  5.862096508953411e-01,  3.741600368297073e-02, -4.225059891917047e-02
  2.900000000000000e+00, -4.240910162458011e-01,  4.105812302560152e-02, -9.180200561305953e-03,  6.401449324663081e-01,  7.402917516447138e-02, -5.704450669546811e-02
  2.910000000000000e+00, -3.996522702764749e-01,  4.908028190871416e-02, -1.137259848174761e-02,  6.973142707265022e-01,  1.068226300283023e-01, -6.761514002314906e-02
  2.920000000000000e+00, -3.722962525749191e-01,  5.652622189462964e-02, -1.403224331422086e-02,  7.568380046604335e-01,  1.343132892812807e-01, -7.318955345044413e-02
  2.930000000000000e+00, -3.425751692019805e-01,  6.326464809638011e-02, -1.722618134949486e-02,  8.176967596389204e-01,  1.553752954978225e-01, -7.325700944391914e-02
  2.940000000000000e+00, -3.111010685867939e-01,  6.909968746309070e-02, -2.091998118944593e-02,  8.788281474171116e-01,  1.693335742384394e-01, -6.760436026658588e-02
  2.950000000000000e+00, -2.784598154779380e-01,  7.380992278944842e-02, -2.497252007951650e-02,  9.392049736983510e-01,  1.760193649422120e-01, -5.632503576264568e-02
  2.960000000000000e+00, -2.451490854606888e-01,  7.719566993901439e-02, -2.915958173825967e-02,  9.978819165892718e-01,  1.757834295909293e-01, -3.982994358589912e-02
  2.970000000000000e+00, -2.115497722784138e-01,  7.912526892211291e-02, -3.321753718916721e-02,  1.054016150965594e+00,  1.694416148142443e-01, -1.885057433599161e-02
  2.980000000000000e+00, -1.779291494243092e-01,  7.955785002053672e-02, -3.689373898668747e-02,  1.106874482020082e+00,  1.581464123591991e-01,  5.588552407845509e-03
  2.990000000000000e+00, -1.444680573806026e-01,  7.854443402257472e-02, -3.998380875790319e-02,  1.155836881163466e+00,  1.432085627178479e-01,  3.223790778199499e-02
  3.000000000000000e+00, -1.112938005507268e-01,  7.621468019324995e-02, -4.234697848676602e-02,  1.200399817166468e+00,  1.259168648111886e-01,  5.972931677500112e-02
  3.010000000000000e+00, -7.850610850175878e-02,  7.275790044036778e-02, -4.390375636437076e-02,  1.240176210970773e+00,  1.074006176623019e-01,  8.670673219027754e-02
  3.020000000000000e+00, -4.619297715426758e-02,  6.840216155077639e-02, -4.462610846393727e-02,  1.274887775390212e+00,  8.855722954255127e-02,  1.119534629206783e-01
  3.030000000000000e+00, -1.444032287673918e-02,  6.339397915670264e-02, -4.452588601737190e-02,  1.304348797325579e+00,  7.004398401539462e-02,  1.344911570144466e-01
  3.040000000000000e+00,  1.665704408890272e-02,  5.797978538301507e-02, -4.364004713099223e-02,  1.328443623886670e+00,  5.231568862094804e-02,  1.536423831906257e-01
  3.050000000000000e+00,  4.698491233396551e-02,  5.238886739005477e-02, -4.201398409685452e-02,  1.347103912910198e+00,  3.567985466961136e-02,  1.690604708301357e-01
  3.060000000000000e+00,  7.642518042187280e-02,  4.681978063454983e-02, -3.969588060648488e-02,  1.360296847980961e+00,  2.034445158310944e-02,  1.807296614637423e-01
  3.070000000000000e+00,  1.048600105370922e-01,  4.142971760454950e-02, -3.672891014640350e-02,  1.368013471385103e+00,  6.449919728280378e-03,  1.889432400546593e-01
  3.080000000000000e+00,  1.321853443504194e-01,  3.633269856860033e-02, -3.315379118757660e-02,  1.370265194788693e+00, -5.913196618269430e-03,  1.942540822736506e-01
  3.090000000000000e+00,  1.583002098972411e-01,  3.160148721789202e-02, -2.900614077660573e-02,  1.367077936615497e+00, -1.669330751062654e-02,  1.974057898135113e-01
  3.100000000000000e+00,  1.830945477112821e-01,  2.727306115243211e-02, -2.431421890437127e-02,  1.358489168302338e+00, -2.587057415140395e-02,  1.992483912897346e-01
  3.110000000000000e+00,  2.064424898051196e-01,  2.335898154974658e-02, -1.909812564230611e-02,  1.344548456283338e+00, -3.345446343290576e-02,  2.006466328423054e-01
  3.120000000000000e+00,  2.282036365509396e-01,  1.985928972094175e-02, -1.337172381430280e-02,  1.325321125698117e+00, -3.948577628049408e-02,  2.023915722814560e-01
  3.130000000000000e+00,  2.482285977882654e-01,  1.677448762676459e-02, -7.147594060317501e-03,  1.300892477216470e+00, -4.403516920528246e-02,  2.051231766272063e-01
  3.140000000000000e+00,  2.663653100081256e-01,  1.411257361856388e-02, -4.444208644920227e-04,  1.271370839694606e+00, -4.719077481749956e-02,  2.092657643378326e-01
  3.150000000000000e+00,  2.824674668032492e-01,  1.189053151911179e-02,  6.706621561013791e-03,  1.236890084297981e+00, -4.904132685826579e-02,  2.149833354789225e-01
  3.160000000000000e+00,  2.964045677390366e-01,  1.012939210533070e-02,  1.426019449163033e-02,  1.197612053094501e+00, -4.966845801247280e-02,  2.221658226016882e-01
  3.170000000000000e+00,  3.080706911798566e-01,  8.845842026901085e-03,  2.215988169240719e-02,  1.153728885840105e+00, -4.915250534012473e-02,  2.304498412596582e-01
  3.180000000000000e+00,  3.173890721247921e-01,  8.046083584100749e-03,  3.034356273536809e-02,  1.105466378003776e+00, -4.758131361429887e-02,  2.392694371176322e-01
  3.190000000000000e+00,  3.243100580961291e-01,  7.723961975635518e-03,  3.874568575532551e-02,  1.053090954422082e+00, -4.504903240827902e-02,  2.479224392824332e-01
  3.200000000000000e+00,  3.288002635304081e-01,  7.862597538888405e-03,  4.729606105564992e-02,  9.969203759918264e-01, -4.164377818628170e-02,  2.556394555315550e-01
  3.210000000000000e+00,  3.308457290383648e-01,  8.440020103235968e-03,  5.591356457747607e-02,  9.373416262525668e-01, -3.742931494044665e-02,  2.616603353596526e-01
  3.220000000000000e+00,  3.304541583301245e-01,  9.437164392269493e-03,  6.451362629666350e-02,  8.748281784938277e-01, -3.242969675173720e-02,  2.653352234376453e-01
  3.230000000000000e+00,  3.276666973775524e-01,  1.084698719145516e-02,  7.301983044678223e-02,  8.099604736800031e-01, -2.663078360496009e-02,  2.662333677263898e-01
  3.240000000000000e+00,  3.225774160397381e-01,  1.267678288495033e-02,  8.136886667752467e-02,  7.434521002061170e-01, -2.000061699401037e-02,  2.642203000865772e-01
  3.250000000000000e+00,  3.153599616870553e-01,  1.494129654081644e-02,  8.951046801467312e-02,  6.761809878659962e-01, -1.252406357281281e-02,  2.594818582857786e-01
  3.260000000000000e+00,  3.062966727506835e-01,  1.764619410692458e-02,  9.741454069513984e-02,  6.092139922861056e-01, -4.245490639928254e-03,  2.524945951481902e-01
  3.270000000000000e+00,  2.957947566760123e-01,  2.076325739369111e-02,  1.050958926143842e-01,  5.438065358614292e-01,  4.690915119752098e-03,  2.439484041436225e-01
  3.280000000000000e+00,  2.843751503257543e-01,  2.419893250433858e-02,  1.126481904111671e-01,  4.813623103728287e-01,  1.402210694504448e-02,  2.346303098746280e-01
  3.290000000000000e+00,  2.726237462522053e-01,  2.776186891622512e-02,  1.202659600389847e-01,  4.233433987151823e-01,  2.338578845919477e-02,  2.253004920803013e-01
  3.300000000000000e+00,  2.611158020707728e-01,  3.114291937431024e-02,  1.282254704445927e-01,  3.711382191364680e-01,  3.238473393832661e-02,  2.166126869797230e-01
  3.310000000000000e+00,  2.503371385084827e-01,  3.392367807373065e-02,  1.368073293087813e-01,  3.259131773362763e-01,  4.068577362292738e-02,  2.091204156909501e-01
  3.320000000000000e+00,  2.406294306684431e-01,  3.562503554969565e-02,  1.461853097300160e-01,  2.884875678277707e-01,  4.811829115278684e-02,  2.033523595674050e-01
  3.330000000000000e+00,  2.321789810147596e-01,  3.578926236747759e-02,  1.563480142928773e-01,  2.592723483009068e-01,  5.472414559371206e-02,  1.998659332759161e-01
  3.340000000000000e+00,  2.250436324172823e-01,  3.406654479384930e-02,  1.670995913449240e-01,  2.382821558221790e-01,  6.073107741541010e-02,  1.991962475599917e-01
  3.350000000000001e+00,  2.191928865167733e-01,  3.027602010662567e-02,  1.781130876440793e-01,  2.251859395715518e-01,  6.645379263040041e-02,  2.017209427805029e-01
  3.360000000000000e+00,  2.145324495684493e-01,  2.442879733100045e-02,  1.889790552281363e-01,  2.193535674005163e-01,  7.214805466731325e-02,  2.075328845480346e-01
  3.370000000000000e+00,  2.109056249269812e-01,  1.671467713223884e-02,  1.992291746662012e-01,  2.198908075186298e-01,  7.785875975758463e-02,  2.163876472089816e-01
  3.380000000000000e+00,  2.080802807106939e-01,  7.458757530485638e-03,  2.083656630820269e-01,  2.256832027620885e-01,  8.333516922670221e-02,  2.277281704507827e-01
  3.390000000000000e+00,  2.057378654869031e-01, -2.938796672393496e-03,  2.159304591115850e-01,  2.354663050940137e-01,  8.808832118006972e-02,  2.407541899559757e-01
  3.400000000000000e+00,  2.034817397422720e-01, -1.405775572573575e-02,  2.216085724392776e-01,  2.479210304360808e-01,  9.156756228582529e-02,  2.545194694850519e-01
  3.410000000000000e+00,  2.008715274160275e-01, -2.549163476675931e-02,  2.253227897920625e-01,  2.617750407456198e-01,  9.332426228811716e-02,  2.680635577582542e-01
  3.420000000000000e+00,  1.974730124863385e-01, -3.686619462155205e-02,  2.272681036183365e-01,  2.758842042043747e-01,  9.306875682066496e-02,  2.805600257410391e-01
  3.430000000000000e+00,  1.929056174429911e-01, -4.786134797274721e-02,  2.278585564725752e-01,  2.892807531113224e-01,  9.065364526091972e-02,  2.914275006200893e-01
  3.440000000000000e+00,  1.868741441503561e-01, -5.824421469949992e-02,  2.276065240353838e-01,  3.011934063437779e-01,  8.605674585086437e-02,  3.003642945493261e-01
  3.450000000000000e+00,  1.791805963852147e-01, -6.789978014387699e-02,  2.269929023130603e-01,  3.110512522285106e-01,  7.938026560071151e-02,  3.073070716622164e-01
  3.460000000000000e+00,  1.697202028364435e-01, -7.683656425104490e-02,  2.263823429780923e-01,  3.184771391274013e-01,  7.084646518965332e-02,  3.123493877236986e-01
  3.470000000000000e+00,  1.585081384127077e-01, -8.516018206034781e-02,  2.259976012219974e-01,  3.232776654895342e-01,  6.077054515715263e-02,  3.156681683462849e-01
  3.480000000000000e+00,  1.455982065965017e-01, -9.301943620725206e-02,  2.259263361507027e-01,  3.254010155542080e-01,  4.955864542742781e-02,  3.174820943919355e-01
  3.490000000000000e+00,  1.309882619507198e-01, -1.005468343525449e-01,  2.261342067483663e-01,  3.249133873047827e-01,  3.767366986538077e-02,  3.180306327896265e-01
