Main.Studies.MarkerTracking.t,Main.Studies.MarkerTracking.JointAngleOutputs.OutputFile_Trunk.PelvisPosX,Main.Studies.MarkerTracking.JointAngleOutputs.OutputFile_Trunk.PelvisPosY,Main.Studies.MarkerTracking.JointAngleOutputs.OutputFile_Trunk.PelvisPosZ,Main.Studies.MarkerTracking.JointAngleOutputs.OutputFile_Trunk.PelvisRotX,Main.Studies.MarkerTracking.JointAngleOutputs.OutputFile_Trunk.PelvisRotY,Main.Studies.MarkerTracking.JointAngleOutputs.OutputFile_Trunk.PelvisRotZ,Main.Studies.MarkerTracking.JointAngleOutputs.OutputFile_Trunk.PelvisThoraxExtension,Main.Studies.MarkerTracking.JointAngleOutputs.OutputFile_Trunk.PelvisThoraxLateralBending,Main.Studies.MarkerTracking.JointAngleOutputs.OutputFile_Trunk.PelvisThoraxRotation,Main.Studies.MarkerTracking.JointAngleOutputs.OutputFile_Trunk.SkullThoraxFlexion,Main.Studies.MarkerTracking.JointAngleOutputs.OutputFile_Trunk.SkullThoraxLateralBending,Main.Studies.MarkerTracking.JointAngleOutputs.OutputFile_Trunk.SkullThoraxRotation
 1.540000000000000e+000,-1.155605147594373e-001, 8.920535333855693e-001,-3.262460206903395e-001, 5.867446578863591e-002, 8.264118784296781e-002, 3.717916041996654e-004,-1.327570210912941e-001,-7.203666659734435e-002,-1.776952028258317e-001,-2.791269046383884e-002,-1.252810799660711e-001, 1.742899975286988e-001
 1.550000000000000e+000,-1.025859044492878e-001, 8.907224844760422e-001,-3.260696825281124e-001, 5.643792175616434e-002, 8.884730619059433e-002,-9.686628865387884e-005,-1.312263992588875e-001,-6.622482163104886e-002,-1.814536279400053e-001,-3.131405535956328e-002,-1.261257413415357e-001, 1.750389976338076e-001
 1.560000000000000e+000,-8.935446375993110e-002, 8.894026019737042e-001,-3.258407829963560e-001, 5.335681510110645e-002, 9.500617435418324e-002,-9.922635485133391e-004,-1.291819155768557e-001,-5.931712622007031e-002,-1.852572004974644e-001,-3.478857820069349e-002,-1.264973095140790e-001, 1.755504784337934e-001
 1.570000000000000e+000,-7.585305970517821e-002, 8.881524651236653e-001,-3.255331721406881e-001, 4.929376248234126e-002, 1.008804116326119e-001,-2.394563512387134e-003,-1.265333806749350e-001,-5.117103047090555e-002,-1.889738481410600e-001,-3.834924493146369e-002,-1.262669820565135e-001, 1.756950430520640e-001
 1.580000000000000e+000,-6.214181013336370e-002, 8.870409448123002e-001,-3.251243585509365e-001, 4.418499536880823e-002, 1.062088735481577e-001,-4.322467559198668e-003,-1.232692978651733e-001,-4.175832408172667e-002,-1.924456119899505e-001,-4.197896195839589e-002,-1.253430439239270e-001, 1.753712330662701e-001
 1.590000000000000e+000,-4.828191357604754e-002, 8.861209511928873e-001,-3.246027977030422e-001, 3.805592386142440e-002, 1.108200458980779e-001,-6.720481055940844e-003,-1.194665401102818e-001,-3.115481520274684e-002,-1.955526668318393e-001,-4.564182451297234e-002,-1.237081977070463e-001, 1.745507603207282e-001
 1.600000000000000e+000,-3.431084519976167e-002, 8.854453506642042e-001,-3.239589962465435e-001, 3.097431758628298e-002, 1.145611617377442e-001,-9.493256665046131e-003,-1.152480725692861e-001,-1.948175490621100e-002,-1.981726349665954e-001,-4.929901780931730e-002,-1.213787146512037e-001, 1.732357530264048e-001
 1.610000000000000e+000,-2.025756422333612e-002, 8.850593144014468e-001,-3.231885976879955e-001, 2.307673791417473e-002, 1.173256895069350e-001,-1.250340694259793e-002,-1.107842754239032e-001,-6.941513300755758e-003,-2.001967321188148e-001,-5.291151126311428e-002,-1.184224520269293e-001, 1.714745283671638e-001
 1.620000000000000e+000,-6.146080912914270e-003, 8.849975258040043e-001,-3.222921512391178e-001, 1.456541573175458e-002, 1.190625213045435e-001,-1.557966898527070e-002,-1.062812696097200e-001, 6.183919793292509e-003,-2.015333153105659e-001,-5.645005247127736e-002,-1.149563728346290e-001, 1.693647417281475e-001
 1.630000000000000e+000, 8.001551099437412e-003, 8.852816691997565e-001,-3.212747151732547e-001, 5.687660140471463e-003, 1.197883187106348e-001,-1.853452660897570e-002,-1.019600789700105e-001, 1.955659136517201e-002,-2.021279025056982e-001,-5.990254131893952e-002,-1.111308149174225e-001, 1.670390132339540e-001
 1.640000000000000e+000, 2.216250368739368e-002, 8.859189738297719e-001,-3.201462667124460e-001,-3.287173141839095e-003, 1.195890402388184e-001,-2.119091853908966e-002,-9.802695026787837e-002, 3.281547656214368e-002,-2.019527789981570e-001,-6.328049446323576e-002,-1.071068709074251e-001, 1.646683851236044e-001
 1.650000000000000e+000, 3.631036970111136e-002, 8.869011122013796e-001,-3.189207828607539e-001,-1.210536712554836e-002, 1.186137942327450e-001,-2.341986746648071e-002,-9.463387816088462e-002, 4.562321869724646e-002,-2.010203337064322e-001,-6.661522851075138e-002,-1.030296246307757e-001, 1.624331824055729e-001
 1.660000000000000e+000, 5.041402551093008e-002, 8.882045003716305e-001,-3.176151953080677e-001,-2.055698372805991e-002, 1.170548130807945e-001,-2.516492130307754e-002,-9.185271698845282e-002, 5.770415534741818e-002,-1.993582950275173e-001,-6.995255609125199e-002,-9.901020726703594e-002, 1.605199593673607e-001
 1.670000000000000e+000, 6.443822978703688e-002, 8.897920136495996e-001,-3.162483144234735e-001,-2.849805949058186e-002, 1.151229509589078e-001,-2.644806375488231e-002,-8.966975056579868e-002, 6.887361261030396e-002,-1.970177188133749e-001,-7.334205228794034e-002,-9.510945691478182e-002, 1.590831763213892e-001
 1.680000000000000e+000, 7.834614316790675e-002, 8.916166877917733e-001,-3.148402400397891e-001,-3.585606431968696e-002, 1.130178361776200e-001,-2.735413497051114e-002,-8.800143450090128e-002, 7.905024655161805e-002,-1.940464727756117e-001,-7.682944250299052e-002,-9.133257818880855e-002, 1.582404016449662e-001
 1.690000000000000e+000, 9.210334717613475e-002, 8.936270798823134e-001,-3.134119298751013e-001,-4.262389990679532e-002, 1.109005280111768e-001,-2.799853729291556e-002,-8.672737566145933e-002, 8.825206006642082e-002,-1.904779655885933e-001,-8.044815685641076e-002,-8.763103873351090e-002, 1.580582115339611e-001
 1.700000000000000e+000, 1.056826288542900e-001, 8.957733505425009e-001,-3.119846992067417e-001,-4.883960178496461e-002, 1.088751450309822e-001,-2.848569166614747e-002,-8.573221329667127e-002, 9.657097110935799e-002,-1.863193346294184e-001,-8.421346706186683e-002,-8.391766021743383e-002, 1.585510751358366e-001
 1.710000000000000e+000, 1.190678943774093e-001, 8.980125643099625e-001,-3.105792426541819e-001,-5.455831590320836e-002, 1.069838969490884e-001,-2.887233970474999e-002,-8.494299377504025e-002, 1.041323082635489e-001,-1.815485388114312e-001,-8.812033736257838e-002,-8.009167440773425e-002, 1.596891203461387e-001
 1.720000000000000e+000, 1.322556571948167e-001, 9.003117194465199e-001,-3.092142138825347e-001,-5.982536363611678e-002, 1.052144678928564e-001,-2.915107853912674e-002,-8.434609248011445e-002, 1.110520956720867e-001,-1.761190193834538e-001,-9.214393466438506e-002,-7.606603692370204e-002, 1.614149586689677e-001
 1.730000000000000e+000, 1.452536978111169e-001, 9.026477328576713e-001,-3.079048837501123e-001,-6.465742189521002e-002, 1.035154155602804e-001,-2.926040294814056e-002,-8.397751683902509e-002, 1.174037781060618e-001,-1.699867965229729e-001,-9.623960224384262e-002,-7.178544184325784e-002, 1.636460168399792e-001
 1.740000000000000e+000, 1.580775793409175e-001, 9.050047471540872e-001,-3.066619378742220e-001,-6.903496795665313e-002, 1.018142565062132e-001,-2.911462684462896e-002,-8.389208006896499e-002, 1.232017750644409e-001,-1.631084644074719e-001,-1.003472543999420e-001,-6.724006367900261e-002, 1.663046178714122e-001
 1.750000000000000e+000, 1.707462937602313e-001, 9.073703637349446e-001,-3.054909389431132e-001,-7.291030164866355e-002, 1.000339417810108e-001,-2.863744260531893e-002,-8.413322179518445e-002, 1.284066704480149e-001,-1.554719596643982e-001,-1.043972373039824e-001,-6.246127975680644e-002, 1.693083408005827e-001
 1.760000000000000e+000, 1.832782096786110e-001, 9.097322113738301e-001,-3.043922439989644e-001,-7.622462956451306e-002, 9.810507667116708e-002,-2.778648373372640e-002,-8.471368874648459e-002, 1.329456275360325e-001,-1.471069026231262e-001,-1.083204832597020e-001,-5.751114617753385e-002, 1.725731657619525e-001
 1.770000000000000e+000, 1.956884598840018e-001, 9.120757950657477e-001,-3.033616745686161e-001,-7.892527137880809e-002, 9.597208557563519e-002,-2.656274828957279e-002,-8.561143932778603e-002, 1.367368791108587e-001,-1.380875491624783e-001,-1.120583844030662e-001,-5.246679152483592e-002, 1.760142934342647e-001
 1.780000000000000e+000, 2.079884373216487e-001, 9.143838208554109e-001,-3.023918613299988e-001,-8.097608719538277e-002, 9.359087016235335e-002,-2.500651963301370e-002,-8.677571319459296e-002, 1.397092012612407e-001,-1.285194254298136e-001,-1.155694017380209e-001,-4.740550153056284e-002, 1.795510315462688e-001
 1.790000000000000e+000, 2.201869236651033e-001, 9.166366892904636e-001,-3.014738218907608e-001,-8.236139793172809e-002, 9.092159420452162e-002,-2.318496501685373e-002,-8.813814630805375e-002, 1.418142001238535e-001,-1.185205812887385e-001,-1.188307911453841e-001,-4.239218047588677e-002, 1.831098886727505e-001
 1.800000000000000e+000, 2.322912995680662e-001, 9.188137412994801e-001,-3.005983714946576e-001,-8.308554729526338e-002, 8.792938766801628e-002,-2.117559816877304e-002,-8.962800836458533e-002, 1.430299659007873e-001,-1.081987424700225e-001,-1.218401753860248e-001,-3.747925786324600e-002, 1.866386408628992e-001
 1.810000000000000e+000, 2.443081977169889e-001, 9.208944483803372e-001,-2.997574843680328e-001,-8.317474326297725e-002, 8.459387643879568e-002,-1.905359105026652e-002,-9.118548714480979e-002, 1.433676334075686e-001,-9.767146585823440e-002,-1.246135522156202e-001,-3.269532760831665e-002, 1.900868359913203e-001
 1.820000000000000e+000, 2.562436713885515e-001, 9.228597528416070e-001,-2.989449616413938e-001,-8.267297929855570e-002, 8.091730093813943e-002,-1.687883011317050e-002,-9.277563356003972e-002, 1.428659761957701e-001,-8.705450653073833e-002,-1.271875366855715e-001,-2.805633094223163e-002, 1.934168155475911e-001
 1.830000000000000e+000, 2.681032794912363e-001, 9.246929144054434e-001,-2.981565054199190e-001,-8.163623722492373e-002, 7.692088336367631e-002,-1.469028059758413e-002,-9.439377467555531e-002, 1.415834448169660e-001,-7.645991327819611e-002,-1.296168702152181e-001,-2.357156829573387e-002, 1.965959729538652e-001
 1.840000000000000e+000, 2.798919619029309e-001, 9.263799317602421e-001,-2.973893722186244e-001,-8.012610665687885e-002, 7.263461242213309e-002,-1.250795295874735e-002,-9.606097346579656e-002, 1.395885850506866e-001,-6.598484976573629e-002,-1.319686211346876e-001,-1.925104377593330e-002, 1.995958757929798e-001
 1.850000000000000e+000, 2.916140762152671e-001, 9.279097085232212e-001,-2.966420296140691e-001,-7.820350790835147e-002, 6.808798067830901e-002,-1.033857036678112e-002,-9.781381774128901e-002, 1.369507174668949e-001,-5.570091743587605e-002,-1.343131752075659e-001,-1.511100858804447e-002, 2.023957168073481e-001
 1.860000000000000e+000, 3.032738369439580e-001, 9.292740661743486e-001,-2.959138162755498e-001,-7.592084538685981e-002, 6.330533098967273e-002,-8.179455414253392e-003,-9.969581261529832e-002, 1.337286298733683e-001,-4.565002279685568e-002,-1.367147353874696e-001,-1.117746365845086e-002, 2.049852051100893e-001
 1.870000000000000e+000, 3.148756426469177e-001, 9.304674869170195e-001,-2.952045624333837e-001,-7.331590933000851e-002, 5.830614209981411e-002,-6.021664139521083e-003,-1.017513340848392e-001, 1.299619878604319e-001,-3.584953420615920e-002,-1.392249928587024e-001,-7.484545441565425e-003, 2.073624595698352e-001
 1.880000000000000e+000, 3.264237575540808e-001, 9.314864408700055e-001,-2.945143554234412e-001,-7.041182404983798e-002, 5.310884400800298e-002,-3.857586568593360e-003,-1.040167704626655e-001, 1.256714634693431e-001,-2.630259560917581e-002,-1.418812462681592e-001,-4.068046865669801e-003, 2.095298392463996e-001
 1.890000000000000e+000, 3.379215337380635e-001, 9.323282389306997e-001,-2.938432843435185e-001,-6.722505042642278e-002, 4.773544030100330e-002,-1.694819658097474e-003,-1.065051063643140e-001, 1.208692152558638e-001,-1.700487626854617e-002,-1.447063995867400e-001,-9.588834400347091e-004, 2.114944963632958e-001
 1.900000000000000e+000, 3.493712175280692e-001, 9.329907803357256e-001,-2.931916565456417e-001,-6.377138115435717e-002, 4.221343840209491e-002, 4.401122595619319e-004,-1.092022238798505e-001, 1.155682718947143e-001,-7.949788331049540e-003,-1.477115695387629e-001, 1.821967118815085e-003, 2.132657613133286e-001
 1.910000000000000e+000, 3.607739677893019e-001, 9.334723697194702e-001,-2.925601019207372e-001,-6.007632022413292e-002, 3.657697842666474e-002, 2.501279253726048e-003,-1.120667000221784e-001, 1.097973823099604e-001, 8.671142002325354e-004,-1.508968817559955e-001, 4.267867900035707e-003, 2.148515624616245e-001
 1.920000000000000e+000, 3.721303820956815e-001, 9.337719003641972e-001,-2.919499638686918e-001,-5.618281026017801e-002, 3.086688618357081e-002, 4.429521314012581e-003,-1.150368874088313e-001, 1.036132493285198e-001, 9.442242784895064e-003,-1.542523470820331e-001, 6.391046170802561e-003, 2.162517997239215e-001
 1.930000000000000e+000, 3.834412080068900e-001, 9.338888734725983e-001,-2.913634378723119e-001,-5.215639424241082e-002, 2.512826764358023e-002, 6.158600173131081e-003,-1.180369006842352e-001, 9.710844637818017e-002, 1.776224142154272e-002,-1.577573442491332e-001, 8.224866993425643e-003, 2.174546767672680e-001
 1.940000000000000e+000, 3.947079263099952e-001, 9.338234341053855e-001,-2.908032807631155e-001,-4.808474536188938e-002, 1.940545955149720e-002, 7.620953497215715e-003,-1.209819142807235e-001, 9.041003741072699e-002, 2.580706192881391e-002,-1.613789748878668e-001, 9.820502638410908e-003, 2.184369128859319e-001
 1.950000000000000e+000, 4.059330723337096e-001, 9.335765685915253e-001,-2.902723795704508e-001,-4.407117430249646e-002, 1.373785029012531e-002, 8.753434950183442e-003,-1.237845036698271e-001, 8.366869316664190e-002, 3.355276440326581e-002,-1.650708244132233e-001, 1.123829374700038e-002, 2.191666922952794e-001
 1.960000000000000e+000, 4.171204629933447e-001, 9.331504187089357e-001,-2.897735773553301e-001,-4.022458072095082e-002, 8.159236615930210e-003, 9.503688468079521e-003,-1.263630440096802e-001, 7.704284562151778e-002, 4.097008666117846e-002,-1.687741877934615e-001, 1.253832340635530e-002, 2.196069972056088e-001
 1.970000000000000e+000, 4.282753895201816e-001, 9.325485562658188e-001,-2.893096451495807e-001,-3.664979920538777e-002, 2.699203952140516e-003, 9.836197333121322e-003,-1.286505231405558e-001, 7.068384127871506e-002, 4.802201131622046e-002,-1.724223598923999e-001, 1.377365040507074e-002, 2.197189241080315e-001
 1.980000000000000e+000, 4.394046366219954e-001, 9.317760710490807e-001,-2.888831135489433e-001,-3.344130681341417e-002,-2.615655859044219e-003, 9.735603588049775e-003,-1.306004238012780e-001, 6.472598105980469e-002, 5.466457275722185e-002,-1.759462844470672e-001, 1.498580954526373e-002, 2.194668513632535e-001
 1.990000000000000e+000, 4.505166312513977e-001, 9.308394806116722e-001,-2.884960342381842e-001,-3.068052394772750e-002,-7.761650635656370e-003, 9.207191961744998e-003,-1.321883588407989e-001, 5.928196764948694e-002, 6.085147766286242e-002,-1.792788728195420e-001, 1.620184303180316e-002, 2.188257567826043e-001
 2.000000000000000e+000, 4.616223797319772e-001, 9.297466102963339e-001,-2.881497421749486e-001,-2.843503076177089e-002,-1.272235508652408e-002, 8.278049619844984e-003,-1.334120015995068e-001, 5.444226516535732e-002, 6.654647069498162e-002,-1.823566461644585e-001, 1.743437399203072e-002, 2.177902121106667e-001
 2.010000000000000e+000, 4.727370462570322e-001, 9.285063666788306e-001,-2.878445236158713e-001,-2.676015217800125e-002,-1.749958327053092e-002, 7.000074317900928e-003,-1.342910203735963e-001, 5.027789290687459e-002, 7.173048669560121e-002,-1.851188433282815e-001, 1.868755725704068e-002, 2.163687521232571e-001
 2.020000000000000e+000, 4.838810451077126e-001, 9.271286092716817e-001,-2.875789815460515e-001,-2.570031317249114e-002,-2.212764169761883e-002, 5.455242201099187e-003,-1.348706972924248e-001, 4.684423060163011e-002, 7.642939657109901e-002,-1.875080333566540e-001, 1.996214941077248e-002, 2.145934228405632e-001
 2.030000000000000e+000, 4.950803980468450e-001, 9.256237275350279e-001,-2.873496527984004e-001,-2.529356763568863e-002,-2.668118816819054e-002, 3.757680711435288e-003,-1.352232298367295e-001, 4.418746046322861e-002, 8.071410250659464e-002,-1.894709830402467e-001, 2.126364801393315e-002, 2.125070978098004e-001
 2.040000000000000e+000, 5.063662629242590e-001, 9.240020392817331e-001,-2.871510110369209e-001,-2.557537315177015e-002,-3.127390842592859e-002, 2.051451426160142e-003,-1.354453379895751e-001, 4.235045082507987e-002, 8.469971940445836e-002,-1.909600124584089e-001, 2.260781964281016e-002, 2.101593138928606e-001
 2.050000000000000e+000, 5.177734300242419e-001, 9.222731685640895e-001,-2.869758387941239e-001,-2.658016571847855e-002,-3.604800540948872e-002, 5.014754643236050e-004,-1.356495824979964e-001, 4.137506698274285e-002, 8.853505202727555e-002,-1.919339380200382e-001, 2.402220978496188e-002, 2.076032287198843e-001
 2.060000000000000e+000, 5.293372425417853e-001, 9.204458736037742e-001,-2.868158404228958e-001,-2.833763512609568e-002,-4.115504668546621e-002,-7.257171941902369e-004,-1.359475194486830e-001, 4.129586967844308e-002, 9.238172120927601e-002,-1.923608608710134e-001, 2.554135541364476e-002, 2.048923495675224e-001
 2.070000000000000e+000, 5.410886577240645e-001, 9.185286483619836e-001,-2.866625842342693e-001,-3.085892917299187e-002,-4.672801172725860e-002,-1.495042635208871e-003,-1.364216689381136e-001, 4.212028875921645e-002, 9.639555041317570e-002,-1.922236445013889e-001, 2.719441983843775e-002, 2.020877544984449e-001
 2.080000000000000e+000, 5.530481865335180e-001, 9.165313171737328e-001,-2.865094707060331e-001,-3.410716251133465e-002,-5.284734727812079e-002,-1.747372335840608e-003,-1.370879411376534e-001, 4.378734122081198e-002, 1.006808541166568e-001,-1.915242233877263e-001, 2.898511765150509e-002, 1.992451079445428e-001
 2.090000000000000e+000, 5.652206320980713e-001, 9.144685394354999e-001,-2.863546238765854e-001,-3.794742084798890e-002,-5.951216151594152e-002,-1.532854677829246e-003,-1.378730770096702e-001, 4.610473421974227e-002, 1.052703871742990e-001,-1.902878123725569e-001, 3.086242609318669e-002, 1.964271498322386e-001
 2.100000000000000e+000, 5.775936719366391e-001, 9.123643356764075e-001,-2.862041904433356e-001,-4.209600399116396e-002,-6.662922305118935e-002,-1.011952040607079e-003,-1.386251235105218e-001, 4.868887194209581e-002, 1.101109609350567e-001,-1.885654499403465e-001, 3.269728967620224e-002, 1.937074627895171e-001
 2.110000000000000e+000, 5.901421496234833e-001, 9.102545928008997e-001,-2.860734809415957e-001,-4.611257590084851e-002,-7.402965772377623e-002,-4.175966276467109e-004,-1.391553587299181e-001, 5.096230086890482e-002, 1.150761628930610e-001,-1.864301164031166e-001, 3.428623624073366e-002, 1.911692229251041e-001
 2.120000000000000e+000, 6.028366670102009e-001, 9.081845909218056e-001,-2.859835788083931e-001,-4.946708256780275e-002,-8.150989667822151e-002, 2.384278921454733e-006,-1.392846432364809e-001, 5.224327503378393e-002, 1.200028480255780e-001,-1.839617729473542e-001, 3.538904431366186e-002, 1.888946605872582e-001
 2.130000000000000e+000, 6.156522458111268e-001, 9.062025579273983e-001,-2.859549577758948e-001,-5.165269252224343e-002,-8.887682033437949e-002, 3.389086570381326e-005,-1.388692065343918e-001, 5.188839412397155e-002, 1.247335011820270e-001,-1.812266202519131e-001, 3.578057993835917e-002, 1.869515582076452e-001
 2.140000000000000e+000, 6.285733439623972e-001, 9.043534061532764e-001,-2.860027931526180e-001,-5.227801947198429e-002,-9.597555021538229e-002,-4.790764207450440e-004,-1.378039716035292e-001, 4.940779265226793e-002, 1.291434821343948e-001,-1.782614753651680e-001, 3.529063496191753e-002, 1.853844263080112e-001
 2.150000000000000e+000, 6.415943899639740e-001, 9.026756319945777e-001,-2.861361821829025e-001,-5.110454888312136e-002,-1.026951546271351e-001,-1.629544829355168e-003,-1.360180128927550e-001, 4.451336574340013e-002, 1.331469729746555e-001,-1.750690431707059e-001, 3.382294045342751e-002, 1.842122849747222e-001
 2.160000000000000e+000, 6.547170975154570e-001, 9.012014561708799e-001,-2.863594823990496e-001,-4.804383636178094e-002,-1.089623156423916e-001,-3.450017480943078e-003,-1.334747884792835e-001, 3.711673045169074e-002, 1.366894908634820e-001,-1.716235248724742e-001, 3.135875583524374e-002, 1.834298433712590e-001
 2.170000000000000e+000, 6.679461580866160e-001, 8.999587273764318e-001,-2.866733726437185e-001,-4.314054901794829e-002,-1.147338633091579e-001,-5.915846805997918e-003,-1.301788579252194e-001, 2.730688837994549e-002, 1.397382234170715e-001,-1.678836228299751e-001, 2.795210067714122e-002, 1.830094581588815e-001
 2.180000000000000e+000, 6.812846036449752e-001, 8.989730263801170e-001,-2.870748919184100e-001,-3.655423861412137e-002,-1.199925401518218e-001,-8.949337626331932e-003,-1.261839423572940e-001, 1.532371044115976e-002, 1.422765134324002e-001,-1.638082444096151e-001, 2.372065643184445e-002, 1.829032125168648e-001
 2.190000000000000e+000, 6.947299394700177e-001, 8.982688857675104e-001,-2.875570697751204e-001,-2.854041156836382e-002,-1.247460157340141e-001,-1.242413053242154e-002,-1.215990305580430e-001, 1.530005283468339e-003, 1.443002728223621e-001,-1.593697824925966e-001, 1.883444554678687e-002, 1.830416268547133e-001
 2.200000000000000e+000, 7.082718815928261e-001, 8.978693400767225e-001,-2.881091517476448e-001,-1.942827412162990e-002,-1.290286061822701e-001,-1.617016214743728e-002,-1.165900176872227e-001,-1.361877771943006e-002, 1.458117380686632e-001,-1.545625176416140e-001, 1.350415856829194e-002, 1.833260322579819e-001
 2.210000000000000e+000, 7.218917559010558e-001, 8.977933723608413e-001,-2.887178127899809e-001,-9.594744598131661e-003,-1.329041484134637e-001,-1.998645714913990e-002,-1.113680246641004e-001,-2.960696418064308e-002, 1.468128823678604e-001,-1.494062938397879e-001, 7.968049046700329e-003, 1.836210179260023e-001
 2.220000000000000e+000, 7.355627112209490e-001, 8.980519660988279e-001,-2.893688992187949e-001, 5.669090840783703e-004,-1.364653295559153e-001,-2.366968885197783e-002,-1.061574064208084e-001,-4.589698900914078e-002, 1.473035421798766e-001,-1.439465322361839e-001, 2.472050486225573e-003, 1.837574245816035e-001
 2.230000000000000e+000, 7.492500216542138e-001, 8.986445062623752e-001,-2.900494025294199e-001, 1.068786182938057e-002,-1.398232213528561e-001,-2.705294362418726e-002,-1.011530774596321e-001,-6.198048301109456e-002, 1.472806152914332e-001,-1.382514059050619e-001,-2.758416186682027e-003, 1.835471465823163e-001
 2.240000000000000e+000, 7.629117646123216e-001, 8.995568667346323e-001,-2.907495405677377e-001, 2.046939294735455e-002,-1.430860094656792e-001,-3.003717034622722e-002,-9.648752504428243e-002,-7.743650561101641e-002, 1.467309882317021e-001,-1.324064926710980e-001,-7.546567654817120e-003, 1.828029092463194e-001
 2.250000000000000e+000, 7.765008067866360e-001, 9.007615732828295e-001,-2.914641032331539e-001, 2.971680834229629e-002,-1.463350200232563e-001,-3.260065115763364e-002,-9.222112021803637e-002,-9.197614505764824e-002, 1.456225453459213e-001,-1.265074594486150e-001,-1.178172378094841e-002, 1.813599225959538e-001
 2.260000000000000e+000, 7.899687645385095e-001, 9.022201501990356e-001,-2.921922996230011e-001, 3.834817635616832e-002,-1.496084782076905e-001,-3.478296482685404e-002,-8.835665455336637e-002,-1.054566989801657e-001, 1.439044087652516e-001,-1.206508581232326e-001,-1.542209740889640e-002, 1.790991046071307e-001
 2.270000000000000e+000, 8.032715006322194e-001, 9.038875128385093e-001,-2.929363882738446e-001, 4.637641555697552e-002,-1.528965937774474e-001,-3.665035985095781e-002,-8.487000249411557e-002,-1.178629540900103e-001, 1.415163944015296e-001,-1.149226593770099e-001,-1.848421053843398e-002, 1.759646474099275e-001
 2.280000000000000e+000, 8.163744699244382e-001, 9.057173783398320e-001,-2.936998590865778e-001, 5.387019933873977e-002,-1.561451057088719e-001,-3.825708124141615e-002,-8.174299302466104e-002,-1.292614836790411e-001, 1.383979644163323e-001,-1.093860426398082e-001,-2.102266781263303e-002, 1.719665569269947e-001
 2.290000000000000e+000, 8.292559426616464e-001, 9.076669764904300e-001,-2.944858043752571e-001, 6.090474541096844e-002,-1.592644491037814e-001,-3.961951194459245e-002,-7.898336396808678e-002,-1.397406448155847e-001, 1.344927996959183e-001,-1.040723598511532e-001,-2.310653927623991e-002, 1.671686857383639e-001
 2.300000000000000e+000, 8.419071592950010e-001, 9.096997900611624e-001,-2.952958838820211e-001, 6.751941929952124e-002,-1.621435452306714e-001,-4.071322308035538e-002,-7.662394236052385e-002,-1.493566046649548e-001, 1.297538272768034e-001,-9.897909808671920e-002,-2.480034801206095e-002, 1.616719342049876e-001
 2.310000000000000e+000, 8.543300789744366e-001, 9.117861939148094e-001,-2.961299991407133e-001, 7.369672561950742e-002,-1.646656488752514e-001,-4.148920243938836e-002,-7.470634984936302e-002,-1.581044335592741e-001, 1.241516182335626e-001,-9.407569604568049e-002,-2.615619310588987e-002, 1.556011599818730e-001
 2.320000000000000e+000, 8.665342631405194e-001, 9.139027301314658e-001,-2.969865310097640e-001, 7.936564832626622e-002,-1.667214191228166e-001,-4.189481668030636e-002,-7.326408080179665e-002,-1.659198894153073e-001, 1.176821476738402e-001,-8.931527558716944e-002,-2.721737048945092e-002, 1.490970782621184e-001
 2.330000000000000e+000, 8.785340505147016e-001, 9.160308689373292e-001,-2.978629373542630e-001, 8.442145549811667e-002,-1.682163498750551e-001,-4.188682721250106e-002,-7.231688075429818e-002,-1.727027466367707e-001, 1.103697208312186e-001,-8.464957435752658e-002,-2.802693419881225e-002, 1.423102839202107e-001
 2.340000000000000e+000, 8.903463875722469e-001, 9.181556415384038e-001,-2.987565638575984e-001, 8.875259836335088e-002,-1.690746783947628e-001,-4.143459431429145e-002,-7.187610319938931e-002,-1.783487610638318e-001, 1.022682603726990e-001,-8.004334633618127e-002,-2.863447948870421e-002, 1.353972813469190e-001
 2.350000000000000e+000, 9.019892246859103e-001, 9.202640912904989e-001,-2.996654788845847e-001, 9.226814665444001e-002,-1.692424186788049e-001,-4.051977637048342e-002,-7.195048767709880e-002,-1.827816065993018e-001, 9.345262464201430e-002,-7.548300576511707e-002,-2.909766281265955e-002, 1.285075485964722e-001
 2.360000000000000e+000, 9.134803731802500e-001, 9.223436147628906e-001,-3.005887376105982e-001, 9.492029245320183e-002,-1.686880552551187e-001,-3.913806965458255e-002,-7.254627097291025e-002,-1.859778049752783e-001, 8.402657241309700e-002,-7.097522585588652e-002,-2.948402869995812e-002, 1.217907023106129e-001
 2.370000000000000e+000, 9.248367743294071e-001, 9.243805464289460e-001,-3.015260994808328e-001, 9.671391029303511e-002,-1.673998291988463e-001,-3.730236873790737e-002,-7.365863272854757e-002,-1.879767688418908e-001, 7.410624109877766e-002,-6.653588155435261e-002,-2.986619786389873e-002, 1.153831824683441e-001
 2.380000000000000e+000, 9.360741673149664e-001, 9.263594931337390e-001,-3.024772671221385e-001, 9.770262786117918e-002,-1.653821327154788e-001,-3.504404678308735e-002,-7.526359094238642e-002,-1.888743449204170e-001, 6.381176665165704e-002,-6.217679551423060e-002,-3.031426099176878e-002, 1.094047456081844e-001
 2.390000000000000e+000, 9.472070064312811e-001, 9.282636229526419e-001,-3.034411470670945e-001, 9.797544084011524e-002,-1.626535536548825e-001,-3.241002880659483e-002,-7.731633714541963e-002,-1.888056953191592e-001, 5.325857090635847e-002,-5.789845015165894e-002,-3.088652420254245e-002, 1.039540830418314e-001
 2.400000000000000e+000, 9.582484952933146e-001, 9.300758311826264e-001,-3.044153826030329e-001, 9.763987218650384e-002,-1.592469864331285e-001,-2.945466449163239e-002,-7.975919623680686e-002,-1.879251710878987e-001, 4.255121695838279e-002,-5.369087778173599e-002,-3.162227222779069e-002, 9.910464658697467e-002
 2.410000000000000e+000, 9.692105570516498e-001, 9.317801720019120e-001,-3.053961444933175e-001, 9.680620339307178e-002,-1.552097469643143e-001,-2.623103270304244e-002,-8.253401509252757e-002,-1.863872993175590e-001, 3.179390709295535e-002,-4.953917672997468e-002,-3.254093360483059e-002, 9.491446368275257e-002
 2.420000000000000e+000, 9.801035253856365e-001, 9.333628761207490e-001,-3.063785991792721e-001, 9.557416028373632e-002,-1.506010901974313e-001,-2.278596927175219e-002,-8.558955612463340e-002,-1.843296475800582e-001, 2.107370381048491e-002,-4.543168414205969e-002,-3.363647591266550e-002, 9.140819036468023e-002
 2.430000000000000e+000, 9.909358651119719e-001, 9.348127802190370e-001,-3.073574403551695e-001, 9.402653500187119e-002,-1.454875434952865e-001,-1.916062613547382e-002,-8.888401945284456e-002,-1.818633100802158e-001, 1.047007347995248e-002,-4.136489690563921e-002,-3.488124508178653e-002, 8.858857359503992e-002
 2.440000000000000e+000, 1.001714013452458e+000, 9.361214663156028e-001,-3.083274341711123e-001, 9.222910980433119e-002,-1.399394775652307e-001,-1.539131709327100e-002,-9.238513811104721e-002,-1.790728025985314e-001, 5.007853597512592e-005,-3.734552726700054e-002,-3.623041715353264e-002, 8.643429364300360e-002
 2.450000000000000e+000, 1.012442336212703e+000, 9.372831461462799e-001,-3.092836339282119e-001, 9.023438001465500e-002,-1.340299724312968e-001,-1.151061976222914e-002,-9.606921728540389e-002,-1.760220137615970e-001,-1.013208404042659e-002,-3.338997015611206e-002,-3.763005313521901e-002, 8.490126618941433e-002
 2.460000000000000e+000, 1.023123380087613e+000, 9.382942758777318e-001,-3.102213665131772e-001, 8.808493596022138e-002,-1.278349194171076e-001,-7.548869867207378e-003,-9.991864886454245e-002,-1.727597436806047e-001,-2.003222190088171e-002,-2.952161566802150e-002,-3.902502235957341e-002, 8.392654693681362e-002
 2.470000000000000e+000, 1.033758677596579e+000, 9.391530891250098e-001,-3.111361087329533e-001, 8.581488324552150e-002,-1.214341587683325e-001,-3.534839586626975e-003,-1.039190802253258e-001,-1.693224209565467e-001,-2.960862447684845e-002,-2.576588062825881e-002,-4.036546539369357e-002, 8.343687420108432e-002
 2.480000000000000e+000, 1.044349884530362e+000, 9.398591497510050e-001,-3.120233024465908e-001, 8.345025661357662e-002,-1.149129314706805e-001, 5.043273410559969e-004,-1.080566497366722e-001,-1.657356787294557e-001,-3.881483068294723e-002,-2.214477476289237e-002,-4.161166977531155e-002, 8.335803948844164e-002
 2.490000000000000e+000, 1.054899664453600e+000, 9.404127767935789e-001,-3.128781722582540e-001, 8.100998316178201e-002,-1.083606165596087e-001, 4.541665556724570e-003,-1.123136768315693e-001,-1.620165435762311e-001,-4.759903868980452e-002,-1.867281392680090e-002,-4.273630848148340e-002, 8.362095928727058e-002
 2.500000000000000e+000, 1.065411785314259e+000, 9.408142407217819e-001,-3.136957402159628e-001, 7.850795645839309e-002,-1.018644263386210e-001, 8.545309174089924e-003,-1.166612265184946e-001,-1.581762611946820e-001,-5.591082342180710e-002,-1.535424673392457e-002,-4.372374987255273e-002, 8.416476692598333e-002
 2.510000000000000e+000, 1.075890519380256e+000, 9.410630378135128e-001,-3.144711908622387e-001, 7.595633764354595e-002,-9.549989439535933e-002, 1.247169973830762e-002,-1.210511585403905e-001,-1.542241679309661e-001,-6.371079912730894e-002,-1.218205355605024e-002,-4.456905404479385e-002, 8.493884825981554e-002
 2.520000000000000e+000, 1.086340054158053e+000, 9.411577480791272e-001,-3.152004781909884e-001, 7.336995509359728e-002,-8.932295224559583e-002, 1.626279324946595e-002,-1.254141523277114e-001,-1.501731401820560e-001,-7.097769209653022e-002,-9.140314227304608e-003,-4.527867653818678e-002, 8.590434840136410e-002
 2.530000000000000e+000, 1.096764118586402e+000, 9.410963217998350e-001,-3.158809081294979e-001, 7.077138723545212e-002,-8.336742246689610e-002, 1.984748588059158e-002,-1.296635310369055e-001,-1.460457601170274e-001,-7.770906434855272e-002,-6.209276524086705e-003,-4.587191458600537e-002, 8.703480869892806e-002
 2.540000000000000e+000, 1.107165571769451e+000, 9.408761876638152e-001,-3.165115058305769e-001, 6.819617024317473e-002,-7.764778885106516e-002, 2.314253764715562e-002,-1.336984239956336e-001,-1.418799943608929e-001,-8.391589803793181e-002,-3.369727627869620e-003,-4.638157121175322e-002, 8.831622168134908e-002
 2.550000000000000e+000, 1.117546263803801e+000, 9.404942542337355e-001,-3.170931938794513e-001, 6.569582754351705e-002,-7.216352194261422e-002, 2.605474748704678e-002,-1.374072149691812e-001,-1.377319397970740e-001,-8.961617057760848e-002,-6.049598034884232e-004,-4.685204793076280e-002, 8.974623609106956e-002
 2.560000000000000e+000, 1.127907560452340e+000, 9.399472705486014e-001,-3.176288683151118e-001, 6.333611374613311e-002,-6.690232609150115e-002, 2.848872154914799e-002,-1.406764104345160e-001,-1.336730120521716e-001,-9.483223337074788e-002, 2.098139298712835e-003,-4.733377992012246e-002, 9.133159238164759e-002
 2.570000000000000e+000, 1.138251358131705e+000, 9.392324948292340e-001,-3.181232879219494e-001, 6.119105777442386e-002,-6.184273241276750e-002, 3.035811606788089e-002,-1.434032430035700e-001,-1.297824993990798e-001,-9.959094614023645e-002, 4.747507680810096e-003,-4.787586256149267e-002, 9.308461562522691e-002
 2.580000000000000e+000, 1.148581243835479e+000, 9.383483226498789e-001,-3.185827256780618e-001, 5.933514403908029e-002,-5.695584285903554e-002, 3.159585399387408e-002,-1.455067172488418e-001,-1.261380716111574e-001,-1.039243267876160e-001, 7.345110340731825e-003,-4.851893053278505e-002, 9.502025355523136e-002
 2.590000000000000e+000, 1.158903494189639e+000, 9.372947913417824e-001,-3.190145738444494e-001, 5.783523276550907e-002,-5.220493518767810e-002, 3.216175755454975e-002,-1.469349630657902e-001,-1.228059592973897e-001,-1.078716893600898e-001, 9.888457033447122e-003,-4.928936049145958e-002, 9.715333142970009e-002
 2.600000000000000e+000, 1.169227742858628e+000, 9.360741419257418e-001,-3.194270172106495e-001, 5.674360727391742e-002,-4.754435781912481e-002, 3.204892045809603e-002,-1.476711248976514e-001,-1.198330728444398e-001,-1.114827366049147e-001, 1.237295153795256e-002,-5.019671091270007e-002, 9.949535807715892e-002
 2.610000000000000e+000, 1.179567389209672e+000, 9.346915297624514e-001,-3.198286226854260e-001, 5.609344083396414e-002,-4.292043797240308e-002, 3.129083189226568e-002,-1.477409154667098e-001,-1.172433269874446e-001,-1.148187572225574e-001, 1.479292742093558e-002,-5.123494688631096e-002, 1.020518490249545e-001
 2.620000000000000e+000, 1.189939866886966e+000, 9.331556636441032e-001,-3.202277509110429e-001, 5.589709798423240e-002,-3.827355116902953e-002, 2.996800340259205e-002,-1.472201204871252e-001,-1.150384037608825e-001,-1.179518399047582e-001, 1.714189626533541e-002,-5.238600222858057e-002, 1.048208589050798e-001
 2.630000000000000e+000, 1.200366810382133e+000, 9.314789504267966e-001,-3.206318618375068e-001, 5.614756291082928e-002,-3.353907361599950e-002, 2.820809483130575e-002,-1.462342470381584e-001,-1.132023737915449e-001,-1.209633637894924e-001, 1.941368463946209e-002,-5.362568284624965e-002, 1.077920823277488e-001
 2.640000000000000e+000, 1.210873973150958e+000, 9.296769699906027e-001,-3.210467791906446e-001, 5.682310398350906e-002,-2.864790978270415e-002, 2.617590566025854e-002,-1.449456555682206e-001,-1.117097174900811e-001,-1.239414756641959e-001, 2.160515850167417e-002,-5.493260965054812e-002, 1.109471877146091e-001
 2.650000000000000e+000, 1.221490582216867e+000, 9.277675765273860e-001,-3.214759920569152e-001, 5.789333033743947e-002,-2.352831800607791e-002, 2.405774895726711e-002,-1.435341413723684e-001,-1.105343729915810e-001,-1.269778397642124e-001, 2.371918708973246e-002,-5.629803056954093e-002, 1.142621145702169e-001
 2.660000000000000e+000, 1.232247888847254e+000, 9.257699314257276e-001,-3.219200615352042e-001, 5.932367563560735e-002,-1.811010936739188e-002, 2.204503396490208e-002,-1.421782390384210e-001,-1.096557315895099e-001,-1.301633870739266e-001, 2.576506260278398e-002,-5.773244315546729e-002, 1.177092697289875e-001
 2.670000000000000e+000, 1.243176782936825e+000, 9.237035906635992e-001,-3.223760809721850e-001, 6.107567059378061e-002,-1.233316699401876e-002, 2.031569030656851e-002,-1.410371728298444e-001,-1.090574820341899e-001,-1.335799802566230e-001, 2.775507293744746e-002,-5.926568394043776e-002, 1.212581578135658e-001
 2.680000000000000e+000, 1.254304429178014e+000, 9.215877768300673e-001,-3.228370247080180e-001, 6.310043481435823e-002,-6.160892542942609e-003, 1.900996817980295e-002,-1.402296292805993e-001,-1.087163730740558e-001,-1.372874296047622e-001, 2.969934322899968e-002,-6.093952894828552e-002, 1.248747116000736e-001
 2.690000000000000e+000, 1.265650574389698e+000, 9.194417977747815e-001,-3.232913888944182e-001, 6.532140841946436e-002, 4.005777106379505e-004, 1.821034384546281e-002,-1.398222285849614e-001,-1.085732017459719e-001,-1.413045144576433e-001, 3.159351104503024e-002,-6.278404472650091e-002, 1.285202344741154e-001
 2.700000000000000e+000, 1.277223474719333e+000, 9.172848895794828e-001,-3.237225925231040e-001, 6.761693585330583e-002, 7.292471399708456e-003, 1.791193057963880e-002,-1.398036531164655e-001,-1.085094006610489e-001,-1.456040784614480e-001, 3.342126544156427e-002,-6.480380868828467e-002, 1.321433282975563e-001
 2.710000000000000e+000, 1.289018062741226e+000, 9.151373797148007e-001,-3.241099800616895e-001, 6.980635473005560e-002, 1.439770477528612e-002, 1.801964680341459e-002,-1.400901362436993e-001,-1.083237305766901e-001,-1.501095867078660e-001, 3.514793129982423e-002,-6.695398785566674e-002, 1.356748069865478e-001
 2.720000000000000e+000, 1.301017428615842e+000, 9.130210698933262e-001,-3.244310695486693e-001, 7.165842727861241e-002, 2.155111651290809e-002, 1.836335893631899e-002,-1.405413021570158e-001,-1.077414072756829e-001,-1.547076653899663e-001, 3.672395691869352e-002,-6.913483473405593e-002, 1.390254257134900e-001
 2.730000000000000e+000, 1.313198071545415e+000, 9.109591084404407e-001,-3.246648913201440e-001, 7.292090336707723e-002, 2.856106225488686e-002, 1.873578815699726e-002,-1.409923803705047e-001,-1.064510953809601e-001,-1.592696445845993e-001, 3.809249167442966e-002,-7.119811072776551e-002, 1.420907145333497e-001
 2.740000000000000e+000, 1.325536706166197e+000, 9.089753986982513e-001,-3.247947459831773e-001, 7.335726728824377e-002, 3.523630363958663e-002, 1.893722185691555e-002,-1.412884669768472e-001,-1.041535550008086e-001,-1.636754814400752e-001, 3.920230456281442e-002,-7.296327562404184e-002, 1.447622928952392e-001
 2.750000000000000e+000, 1.338015906527415e+000, 9.070940633968427e-001,-3.248089241464252e-001, 7.277317402508972e-002, 4.140930046639402e-002, 1.881170346254076e-002,-1.413103105060710e-001,-1.006002943643020e-001,-1.678308907192134e-001, 4.002244004974111e-002,-7.423975788577332e-002, 1.469412883085889e-001
 2.760000000000000e+000, 1.350627057138092e+000, 9.053392553747184e-001,-3.246994862613309e-001, 7.102778028849233e-002, 4.695052110480336e-002, 1.826723571573780e-002,-1.409873622461563e-001,-9.561486201474935e-002,-1.716737394078294e-001, 4.055401221938987e-002,-7.485347514083213e-002, 1.485471309235069e-001
 2.770000000000000e+000, 1.363370273580403e+000, 9.037353732108069e-001,-3.244605911144569e-001, 6.803686298639378e-002, 5.177371990098445e-002, 1.728032595355856e-002,-1.402997772423369e-001,-8.910255314048915e-002,-1.751715183353930e-001, 4.083607125019231e-002,-7.467334515471960e-002, 1.495204254193789e-001
 2.780000000000000e+000, 1.376251588870919e+000, 9.023076693650086e-001,-3.240877959448104e-001, 6.377430905373337e-002, 5.583336081310764e-002, 1.588824401158783e-002,-1.392732439755263e-001,-8.105413705616305e-002,-1.783118702396484e-001, 4.094412262034607e-002,-7.363085259964503e-002, 1.498249957614777e-001
 2.790000000000000e+000, 1.389278275476622e+000, 9.010830277673056e-001,-3.235785587957506e-001, 5.827275735260760e-002, 5.911485533592109e-002, 1.417372735824428e-002,-1.379708300017885e-001,-7.154425328178991e-002,-1.810874007344516e-001, 4.098048669022168e-002,-7.172867483517663e-002, 1.494518689713197e-001
 2.800000000000000e+000, 1.402453710178378e+000, 9.000903226062580e-001,-3.229332210716162e-001, 5.162219888311912e-002, 6.162128556374436e-002, 1.224771487440522e-002,-1.364849783718283e-001,-6.072517771933044e-002,-1.834793849500934e-001, 4.105854680889393e-002,-6.903883070551276e-002, 1.484235636700826e-001
 2.810000000000000e+000, 1.415773481745679e+000, 8.993595200419912e-001,-3.221556643198335e-001, 4.396711785875139e-002, 6.336387992814840e-002, 1.023457590201946e-002,-1.349295661508687e-001,-4.881952551729782e-002,-1.854478036673827e-001, 4.128715045027846e-002,-6.569260625546679e-002, 1.467982939784163e-001
 2.820000000000000e+000, 1.429224076314920e+000, 8.989190737743191e-001,-3.212533662351405e-001, 3.550161709409366e-002, 6.436358891800942e-002, 8.262917927534474e-003,-1.334314983727743e-001,-3.611206379081718e-002,-1.869334791535563e-001, 4.175949991610917e-002,-6.186461762121167e-002, 1.446742658723191e-001
 2.830000000000000e+000, 1.442783875791647e+000, 8.987921823635443e-001,-3.202375449470055e-001, 2.645919319362113e-002, 6.466559805510541e-002, 6.460725823658828e-003,-1.321218660313139e-001,-2.293343167796986e-002,-1.878722745075664e-001, 4.254406663835356e-002,-5.775097344589781e-002, 1.421910957373135e-001
 2.840000000000000e+000, 1.456424186758760e+000, 8.989923578291226e-001,-3.191234686419041e-001, 1.709135105535567e-002, 6.436058433860237e-002, 4.937490715679508e-003,-1.311115980312573e-001,-9.628555419012088e-003,-1.882179254660114e-001, 4.367998435326340e-002,-5.354531006458198e-002, 1.395219556591457e-001
 2.850000000000000e+000, 1.470109489961590e+000, 8.995208889877254e-001,-3.179316315658808e-001, 7.643337947690033e-003, 6.359064474300369e-002, 3.762965858521339e-003,-1.304692908885098e-001, 3.485051194080056e-003,-1.879512280443941e-001, 4.516920007807083e-002,-4.940642796114635e-002, 1.368601234320070e-001
 2.860000000000000e+000, 1.483796781900726e+000, 9.003649993739030e-001,-3.166864356284177e-001,-1.679776947119191e-003, 6.254122472125268e-002, 2.933683237189862e-003,-1.301869352425574e-001, 1.616190695087211e-002,-1.870828208671431e-001, 4.698326385380272e-002,-4.544046097459461e-002, 1.343978897053760e-001
 2.870000000000000e+000, 1.497436814037997e+000, 9.014987778746308e-001,-3.154142933500223e-001,-1.073727553775479e-002, 6.141696887389236e-002, 2.366058838711906e-003,-1.301757872121987e-001, 2.825836474997868e-002,-1.856406789937060e-001, 4.907117458961347e-002,-4.169290361264147e-002, 1.323100640235166e-001
 2.880000000000000e+000, 1.510978046914828e+000, 9.028863749766398e-001,-3.141418136245763e-001,-1.946047377199503e-002, 6.041177325905833e-002, 1.919392689867490e-003,-1.302918567077230e-001, 3.973933920861981e-002,-1.836518901086716e-001, 5.136736864824980e-002,-3.815154428638121e-002, 1.307429392992049e-001
 2.890000000000000e+000, 1.524372361000352e+000, 9.044864005137998e-001,-3.128937294362506e-001,-2.783900091116213e-002, 5.967762625109896e-002, 1.435385257681157e-003,-1.303734480895505e-001, 5.065099669652051e-002,-1.811215941231023e-001, 5.380513268175372e-002,-3.477222438560710e-002, 1.298087492280202e-001
 2.900000000000000e+000, 1.537581414652761e+000, 9.062588518994076e-001,-3.116929271281999e-001,-3.589115840626733e-002, 5.929763538380817e-002, 8.007761966720437e-004,-1.303081528618483e-001, 6.108344243717644e-002,-1.780191164583656e-001, 5.631122792463564e-002,-3.148355057491704e-002, 1.295811230105021e-001
 2.910000000000000e+000, 1.550580837072064e+000, 9.081694740769783e-001,-3.105586920575532e-001,-4.362761285546837e-002, 5.927557729789990e-002,-1.949657361759657e-005,-1.300621936586190e-001, 7.111051633473534e-002,-1.742768460374896e-001, 5.881662616462661e-002,-2.822399763044203e-002, 1.300964266636116e-001
 2.920000000000000e+000, 1.563361785713345e+000, 9.101925120219762e-001,-3.095060479718755e-001,-5.102185748307885e-002, 5.954266897604921e-002,-9.691361022210002e-004,-1.296925423549349e-001, 8.074586214553588e-002,-1.698053451639482e-001, 6.125982464080551e-002,-2.495865919904477e-002, 1.313547410969259e-001
 2.930000000000000e+000, 1.575929321665214e+000, 9.123102010825402e-001,-3.085453528505564e-001,-5.799734628352346e-002, 5.997863757469824e-002,-1.920055669904499e-003,-1.293250328626986e-001, 8.992326564936720e-002,-1.645182642381693e-001, 6.359345049413116e-002,-2.168626004610411e-002, 1.333215115847299e-001
 2.940000000000000e+000, 1.588298562878137e+000, 9.145098092248016e-001,-3.076824493147148e-001,-6.443251956147440e-002, 6.043801196660148e-002,-2.711562840859173e-003,-1.291135158181931e-001, 9.850441311465938e-002,-1.583568550972698e-001, 6.578940344957003e-002,-1.843310631840735e-002, 1.359312441212044e-001
 2.950000000000000e+000, 1.600489967137727e+000, 9.167796526978729e-001,-3.069190528963571e-001,-7.018028036887891e-002, 6.077290804684754e-002,-3.193457372620824e-003,-1.291969471925737e-001, 1.063072625031148e-001,-1.513066721443737e-001, 6.783994732555354e-002,-1.523824795878710e-002, 1.390918294632990e-001
 2.960000000000000e+000, 1.612524959619935e+000, 9.191056468476123e-001,-3.062530677596544e-001,-7.509721768496508e-002, 6.084915137349722e-002,-3.260180797875625e-003,-1.296679544285383e-001, 1.131462906113334e-001,-1.434053201082418e-001, 6.975421207582096e-002,-1.213596895799064e-002, 1.426883729453416e-001
 2.970000000000000e+000, 1.624422939416409e+000, 9.214693580418355e-001,-3.056789487479955e-001,-7.907285031954930e-002, 6.055797303939969e-002,-2.867682787763495e-003,-1.305601459512466e-001, 1.188710437394924e-001,-1.347438084229445e-001, 7.155141448280737e-002,-9.142943556349177e-003, 1.465880151118630e-001
 2.980000000000000e+000, 1.636200220748251e+000, 9.238477992165262e-001,-3.051883484227204e-001,-8.204740775554524e-002, 5.982368244961478e-002,-2.029817658272943e-003,-1.318553108563597e-001, 1.233889919505908e-001,-1.254615062238697e-001, 7.325313919674314e-002,-6.255205045019008e-003, 1.506464452162998e-001
 2.990000000000000e+000, 1.647870418330933e+000, 9.262146603054893e-001,-3.047710297921745e-001,-8.401566173301193e-002, 5.860523764946279e-002,-7.994113218753717e-004,-1.335045858676126e-001, 1.266708931915433e-001,-1.157328325764928e-001, 7.487644941882572e-002,-3.453711967081784e-003, 1.547159330583589e-001
 3.000000000000000e+000, 1.659445073709738e+000, 9.285421742289739e-001,-3.044158762019875e-001,-8.502227963328299e-002, 5.689213873050636e-002, 7.541973183373560e-004,-1.354521969166276e-001, 1.287464715083811e-001,-1.057469857477747e-001, 7.642813406953106e-002,-7.133768984617135e-004, 1.586554732587357e-001
 3.010000000000000e+000, 1.670933759791000e+000, 9.308028540859789e-001,-3.041117478530369e-001,-8.515299647566550e-002, 5.469729051320105e-002, 2.562113340810755e-003,-1.376529078976113e-001, 1.296952769493535e-001,-9.568568997368182e-002, 7.790055782835699e-002, 1.987644272862619e-003, 1.623421067786303e-001
 3.020000000000000e+000, 1.682343803656939e+000, 9.329707993542520e-001,-3.038479834428642e-001,-8.452342333790991e-002, 5.205045838525635e-002, 4.564672107022090e-003,-1.400799008615558e-001, 1.296335580513250e-001,-8.570609060177600e-002, 7.927119849643881e-002, 4.659203517261195e-003, 1.656803173297417e-001
 3.030000000000000e+000, 1.693680284990673e+000, 9.350226473180124e-001,-3.036145369601183e-001,-8.326690116341479e-002, 4.899371839261124e-002, 6.714426369693462e-003,-1.427249537221249e-001, 1.286984377758715e-001,-7.593216748466546e-002, 8.050706207866362e-002, 7.292217096979040e-003, 1.686072241538809e-001
 3.040000000000000e+000, 1.704946815147523e+000, 9.369384243405337e-001,-3.034019120225338e-001,-8.152157770475477e-002, 4.557580727740995e-002, 8.978708408718774e-003,-1.455968549192193e-001, 1.270308727158850e-001,-6.645125616969491e-002, 8.157223151169879e-002, 9.855669462582976e-003, 1.710932494499748e-001
 3.050000000000000e+000, 1.716146568111042e+000, 9.387020927841654e-001,-3.032012404041748e-001,-7.941739698538280e-002, 4.184512055609124e-002, 1.134001326507315e-002,-1.487172236509728e-001, 1.247598457887207e-001,-5.731408447050328e-002, 8.243614877165775e-002, 1.229913035710041e-002, 1.731387737763810e-001
 3.060000000000000e+000, 1.727282642754260e+000, 9.403011917277817e-001,-3.030047501084924e-001,-7.706574466238603e-002, 3.784606493265930e-002, 1.378607564032533e-002,-1.521056532437315e-001, 1.219914636715548e-001,-4.854066668634388e-002, 8.308153364394488e-002, 1.456007644093211e-002, 1.747678208408344e-001
 3.070000000000000e+000, 1.738358131379779e+000, 9.417258679827439e-001,-3.028064048892833e-001,-7.455378351810590e-002, 3.362048316218402e-002, 1.629418765297841e-002,-1.557591392609367e-001, 1.188043916746810e-001,-4.013157277598871e-002, 8.351085450705281e-002, 1.657337305083407e-002, 1.760199552028502e-001
 3.080000000000000e+000, 1.749376607281702e+000, 9.429683361544664e-001,-3.026022775499124e-001,-7.194294542149933e-002, 2.921121689953710e-002, 1.882548679133034e-002,-1.596441307245780e-001, 1.152497333134395e-001,-3.208186378824916e-002, 8.374867125138008e-002, 1.828049470903127e-002, 1.769398788029669e-001
 3.090000000000000e+000, 1.760342601675815e+000, 9.440230877655603e-001,-3.023905172036165e-001,-6.926888223108205e-002, 2.466378627291843e-002, 2.133360316379963e-002,-1.637076806600444e-001, 1.113516969786095e-001,-2.439344797773512e-002, 8.383730404801276e-002, 1.963601406006012e-002, 1.775649298770517e-001
 3.100000000000000e+000, 1.771261678603143e+000, 9.448870685553337e-001,-3.021708158807629e-001,-6.654771635113015e-002, 2.002460093547209e-002, 2.377562970585617e-002,-1.678924105006838e-001, 1.071165910014070e-001,-1.708007097331905e-002, 8.383061594820419e-002, 2.061512700656407e-002, 1.779157319137101e-001
 3.110000000000000e+000, 1.782140627989747e+000, 9.455599874147229e-001,-3.019444382982736e-001,-6.377914030326307e-002, 1.533702574669826e-002, 2.612106604318990e-002,-1.721489723273905e-001, 1.025380562312956e-001,-1.015924231284897e-002, 8.378459716774368e-002, 2.121107396279205e-002, 1.779991644087906e-001
 3.120000000000000e+000, 1.792987855751791e+000, 9.460437329200322e-001,-3.017140318831903e-001,-6.096204721850295e-002, 1.063776671574113e-002, 2.834819200990526e-002,-1.764308969292946e-001, 9.761968314815005e-002,-3.631908245805551e-003, 8.375570164477655e-002, 2.143570061698531e-002, 1.778260110263003e-001
 3.130000000000000e+000, 1.803813219307634e+000, 9.463419402714662e-001,-3.014833707714701e-001,-5.810536672886122e-002, 5.953814412180236e-003, 3.044037928144562e-002,-1.806916318272881e-001, 9.238865795738074e-002, 2.529602164559631e-003, 8.379639247932927e-002, 2.131501524902885e-002, 1.774220205270665e-001
 3.140000000000000e+000, 1.814626786702366e+000, 9.464597550364026e-001,-3.012565078496086e-001,-5.523394700278751e-002, 1.301526579807533e-003, 3.238661437029197e-002,-1.848901499860527e-001, 8.689910521498728e-002, 8.370528934304353e-003, 8.394803892659862e-002, 2.088726525323984e-002, 1.768190616783959e-001
 3.150000000000000e+000, 1.825437473920554e+000, 9.464034945212438e-001,-3.010370691889781e-001,-5.238844704624500e-002,-3.311183265510831e-003, 3.418246372997135e-002,-1.889967714370138e-001, 8.122678066685783e-002, 1.393401866601741e-002, 8.423545430909002e-002, 2.020060876454565e-002, 1.760422954558717e-001
 3.160000000000000e+000, 1.836252516597498e+000, 9.461800226974410e-001,-3.008282591202391e-001,-4.962000077378077e-002,-7.880443845301510e-003, 3.582727678005233e-002,-1.929909826841835e-001, 7.545927588369072e-002, 1.925040358285656e-002, 8.466678045036803e-002, 1.930742982515173e-002, 1.751087081072315e-001
 3.170000000000000e+000, 1.847077597812887e+000, 9.457960947887262e-001,-3.006331655674902e-001,-4.698226956881504e-002,-1.240214796376438e-002, 3.731980099175036e-002,-1.968551769839378e-001, 6.968459310111294e-002, 2.433443859098945e-002, 8.523657555437993e-002, 1.825732646801658e-002, 1.740317586493460e-001
 3.180000000000000e+000, 1.857917429948007e+000, 9.452579214300757e-001,-3.004548033001227e-001,-4.452495261304477e-002,-1.687071017703201e-002, 3.865605632048765e-002,-2.005702802151642e-001, 6.398216361564386e-002, 2.918718311223174e-002, 8.592944640179473e-002, 1.709266339419715e-002, 1.728250224780744e-001
 3.190000000000000e+000, 1.868776985731556e+000, 9.445711633915543e-001,-3.002958626466814e-001,-4.229069736945543e-002,-2.128164796982679e-002, 3.983297951887613e-002,-2.041174442568954e-001, 5.841877048955878e-002, 3.380255656416791e-002, 8.672306058750226e-002, 1.584812399912679e-002, 1.715033110878508e-001
 3.200000000000000e+000, 1.879663057947093e+000, 9.437413075041274e-001,-3.001583281646560e-001,-4.031546239433082e-002,-2.563618425934533e-002, 4.085647497119525e-002,-2.074845226208399e-001, 5.304933594940343e-002, 3.817690510972064e-002, 8.759079691890341e-002, 1.455278918585103e-002, 1.700820129313953e-001
 3.210000000000000e+000, 1.890585384725708e+000, 9.427740733746632e-001,-3.000430217214601e-001,-3.863143054289064e-002,-2.994631890055666e-002, 4.174755932881788e-002,-2.106704627977319e-001, 4.792097153531957e-002, 4.231874620165984e-002, 8.850573820808869e-002, 1.323289301825925e-002, 1.685765355768500e-001
 3.220000000000000e+000, 1.901557131786070e+000, 9.416756841401301e-001,-2.999491485783398e-001,-3.727097714308381e-002,-3.423967013535778e-002, 4.254346991176856e-002,-2.136841174061506e-001, 4.307814664843011e-002, 4.625640213916026e-002, 8.944662951385909e-002, 1.191424163607517e-002, 1.670027297294583e-001
 3.230000000000000e+000, 1.912595011823134e+000, 9.404530742826590e-001,-2.998740517400360e-001,-3.627015036475276e-002,-3.856250159574182e-002, 4.329455213978022e-002,-2.165385087196119e-001, 3.856721759074726e-002, 5.004158932825231e-002, 9.040463980667254e-002, 1.062402660864754e-002, 1.653776530960784e-001
 3.240000000000000e+000, 1.923718855319753e+000, 9.391141282366875e-001,-2.998134033192477e-001,-3.566918554479046e-002,-4.297698458264243e-002, 4.405690777625688e-002,-2.192418533152142e-001, 3.443774802384978e-002, 5.374843529883436e-002, 9.138804691275709e-002, 9.390705474121033e-003, 1.637225007146350e-001
 3.250000000000000e+000, 1.934950116248376e+000, 9.376678680679967e-001,-2.997619240595653e-001,-3.550850149079905e-002,-4.754973827395004e-002, 4.487784482923342e-002,-2.217835108075568e-001, 3.073624009328318e-002, 5.744888895458831e-002, 9.242276110539748e-002, 8.242783236328427e-003, 1.620495536277839e-001
 3.260000000000000e+000, 1.946309224757729e+000, 9.361251503483574e-001,-2.997144157633780e-001,-3.581447466088809e-002,-5.233525717015120e-002, 4.577967959808610e-002,-2.241223342583771e-001, 2.749020820767019e-002, 6.121010171688691e-002, 9.354703333778841e-002, 7.195870519179388e-003, 1.603759889844708e-001
 3.270000000000000e+000, 1.957812492561274e+000, 9.344997078306367e-001,-2.996669507292682e-001,-3.657890946389986e-002,-5.736112971261531e-002, 4.674211358528824e-002,-2.261757215802076e-001, 2.468113190986165e-002, 6.506975099651825e-002, 9.480453885531490e-002, 6.240644668259927e-003, 1.587143994578591e-001
 3.280000000000000e+000, 1.969469364882192e+000, 9.328101564218138e-001,-2.996181332966920e-001,-3.773102047044174e-002,-6.261692224031967e-002, 4.769543694663374e-002,-2.278229573636389e-001, 2.220972001339291e-002, 6.902746364577608e-002, 9.623475766014862e-002, 5.327398272513718e-003, 1.570784396755511e-001
 3.290000000000000e+000, 1.981281147223900e+000, 9.310825600814162e-001,-2.995704519312250e-001,-3.910936403273543e-002,-6.804802131200560e-002, 4.852886315626936e-002,-2.289247001806646e-001, 1.986149989192122e-002, 7.303768786663993e-002, 9.786303463904141e-002, 4.355159739654895e-003, 1.554861352364305e-001
 3.300000000000000e+000, 1.993241953022446e+000, 9.293524980367133e-001,-2.995315211348472e-001,-4.044464302016322e-002,-7.355753065245430e-002, 4.911226111545384e-002,-2.293529699406454e-001, 1.728706947725887e-002, 7.700811898811849e-002, 9.969333574204622e-002, 3.170723732670916e-003, 1.539597830775576e-001
 3.310000000000000e+000, 2.005341640584168e+000, 9.276652226932314e-001,-2.995144669202686e-001,-4.136763538287093e-002,-7.901678791673494e-002, 4.932296898876588e-002,-2.290196652151015e-001, 1.401639021489084e-002, 8.082019335483795e-002, 1.017057411479989e-001, 1.579893716177291e-003, 1.525367647294762e-001
 3.320000000000000e+000, 2.017570015743991e+000, 9.260727704494115e-001,-2.995368244484049e-001,-4.145282282264413e-002,-8.427990739476798e-002, 4.906658533846631e-002,-2.278894585619144e-001, 9.514288277497011e-003, 8.433454580498880e-002, 1.038603397189303e-001,-6.230966073876107e-004, 1.512570600576296e-001
 3.330000000000000e+000, 2.029920763226733e+000, 9.246286403798940e-001,-2.996175761548673e-001,-4.029067414395133e-002,-8.919881610727454e-002, 4.828642878594227e-002,-2.259736709777823e-001, 3.273570053558814e-003, 8.741855971315082e-002, 1.061068262444208e-001,-3.618902684981902e-003, 1.501703479902759e-001
 3.340000000000000e+000, 2.042393687063172e+000, 9.233820561269757e-001,-2.997737582536381e-001,-3.756254859148953e-002,-9.363563185267210e-002, 4.696207261773816e-002,-2.233117492955765e-001,-5.090508368938812e-003, 8.996001712766977e-002, 1.083957111255394e-001,-7.526123624165224e-003, 1.493310500899666e-001
 3.350000000000000e+000, 2.054994384998576e+000, 9.223738650138141e-001,-3.000179168827080e-001,-3.309315771458264e-002,-9.747252143694696e-002, 4.510300562366176e-002,-2.199539780740383e-001,-1.577347111581032e-002, 9.187689197354840e-002, 1.106835685230887e-001,-1.237775678971465e-002, 1.487900855421958e-001
 3.360000000000000e+000, 2.067731656413212e+000, 9.216346227255978e-001,-3.003569968758851e-001,-2.687296484468515e-002,-1.006192455250219e-001, 4.274198946729996e-002,-2.159526482651528e-001,-2.875236732807520e-002, 9.312013456921287e-002, 1.129293798137527e-001,-1.811306530547420e-002, 1.485803768236901e-001
 3.370000000000000e+000, 2.080613525808448e+000, 9.211844204230758e-001,-3.007926934437433e-001,-1.905328073560742e-002,-1.030190521568832e-001, 3.993006712644400e-002,-2.113619177022890e-001,-4.379062484959202e-002, 9.367129017809450e-002, 1.150858563642243e-001,-2.457993147390417e-002, 1.487026796198789e-001
 3.380000000000000e+000, 2.093643024322772e+000, 9.210336586437634e-001,-3.013230459144501e-001,-9.917634552455599e-003,-1.046541537528680e-001, 3.673421511842738e-002,-2.062438879271764e-001,-6.047282464296558e-002, 9.353872045442938e-002, 1.170909414498417e-001,-3.154630383553858e-002, 1.491176568802113e-001
 3.390000000000000e+000, 2.106814643517779e+000, 9.211837149156650e-001,-3.019445122934470e-001, 1.638935442713065e-004,-1.055511880245195e-001, 3.323633382372476e-002,-2.006758009468723e-001,-7.826239023818550e-002, 9.275461900129030e-002, 1.188626823789124e-001,-3.872300576006756e-002, 1.497444767809801e-001
 3.400000000000000e+000, 2.120111338131017e+000, 9.216266863083555e-001,-3.026532491779660e-001, 1.078479651324892e-002,-1.057857132651676e-001, 2.952823252085096e-002,-1.947503770296202e-001,-9.656823311630901e-002, 9.137386816858327e-002, 1.202998898125753e-001,-4.579549867828347e-002, 1.504664921839015e-001
 3.410000000000000e+000, 2.133501373268433e+000, 9.223443709441485e-001,-3.034448424841268e-001, 2.154529323507728e-002,-1.054827350356018e-001, 2.569943188632329e-002,-1.885657780387763e-001,-1.148060961203662e-001, 8.947421430078398e-002, 1.212900990696333e-001,-5.245793163974623e-002, 1.511449882014738e-001
 3.420000000000000e+000, 2.146934935679950e+000, 9.233075057922626e-001,-3.043131287826244e-001, 3.208645327424477e-002,-1.048084526902888e-001, 2.182330977846757e-002,-1.822120806109759e-001,-1.324494185888106e-001, 8.715372077118581e-002, 1.217230233693521e-001,-5.844573223361057e-002, 1.516356078320642e-001
 3.430000000000000e+000, 2.160341153377603e+000, 9.244762542233327e-001,-3.052493786293217e-001, 4.211881779004634e-002,-1.039507196183165e-001, 1.795149371914882e-002,-1.757656318382759e-001,-1.490710422430500e-001, 8.452264254322466e-002, 1.215059833114857e-001,-6.356409552000189e-002, 1.518023750814079e-001
 3.440000000000000e+000, 2.173626173690971e+000, 9.258022872171491e-001,-3.062422456591018e-001, 5.144375921416017e-002,-1.030909048990671e-001, 1.412245266155082e-002,-1.692976272402076e-001,-1.643729396809750e-001, 8.169197911139071e-002, 1.205802993662674e-001,-6.770574111324398e-002, 1.515333696342895e-001
 3.450000000000000e+000, 2.186672215990916e+000, 9.272320361589477e-001,-3.072777403234427e-001, 5.995860073241792e-002,-1.023748397578190e-001, 1.038133731060604e-002,-1.628934841398781e-001,-1.781944794872961e-001, 7.876338184748874e-002, 1.189375030039663e-001,-7.085319766836935e-002, 1.507599792856774e-001
 3.460000000000000e+000, 2.199336650534969e+000, 9.287101959434538e-001,-3.083384765564505e-001, 6.763870465741921e-002,-1.018936858443897e-001, 6.798467311699353e-003,-1.566704460446061e-001,-1.904921326333965e-001, 7.582487637050457e-002, 1.166297849093285e-001,-7.306821226858531e-002, 1.494711936095490e-001
 3.470000000000000e+000, 2.211450549282382e+000, 9.301826249229269e-001,-3.094024224084923e-001, 7.450119569694255e-002,-1.016804256242463e-001, 3.472420325418945e-003,-1.507800703254917e-001,-2.012960367086751e-001, 7.295285923020556e-002, 1.137698507643302e-001,-7.447312628420195e-002, 1.477162016255448e-001
 3.480000000000000e+000, 2.222781440582732e+000, 9.315957997479121e-001,-3.104401151400717e-001, 8.053759490918105e-002,-1.017249588271019e-001, 5.206136815950040e-004,-1.454075296580180e-001,-2.106117694662169e-001, 7.022526980990568e-002, 1.105186677855302e-001,-7.521062003268708e-002, 1.455935207273435e-001
 3.490000000000000e+000, 2.233154242215182e+000, 9.329041313525472e-001,-3.114207425656108e-001, 8.578828238186620e-002,-1.019611241445306e-001,-1.974588413732631e-003,-1.406822658508490e-001,-2.185600072781128e-001, 6.770135769955608e-002, 1.071034274925003e-001,-7.547761110935196e-002, 1.432733760860923e-001
 3.500000000000000e+000, 2.242661413337280e+000, 9.341032086544877e-001,-3.123377743368239e-001, 9.040125336670390e-002,-1.023027176659779e-001,-4.026634665239877e-003,-1.365729419751775e-001,-2.254407056572400e-001, 6.536613154524004e-002, 1.036813574774186e-001,-7.545661282189015e-002, 1.408949919450462e-001
