Main.Studies.MarkerTracking.t,Main.Studies.MarkerTracking.JointAngleOutputs.OutputFile_LeftArm.ThoraxClavicula[0],Main.Studies.MarkerTracking.JointAngleOutputs.OutputFile_LeftArm.ThoraxClavicula[1],Main.Studies.MarkerTracking.JointAngleOutputs.OutputFile_LeftArm.ThoraxClavicula[2],Main.Studies.MarkerTracking.JointAngleOutputs.OutputFile_LeftArm.ClaviculaScapula[0],Main.Studies.MarkerTracking.JointAngleOutputs.OutputFile_LeftArm.ClaviculaScapula[1],Main.Studies.MarkerTracking.JointAngleOutputs.OutputFile_LeftArm.ClaviculaScapula[2],Main.Studies.MarkerTracking.JointAngleOutputs.OutputFile_LeftArm.ScapulaHumerus[0],Main.Studies.MarkerTracking.JointAngleOutputs.OutputFile_LeftArm.ScapulaHumerus[1],Main.Studies.MarkerTracking.JointAngleOutputs.OutputFile_LeftArm.ScapulaHumerus[2],Main.Studies.MarkerTracking.JointAngleOutputs.OutputFile_LeftArm.HumerusUlna,Main.Studies.MarkerTracking.JointAngleOutputs.OutputFile_LeftArm.UlnaRadius,Main.Studies.MarkerTracking.JointAngleOutputs.OutputFile_LeftArm.RadiusWrist,Main.Studies.MarkerTracking.JointAngleOutputs.OutputFile_LeftArm.WristHand
  1.600000000000000e+00,  6.617568370998696e-02, -5.132264847221969e-01,  4.820958908787931e-01,  2.799677551270476e-01,  8.167559836580270e-01,  1.369290083730415e-01, -3.687318039145547e-01,  3.460779905501398e-01,  6.776304806316476e-02,  9.539113734469183e-01,  6.925634288583571e-01, -4.886511455259579e-02,  3.788913182967430e-02
  1.610000000000000e+00,  6.448418436139738e-02, -5.131026901602193e-01,  4.758440187284503e-01,  2.758907886974089e-01,  8.165001597818592e-01,  1.374166303627759e-01, -3.714788160848301e-01,  3.433796629674127e-01,  6.121708552007719e-02,  9.543147154576697e-01,  6.924223962908467e-01, -4.628632641537367e-02,  3.862147957307947e-02
  1.620000000000000e+00,  6.269844709785234e-02, -5.127244536533786e-01,  4.690470563889545e-01,  2.714773767231226e-01,  8.162467035492562e-01,  1.379237990152686e-01, -3.746498126606922e-01,  3.411201802183259e-01,  5.320496861199334e-02,  9.533172332774699e-01,  6.912786418844312e-01, -4.452586820685056e-02,  3.931548079914821e-02
  1.630000000000000e+00,  6.088861406383970e-02, -5.120683756353889e-01,  4.619443770595794e-01,  2.668877180558812e-01,  8.160092349759485e-01,  1.384283001751674e-01, -3.783358566649896e-01,  3.393946636172847e-01,  4.377890838613593e-02,  9.507500473056681e-01,  6.890760992189866e-01, -4.381543765905449e-02,  3.994921566877876e-02
  1.640000000000000e+00,  5.911758954124952e-02, -5.111133680770359e-01,  4.547591891019999e-01,  2.622664146616648e-01,  8.157992429181180e-01,  1.389107839822071e-01, -3.825990173069195e-01,  3.382748428183057e-01,  3.305639007774824e-02,  9.464418957037474e-01,  6.857783975561106e-01, -4.430609127284058e-02,  4.049418506514334e-02
  1.650000000000000e+00,  5.743274382884660e-02, -5.098473922363614e-01,  4.476700374119857e-01,  2.577254183678899e-01,  8.156246553466704e-01,  1.393571130466721e-01, -3.874505726443618e-01,  3.377946129916208e-01,  2.122217088700308e-02,  9.402345851786402e-01,  6.813654136544082e-01, -4.605668015271469e-02,  4.091519878828017e-02
  1.660000000000000e+00,  5.586159440247882e-02, -5.082736543703591e-01,  4.407946177933044e-01,  2.533359636102843e-01,  8.154892467298959e-01,  1.397594037688002e-01, -3.928429370177590e-01,  3.379436575424958e-01,  8.520947678448484e-03,  9.319958462036503e-01,  6.758463348423424e-01, -4.903733980899894e-02,  4.117471080686669e-02
  1.670000000000000e+00,  5.441128734312751e-02, -5.064167865856043e-01,  4.341869675560516e-01,  2.491293767827691e-01,  8.153926807311691e-01,  1.401159454636347e-01, -3.986751435432305e-01,  3.386678511295889e-01, -4.760720098247863e-03,  9.216318596589346e-01,  6.692740138367347e-01, -5.314911217356855e-02,  4.123887944761790e-02
  1.680000000000000e+00,  5.307046077457756e-02, -5.043267447369748e-01,  4.278426961509031e-01,  2.451025548865448e-01,  8.153309455637225e-01,  1.404304779353478e-01, -4.048054901230855e-01,  3.398771702418558e-01, -1.831956057869362e-02,  9.090988210253140e-01,  6.617683048379555e-01, -5.824811890563653e-02,  4.108286795825919e-02
  1.690000000000000e+00,  5.181310585043559e-02, -5.020759944171368e-01,  4.217092351125429e-01,  2.412255345085957e-01,  8.152972505596776e-01,  1.407109277685151e-01, -4.110667110716454e-01,  3.414616973466378e-01, -3.186342410521888e-02,  8.944097447440615e-01,  6.535551377050990e-01, -6.416577688557812e-02,  4.069463437672412e-02
  1.700000000000000e+00,  5.060456738010818e-02, -4.997488837127068e-01,  4.157015915847270e-01,  2.374512080362169e-01,  8.152834306877091e-01,  1.409675534071496e-01, -4.172829201593094e-01,  3.433122993715899e-01, -4.513879369109249e-02,  8.776343879466275e-01,  6.449955799550000e-01, -7.072207813301379e-02,  4.007762331214906e-02
  1.710000000000000e+00,  4.940846799736227e-02, -4.974284635934922e-01,  4.097218110137412e-01,  2.337264658009829e-01,  8.152814692885834e-01,  1.412108865210372e-01, -4.232862022799005e-01,  3.453367055781847e-01, -5.795367724973869e-02,  8.588939752992429e-01,  6.365534187917495e-01, -7.773704190626507e-02,  3.925243368393925e-02
  1.720000000000000e+00,  4.819307143029958e-02, -4.951840280566357e-01,  4.036778356199355e-01,  2.300024739947007e-01,  8.152848206808258e-01,  1.414498974668054e-01, -4.289292487951199e-01,  3.474667004578476e-01, -7.019282711718502e-02,  8.383541388702748e-01,  6.287021322286349e-01, -8.504926806743729e-02,  3.825675986969219e-02
  1.730000000000000e+00,  4.693605190864211e-02, -4.930609946543967e-01,  3.974982582021731e-01,  2.262422563057485e-01,  8.152893659940351e-01,  1.416906522650161e-01, -4.340921706744412e-01,  3.496587040915961e-01, -8.182457410038890e-02,  8.162189829135614e-01,  6.218261993574939e-01, -9.253780954014856e-02,  3.714213309386138e-02
  1.740000000000000e+00,  4.562642848524104e-02, -4.910784365828166e-01,  3.911404676171630e-01,  2.224246937935780e-01,  8.152936394031358e-01,  1.419358440541039e-01, -4.386840848553479e-01,  3.518875890141382e-01, -9.289716371741255e-02,  7.927277694363600e-01,  6.161414034030509e-01, -1.001304247251498e-01,  3.596607459130118e-02
  1.750000000000000e+00,  4.426312262541419e-02, -4.892377990544833e-01,  3.845911946738516e-01,  2.185448382638761e-01,  8.152981090407794e-01,  1.421854014687116e-01, -4.426412216746089e-01,  3.541324032829162e-01, -1.035234488478178e-01,  7.681538929014670e-01,  6.116268798395620e-01, -1.077937978747106e-01,  3.478044266236228e-02
  1.760000000000000e+00,  4.285145759832793e-02, -4.875361585269102e-01,  3.778605984231264e-01,  2.146108798317167e-01,  8.153040069249217e-01,  1.424377163223393e-01, -4.459222452797819e-01,  3.563606120044514e-01, -1.138580141754555e-01,  7.428033634337016e-01,  6.080012089658741e-01, -1.155179638581836e-01,  3.362108074144701e-02
  1.770000000000000e+00,  4.139744012577227e-02, -4.859869558217533e-01,  3.709698401140256e-01,  2.106381950024382e-01,  8.153115780980603e-01,  1.426915811071264e-01, -4.484966594699079e-01,  3.585082079281219e-01, -1.240751138738265e-01,  7.170114569584309e-01,  6.047738822306856e-01, -1.233107020525823e-01,  3.250453915586476e-02
  1.780000000000000e+00,  3.990680113408105e-02, -4.846084364911238e-01,  3.639411761958697e-01,  2.066426304602960e-01,  8.153205881369674e-01,  1.429461755685089e-01, -4.503384495707549e-01,  3.604948339762820e-01, -1.343496556322658e-01,  6.911253281671291e-01,  6.014300183138144e-01, -1.311767191382789e-01,  3.143600256193883e-02
  1.790000000000000e+00,  3.838253429529305e-02, -4.834277157036988e-01,  3.567891797224746e-01,  2.026359687529931e-01,  8.153299378132719e-01,  1.432017077187498e-01, -4.514201439369926e-01,  3.622256082377232e-01, -1.448449708225128e-01,  6.654866844148453e-01,  5.975389568905031e-01, -1.391054100310587e-01,  3.041654354005940e-02
  1.800000000000000e+00,  3.682607721187012e-02, -4.824709461450484e-01,  3.495202594651082e-01,  1.986251061704074e-01,  8.153383800773513e-01,  1.434588340071233e-01, -4.517174818226212e-01,  3.636067025519893e-01, -1.557025647450809e-01,  6.404128320244634e-01,  5.927986731012245e-01, -1.470514536556180e-01,  2.944709719649490e-02
  1.810000000000000e+00,  3.523871408037097e-02, -4.817579126408083e-01,  3.421358269776054e-01,  1.946135641221823e-01,  8.153449935559630e-01,  1.437181417217825e-01, -4.512157925774233e-01,  3.645562535978666e-01, -1.670339274709107e-01,  6.161827822447430e-01,  5.870224187768525e-01, -1.549268512892572e-01,  2.852924346998853e-02
  1.820000000000000e+00,  3.362235666917202e-02, -4.813031123962646e-01,  3.346363319469244e-01,  1.906038551939674e-01,  8.153491891824296e-01,  1.439799882347262e-01, -4.499147797460076e-01,  3.650074905407723e-01, -1.789152284955923e-01,  5.930289257865801e-01,  5.801102482312632e-01, -1.626062934280492e-01,  2.766401053437874e-02
  1.830000000000000e+00,  3.198284330755662e-02, -4.811053647202113e-01,  3.270318317927891e-01,  1.866022650148629e-01,  8.153514672150471e-01,  1.442435108886432e-01, -4.478369685093583e-01,  3.649356488437735e-01, -1.913847884516879e-01,  5.711206507759723e-01,  5.720988827263762e-01, -1.699297540353160e-01,  2.685469558198582e-02
  1.840000000000000e+00,  3.032681524968109e-02, -4.811695532775957e-01,  3.193393162060982e-01,  1.826188339761307e-01,  8.153518287028390e-01,  1.445080375960243e-01, -4.450239554514266e-01,  3.643288764204748e-01, -2.044437813016321e-01,  5.505702307705153e-01,  5.630653250005787e-01, -1.767319875337297e-01,  2.609994188380124e-02
  1.850000000000000e+00,  2.866426594455062e-02, -4.814942066452242e-01,  3.115895638066779e-01,  1.786697278117782e-01,  8.153505368854643e-01,  1.447722496738159e-01, -4.415405841627224e-01,  3.632063497732172e-01, -2.180582154474590e-01,  5.314243063818465e-01,  5.531516975776980e-01, -1.828600497324682e-01,  2.539733293844314e-02
  1.860000000000000e+00,  2.700784315223186e-02, -4.820739268142931e-01,  3.038268344313179e-01,  1.747768851282690e-01,  8.153478086002002e-01,  1.450344759628228e-01, -4.374714863303266e-01,  3.616072350454490e-01, -2.321664681083724e-01,  5.136740819209626e-01,  5.425143050808592e-01, -1.881974319963255e-01,  2.474091698892732e-02
  1.870000000000000e+00,  2.537235441455699e-02, -4.828975164665051e-01,  2.961075029305160e-01,  1.709668522313742e-01,  8.153438205501737e-01,  1.452927619752760e-01, -4.329167614426908e-01,  3.595866959349168e-01, -2.466890591324909e-01,  4.972695201491876e-01,  5.312934108645129e-01, -1.926782744585704e-01,  2.411895946187333e-02
  1.880000000000000e+00,  2.377356586862923e-02, -4.839462946887444e-01,  2.884951792599992e-01,  1.672679862335461e-01,  8.153387661531545e-01,  1.455450046308966e-01, -4.279859459117228e-01,  3.572120479833061e-01, -2.615371276563403e-01,  4.821349708522172e-01,  5.195953132743558e-01, -1.962983958506408e-01,  2.351331662511746e-02
  1.890000000000000e+00,  2.222688311722852e-02, -4.851924788194523e-01,  2.810546415237033e-01,  1.637072918438973e-01,  8.153329976870137e-01,  1.457890380694266e-01, -4.227921357558468e-01,  3.545588369367170e-01, -2.766185398207155e-01,  4.681818210910585e-01,  5.074882831363993e-01, -1.991210450795124e-01,  2.290158346517541e-02
  1.900000000000000e+00,  2.074616325152594e-02, -4.865994424001314e-01,  2.738464014359468e-01,  1.603079264418808e-01,  8.153271112954282e-01,  1.460227276960530e-01, -4.174470539195425e-01,  3.517070795431433e-01, -2.918412906563081e-01,  4.553157543058213e-01,  4.950083802346654e-01, -2.012715455138476e-01,  2.226189949110547e-02
  1.910000000000000e+00,  1.934248458964483e-02, -4.881252691052400e-01,  2.669214455132263e-01,  1.570871936362024e-01,  8.153218587250171e-01,  1.462441870441000e-01, -4.120567356811689e-01,  3.487366895209510e-01, -3.071148576888398e-01,  4.434409074604919e-01,  4.821709876800220e-01, -2.029206928488847e-01,  2.157828971426210e-02
  1.920000000000000e+00,  1.802304301844349e-02, -4.897280396707690e-01,  2.603161763100706e-01,  1.540548747632948e-01,  8.153179813550208e-01,  1.464520419728509e-01, -4.067182661008954e-01,  3.457216459103264e-01, -3.223511178597526e-01,  4.324646595247832e-01,  4.689818113866761e-01, -2.042619895178766e-01,  2.084335513986473e-02
  1.930000000000000e+00,  1.679060391313418e-02, -4.913705976996161e-01,  2.540490765245527e-01,  1.512124100569921e-01,  8.153160857376365e-01,  1.466456010596248e-01, -4.015173651272080e-01,  3.427239318156880e-01, -3.374659510158234e-01,  4.223034738181163e-01,  4.554467595677365e-01, -2.054846483691450e-01,  2.005801128876369e-02
  1.940000000000000e+00,  1.564369772213834e-02, -4.930237857851523e-01,  2.481203373383637e-01,  1.485533601781728e-01,  8.153165786064720e-01,  1.468248862941695e-01, -3.965254942840347e-01,  3.397887421946698e-01, -3.523817961385659e-01,  4.128879234005567e-01,  4.415895222914969e-01, -2.067433132342453e-01,  1.923019629638374e-02
  1.950000000000000e+00,  1.457739707126459e-02, -4.946688371758674e-01,  2.425145906857937e-01,  1.460651692224294e-01,  8.153195708225431e-01,  1.469906023531836e-01, -3.917971130088300e-01,  3.369407813658035e-01, -3.670299585671125e-01,  4.041648486788673e-01,  4.274731382719135e-01, -2.081328519397212e-01,  1.837322082550278e-02
  1.960000000000000e+00,  1.358439053620532e-02, -4.962999441413619e-01,  2.372060804655728e-01,  1.437319244058505e-01,  8.153246607172535e-01,  1.471441442518852e-01, -3.873696108127848e-01,  3.341813005717320e-01, -3.813508871070360e-01,  3.960960276075989e-01,  4.132062334183311e-01, -2.096762183220144e-01,  1.750305469699973e-02
  1.970000000000000e+00,  1.265576512185259e-02, -4.979291571912488e-01,  2.321638338771733e-01,  1.415371106025694e-01,  8.153304834810440e-01,  1.472878120750636e-01, -3.832698844728505e-01,  3.314769569910630e-01, -3.952919330000901e-01,  3.886632992645779e-01,  3.988712941211250e-01, -2.113347676662301e-01,  1.663015232057719e-02
  1.980000000000000e+00,  1.178380725931102e-02, -4.995693312271510e-01,  2.273609606891830e-01,  1.394666846488047e-01,  8.153357279870962e-01,  1.474236973033833e-01, -3.795108646596723e-01,  3.288072912411203e-01, -4.088069760450760e-01,  3.818377470749533e-01,  3.846854948642638e-01, -2.129966121600217e-01,  1.577299920081570e-02
  1.990000000000000e+00,  1.096087689781247e-02, -5.012448907576371e-01,  2.227725606029043e-01,  1.375087005315153e-01,  8.153383497521145e-01,  1.475544071213988e-01, -3.761075902366044e-01,  3.261229186406349e-01, -4.218542764312019e-01,  3.756120539435805e-01,  3.707531754582489e-01, -2.145324830797466e-01,  1.493860496514004e-02
  2.000000000000000e+00,  1.018148765464912e-02, -5.029704765827905e-01,  2.183803993610360e-01,  1.356539378396044e-01,  8.153369916589542e-01,  1.476817562671289e-01, -3.730710489650288e-01,  3.233940798137302e-01, -4.343989690078273e-01,  3.699701532935061e-01,  3.572405054765571e-01, -2.157924966953941e-01,  1.413845508006012e-02
  2.010000000000000e+00,  9.441381675149638e-03, -5.047585136605829e-01,  2.141712436873620e-01,  1.338955363405626e-01,  8.153304263306718e-01,  1.478072865779223e-01, -3.704228747712946e-01,  3.205749914374563e-01, -4.464118379149549e-01,  3.649135711221225e-01,  3.441747707552720e-01, -2.166594714794261e-01,  1.337209571596930e-02
  2.020000000000000e+00,  8.738466968759032e-03, -5.066082471242336e-01,  2.101395247334945e-01,  1.322294002889655e-01,  8.153182567103510e-01,  1.479316147359388e-01, -3.681818471723586e-01,  3.176501972115786e-01, -4.578758754509773e-01,  3.604292282747769e-01,  3.316862704315285e-01, -2.170221108425550e-01,  1.264616253076000e-02
  2.030000000000000e+00,  8.072080201764127e-03, -5.085152450128003e-01,  2.062876184227052e-01,  1.306548306190887e-01,  8.153001556653831e-01,  1.480550647671114e-01, -3.663747259705892e-01,  3.146053179300066e-01, -4.687850627187775e-01,  3.565117427894642e-01,  3.198644084379009e-01, -2.168001351289817e-01,  1.196270002931571e-02
  2.040000000000000e+00,  7.443099734456693e-03, -5.104727227394388e-01,  2.026281865046520e-01,  1.291755379658699e-01,  8.152756468142216e-01,  1.481777929218235e-01, -3.650385140041816e-01,  3.114243681467569e-01, -4.791431668365584e-01,  3.531623685034370e-01,  3.087521185239180e-01, -2.159427502885229e-01,  1.131930376850903e-02
  2.050000000000000e+00,  6.854556897312621e-03, -5.124644608791447e-01,  1.991867840819539e-01,  1.278002402517360e-01,  8.152444979012221e-01,  1.482993956873770e-01, -3.642095039978597e-01,  3.081172388603831e-01, -4.889631919084585e-01,  3.503618563119968e-01,  2.984946265419092e-01, -2.143980041342874e-01,  1.072266758600525e-02
  2.060000000000000e+00,  6.310636579042569e-03, -5.144722319236805e-01,  1.959989661319984e-01,  1.265417752378844e-01,  8.152062207511669e-01,  1.484194143467588e-01, -3.639316564867307e-01,  3.046846157107558e-01, -4.982577153487533e-01,  3.480957471461431e-01,  2.891262478518340e-01, -2.121553182918552e-01,  1.017244659574137e-02
  2.070000000000000e+00,  5.816117890359121e-03, -5.164696498137789e-01,  1.931041338277451e-01,  1.254140334612597e-01,  8.151607319945136e-01,  1.485369562054357e-01, -3.642312510996618e-01,  3.011462231911665e-01, -5.070351010129672e-01,  3.463347443953456e-01,  2.806926039494658e-01, -2.092234670863289e-01,  9.671758014082224e-03
  2.080000000000000e+00,  5.375024743114284e-03, -5.184225924056183e-01,  1.905353470259648e-01,  1.244276552450230e-01,  8.151087095340416e-01,  1.486506724717711e-01, -3.650949886089933e-01,  2.975416451657873e-01, -5.152913626011356e-01,  3.450372471896430e-01,  2.732194866875931e-01, -2.056374249457456e-01,  9.223552414033522e-03
  2.090000000000000e+00,  4.989507531393054e-03, -5.202869440877267e-01,  1.883085813712067e-01,  1.235854197463214e-01,  8.150522113879813e-01,  1.487585255336665e-01, -3.664438704121671e-01,  2.939395566686815e-01, -5.230017176351655e-01,  3.441456291991071e-01,  2.667234778446461e-01, -2.014574848310153e-01,  8.829861310313495e-03
  2.100000000000000e+00,  4.659088499388750e-03, -5.220075687227178e-01,  1.864145336319074e-01,  1.228788441501496e-01,  8.149951270927714e-01,  1.488576239218843e-01, -3.681172176264957e-01,  2.904437719359687e-01, -5.301137177368414e-01,  3.435840543382723e-01,  2.612215604838681e-01, -1.967680149609363e-01,  8.491309030942060e-03
  2.110000000000000e+00,  4.380688708577024e-03, -5.235224433952723e-01,  1.848185928337990e-01,  1.222885515140491e-01,  8.149429259594971e-01,  1.489444246032681e-01, -3.698816144427443e-01,  2.871874251480305e-01, -5.365469210634892e-01,  3.432605698273904e-01,  2.567306070643210e-01, -1.916771605984102e-01,  8.206217325967735e-03
  2.120000000000000e+00,  4.149829008406383e-03, -5.247722081828947e-01,  1.834731059611917e-01,  1.217901070940885e-01,  8.149014997262293e-01,  1.490153633106440e-01, -3.714690052676766e-01,  2.843138723714539e-01, -5.422026054791813e-01,  3.430732323683165e-01,  2.532636074101289e-01, -1.863163293807972e-01,  7.970196715464365e-03
  2.130000000000000e+00,  3.962646052494889e-03, -5.257110789224315e-01,  1.823380035451114e-01,  1.213633788249631e-01,  8.148755439634416e-01,  1.490676492197461e-01, -3.726293600431278e-01,  2.819519287190370e-01, -5.469807174742485e-01,  3.429190327799488e-01,  2.508283021234347e-01, -1.808370738489855e-01,  7.777253646911321e-03
  2.140000000000000e+00,  3.817800861372806e-03, -5.263123749649468e-01,  1.813993573047473e-01,  1.210006234274197e-01,  8.148673933453661e-01,  1.490997409234102e-01, -3.731722456929365e-01,  2.802030945501444e-01, -5.507968320764642e-01,  3.426981146593007e-01,  2.494612087805493e-01, -1.753965087002021e-01,  7.624816236972296e-03
  2.150000000000000e+00,  3.716883468213484e-03, -5.265760737490444e-01,  1.806766949277412e-01,  1.207099064559037e-01,  8.148761332027150e-01,  1.491118973532675e-01, -3.730028048278217e-01,  2.791055203698891e-01, -5.535871284098068e-01,  3.423438362402332e-01,  2.490667542142720e-01, -1.701896841996089e-01,  7.500589222631799e-03
  2.160000000000000e+00,  3.664594425486906e-03, -5.265151978667599e-01,  1.802191562513887e-01,  1.205125900448529e-01,  8.148987355717995e-01,  1.491053402109859e-01, -3.721044810006947e-01,  2.786785879449057e-01, -5.553143513214182e-01,  3.417986246038878e-01,  2.496420030443726e-01, -1.653898317124984e-01,  7.401887707073449e-03
  2.170000000000000e+00,  3.667129960668199e-03, -5.261555065568356e-01,  1.800915265803408e-01,  1.204374054322012e-01,  8.149306305741753e-01,  1.490821550039824e-01, -3.705370213070502e-01,  2.789059548548279e-01, -5.559585681994547e-01,  3.410425381796046e-01,  2.511287132155104e-01, -1.611779938293154e-01,  7.321911471698897e-03
  2.180000000000000e+00,  3.730937343853720e-03, -5.255251768309871e-01,  1.803585037894152e-01,  1.205132785094588e-01,  8.149671314209311e-01,  1.490445201192458e-01, -3.684119177058539e-01,  2.797565362759363e-01, -5.555093497591175e-01,  3.400920481577193e-01,  2.534561768367581e-01, -1.577225975013867e-01,  7.253214170312282e-03
  2.190000000000000e+00,  3.861667219502941e-03, -5.246490010286711e-01,  1.810723757349633e-01,  1.207639118624583e-01,  8.150044112066925e-01,  1.489942124766034e-01, -3.658717353970588e-01,  2.811951212156572e-01, -5.539574675852129e-01,  3.390003896165116e-01,  2.565467974350890e-01, -1.551636720656395e-01,  7.188215627833438e-03
  2.200000000000000e+00,  4.063297709435255e-03, -5.235517843883496e-01,  1.822663735268632e-01,  1.212052956059603e-01,  8.150395639132362e-01,  1.489327245844006e-01, -3.630750415176260e-01,  2.831812955281142e-01, -5.512900617391180e-01,  3.378560732348461e-01,  2.603200227053343e-01, -1.535959924639663e-01,  7.119933046158198e-03
  2.210000000000000e+00,  4.337260619523705e-03, -5.222695905777791e-01,  1.839522426392981e-01,  1.218454102690088e-01,  8.150698833291607e-01,  1.488619256331195e-01, -3.601891792254717e-01,  2.856527554996927e-01, -5.474905357380180e-01,  3.367848539418681e-01,  2.646588356721744e-01, -1.530649026897912e-01,  7.039632450300154e-03
  2.220000000000000e+00,  4.682380112203613e-03, -5.208479969035243e-01,  1.861203073660634e-01,  1.226841440492210e-01,  8.150929758184454e-01,  1.487839660275709e-01, -3.573669493112070e-01,  2.885477387944618e-01, -5.425491109039509e-01,  3.359255393565809e-01,  2.695582270907322e-01, -1.535256839691967e-01,  6.951798577303990e-03
  2.230000000000000e+00,  5.094548465792889e-03, -5.193450484025632e-01,  1.887404236026077e-01,  1.237137850387417e-01,  8.151064489624454e-01,  1.487015187572649e-01, -3.547504704667510e-01,  2.917734353134981e-01, -5.364670802212922e-01,  3.354553650575675e-01,  2.749033704820126e-01, -1.549036236404135e-01,  6.855459872385803e-03
  2.240000000000000e+00,  5.568215275258904e-03, -5.178116460578551e-01,  1.917684227592319e-01,  1.249204425480942e-01,  8.151090532264219e-01,  1.486166644938449e-01, -3.524453359427648e-01,  2.952492520791379e-01, -5.292680510896870e-01,  3.355619881854527e-01,  2.806212433823831e-01, -1.570696519714405e-01,  6.759842729758899e-03
  2.250000000000000e+00,  6.098510927228047e-03, -5.162792077595789e-01,  1.951592356218009e-01,  1.262887545541144e-01,  8.151010410903518e-01,  1.485302480278637e-01, -3.505188709703548e-01,  2.989146784257283e-01, -5.209997964994957e-01,  3.364353949213250e-01,  2.866578196458904e-01, -1.598603218550319e-01,  6.681821139033117e-03
  2.260000000000000e+00,  6.684016522012116e-03, -5.147485091007108e-01,  1.988830595061214e-01,  1.278080867036154e-01,  8.150843871822725e-01,  1.484412584995908e-01, -3.490041104264744e-01,  3.027396936444419e-01, -5.117322727243313e-01,  3.382502301925099e-01,  2.929989758988403e-01, -1.630877421041343e-01,  6.645524803416108e-03
  2.270000000000000e+00,  7.328584428271896e-03, -5.131873998499210e-01,  2.029353336018326e-01,  1.294767812567476e-01,  8.150626537789019e-01,  1.483466610718710e-01, -3.479062526899138e-01,  3.067258849694252e-01, -5.015505089637110e-01,  3.411464154150063e-01,  2.996862694160788e-01, -1.665531757551648e-01,  6.681386770638124e-03
  2.280000000000000e+00,  8.040931072616742e-03, -5.115430034978141e-01,  2.073349078824344e-01,  1.313023137790066e-01,  8.150402469464707e-01,  1.482420514820147e-01, -3.472062709662398e-01,  3.108929922277222e-01, -4.905425710717459e-01,  3.452114212056965e-01,  3.068203701027999e-01, -1.700634816198934e-01,  6.824072380619125e-03
  2.290000000000000e+00,  8.831995719665395e-03, -5.097650567290739e-01,  2.121116360054354e-01,  1.332975431751922e-01,  8.150211974323367e-01,  1.481229988047778e-01, -3.468611287071814e-01,  3.152552284563850e-01, -4.787861752794661e-01,  3.504700473418279e-01,  3.145491545914940e-01, -1.734460565702545e-01,  7.108387400602349e-03
  2.300000000000000e+00,  9.711159543160701e-03, -5.078292923379841e-01,  2.172889332546319e-01,  1.354746328514660e-01,  8.150080331124665e-01,  1.479864627843410e-01, -3.468021947781077e-01,  3.198002411372149e-01, -4.663390326573172e-01,  3.568865771892032e-01,  3.230426156260572e-01, -1.765612430641770e-01,  7.564326519239946e-03
  2.310000000000000e+00,  1.068288990314311e-02, -5.057509998394594e-01,  2.228690802338816e-01,  1.378393444942223e-01,  8.150011809103540e-01,  1.478317120843672e-01, -3.469346740362539e-01,  3.244803940426908e-01, -4.532351907343161e-01,  3.643768942368574e-01,  3.324612058277877e-01, -1.793152379439271e-01,  8.212813717640084e-03
  2.320000000000000e+00,  1.174508026371343e-02, -5.035857961153356e-01,  2.288277971631575e-01,  1.403884190459648e-01,  8.149989316070824e-01,  1.476605301551665e-01, -3.471417269247908e-01,  3.292170273966384e-01, -4.394860074645252e-01,  3.728234410082943e-01,  3.429236841334046e-01, -1.816743115074129e-01,  9.062168708470585e-03
  2.330000000000000e+00,  1.288937741708152e-02, -5.014199763541073e-01,  2.351186209198134e-01,  1.431105677531279e-01,  8.149978505329574e-01,  1.474767789322724e-01, -3.472945370799909e-01,  3.339138950312511e-01, -4.250835061727401e-01,  3.820884514067557e-01,  3.544807458051239e-01, -1.836762048628442e-01,  1.010536617527787e-02
  2.340000000000000e+00,  1.410300166684306e-02, -4.993542162535925e-01,  2.416827636544836e-01,  1.459895416203328e-01,  8.149935637929460e-01,  1.472854883709624e-01, -3.472662744554839e-01,  3.384757618212262e-01, -4.100055420732993e-01,  3.920249307041912e-01,  3.670998629281760e-01, -1.854331613758211e-01,  1.131902541570180e-02
  2.350000000000000e+00,  1.537155894753444e-02, -4.974848745161834e-01,  2.484611394933114e-01,  1.490081803115584e-01,  8.149817545964977e-01,  1.470916941940136e-01, -3.469466997304523e-01,  3.428261999331052e-01, -3.942235869770825e-01,  4.024853210714106e-01,  3.806666934010052e-01, -1.871194655903925e-01,  1.266466242147429e-02
  2.360000000000000e+00,  1.668242477258498e-02, -4.958876995472712e-01,  2.554071506108809e-01,  1.521532056136784e-01,  8.149590839691377e-01,  1.468992945295457e-01, -3.462544575834354e-01,  3.469179488625305e-01, -3.777133894030573e-01,  4.133266596159920e-01,  3.950062376733657e-01, -1.889401996697353e-01,  1.409223202744869e-02
  2.370000000000000e+00,  1.802780331843686e-02, -4.946076667977261e-01,  2.624967857390234e-01,  1.554194604819678e-01,  8.149238426436927e-01,  1.467101861262661e-01, -3.451449070636564e-01,  3.507349557460066e-01, -3.604667326637320e-01,  4.244123972220347e-01,  4.099116882396961e-01, -1.910917609257288e-01,  1.554587179209832e-02
  2.380000000000000e+00,  1.940646416955510e-02, -4.936550129772934e-01,  2.697317278848838e-01,  1.588115124033872e-01,  8.148763677419993e-01,  1.465237912022789e-01, -3.436104921638876e-01,  3.542953713338054e-01, -3.425014498069376e-01,  4.356105478881904e-01,  4.251918285314475e-01, -1.937248489358321e-01,  1.697279395503474e-02
  2.390000000000000e+00,  2.082290047158670e-02, -4.930158938734149e-01,  2.771343982695870e-01,  1.623424927364846e-01,  8.148185449949138e-01,  1.463375847645303e-01, -3.416826380483926e-01,  3.576230264659409e-01, -3.238629230376507e-01,  4.468116585150306e-01,  4.405594742904583e-01, -1.969405225788421e-01,  1.831964353860284e-02
  2.400000000000000e+00,  2.228686562865957e-02, -4.926517238251242e-01,  2.847413214621153e-01,  1.660312791840908e-01,  8.147541027469266e-01,  1.461470313631111e-01, -3.394133484366024e-01,  3.607771769879536e-01, -3.046235069198315e-01,  4.579073669624852e-01,  4.558275766458153e-01, -2.007516905649118e-01,  1.955148692710022e-02
  2.410000000000000e+00,  2.381038720096225e-02, -4.925153912051412e-01,  2.925919974509834e-01,  1.698984756297776e-01,  8.146876629616775e-01,  1.459467038399212e-01, -3.368701694001234e-01,  3.638204600273797e-01, -2.848713320998499e-01,  4.688082819897342e-01,  4.707917014026123e-01, -2.051020080149688e-01,  2.064324387099353e-02
  2.420000000000000e+00,  2.540505369466900e-02, -4.925575888326406e-01,  3.007171429419106e-01,  1.739610999916037e-01,  8.146243911382659e-01,  1.457309531453087e-01, -3.341212677647367e-01,  3.668191469874268e-01, -2.647020720667339e-01,  4.794436755005061e-01,  4.852761849711861e-01, -2.098680340333632e-01,  2.158116622809921e-02
  2.430000000000000e+00,  2.707968919531201e-02, -4.927318209548096e-01,  3.091301194046287e-01,  1.782284053897067e-01,  8.145695794974767e-01,  1.454945558779825e-01, -3.312266763397881e-01,  3.698373213003985e-01, -2.442125612880456e-01,  4.897664056473816e-01,  4.991300260771830e-01, -2.148728676111848e-01,  2.235907032912131e-02
  2.440000000000000e+00,  2.883955981208738e-02, -4.929966703376563e-01,  3.178259398684790e-01,  1.827010626396615e-01,  8.145282896399078e-01,  1.452330794575224e-01, -3.282364499996873e-01,  3.729328885481726e-01, -2.234973702073516e-01,  4.997543172056175e-01,  5.122141666758676e-01, -2.199043080455771e-01,  2.297466297046798e-02
  2.450000000000000e+00,  3.068659989981710e-02, -4.933180881347233e-01,  3.267855208911995e-01,  1.873729803475684e-01,  8.145049750861606e-01,  1.449430866104042e-01, -3.251924972285059e-01,  3.761532654832817e-01, -2.026473952677190e-01,  5.094079428878060e-01,  5.243936168831624e-01, -2.247386893503260e-01,  2.342788465776999e-02
  2.460000000000000e+00,  3.261993080360213e-02, -4.936712190077423e-01,  3.359808683838290e-01,  1.922337000851094e-01,  8.145031984509029e-01,  1.446222176850473e-01, -3.221308210792246e-01,  3.795306311666314e-01, -1.817494060994554e-01,  5.187460041311791e-01,  5.355403811741482e-01, -2.291677316437237e-01,  2.372110128953688e-02
  2.470000000000000e+00,  3.463669181973452e-02, -4.940392406631033e-01,  3.453798480496548e-01,  1.972705285844459e-01,  8.145256295726094e-01,  1.442690433395968e-01, -3.190844494145662e-01,  3.830801519984319e-01, -1.608865409811706e-01,  5.277996088317795e-01,  5.455447783207531e-01, -2.330202091142017e-01,  2.385941953309621e-02
  2.480000000000000e+00,  3.673242560097804e-02, -4.944148810735891e-01,  3.549496907026976e-01,  2.024703673705412e-01,  8.145739253013937e-01,  1.438830445113183e-01, -3.160868376768415e-01,  3.867911126401059e-01, -1.401393993838113e-01,  5.366112698425792e-01,  5.542897320416191e-01, -2.361777196670436e-01,  2.384791114224160e-02
  2.490000000000000e+00,  3.890358707303907e-02, -4.947865070451576e-01,  3.646617522056811e-01,  2.078212168126754e-01,  8.146497119832058e-01,  1.434636406611230e-01, -3.131731436725982e-01,  3.906673457908491e-01, -1.195916214058526e-01,  5.452156630147212e-01,  5.618149056472597e-01, -2.385621432709559e-01,  2.369933484216567e-02
  2.500000000000000e+00,  4.114458362828784e-02, -4.951593055444852e-01,  3.744889125668620e-01,  2.133124371775938e-01,  8.147531887564491e-01,  1.430114079486326e-01, -3.103808521563159e-01,  3.946672790301046e-01, -9.932957728271265e-02,  5.536668929686431e-01,  5.680766787694319e-01, -2.401608063136182e-01,  2.342126526750273e-02
  2.510000000000000e+00,  4.344959971273114e-02, -4.955412126261954e-01,  3.844071166022693e-01,  2.189346003029930e-01,  8.148841355444992e-01,  1.425271977261252e-01, -3.077466477518663e-01,  3.987455079918263e-01, -7.944700750903450e-02,  5.620230512643054e-01,  5.731053352055785e-01, -2.410064386813264e-01,  2.302706793259468e-02
  2.520000000000000e+00,  4.581148942717252e-02, -4.959457522803872e-01,  3.943922155197160e-01,  2.246779855068778e-01,  8.150417151375120e-01,  1.420124117815572e-01, -3.053022586718888e-01,  4.028441829924116e-01, -6.004244086492623e-02,  5.703531597500255e-01,  5.769593373958780e-01, -2.411697177299326e-01,  2.253471376817688e-02
  2.530000000000000e+00,  4.822107491704383e-02, -4.963897998783840e-01,  4.044163713145498e-01,  2.305302807012313e-01,  8.152245513800124e-01,  1.414690842893909e-01, -3.030685938631525e-01,  4.068971659503252e-01, -4.121349712942964e-02,  5.787371117867635e-01,  5.797340607628226e-01, -2.407347577957766e-01,  2.196596936403529e-02
  2.540000000000000e+00,  5.066700125940445e-02, -4.968897122058504e-01,  4.144459664467302e-01,  2.364748535190746e-01,  8.154308842721676e-01,  1.408998565357786e-01, -3.010519743201895e-01,  4.108354905052148e-01, -2.305060174649112e-02,  5.872625112929919e-01,  5.815746277680454e-01, -2.397733042510635e-01,  2.134460330206646e-02
  2.550000000000000e+00,  5.313595704721921e-02, -4.974571239610839e-01,  4.244405954419262e-01,  2.424895186560780e-01,  8.156587310850009e-01,  1.403079121003647e-01, -2.992436393805323e-01,  4.145917775978158e-01, -5.632514885247703e-03,  5.960210129677405e-01,  5.826774425925124e-01, -2.383334029000561e-01,  2.069469967525344e-02
  2.560000000000000e+00,  5.561236880793254e-02, -4.980973861226795e-01,  4.343511285164940e-01,  2.485448869985688e-01,  8.159058303076999e-01,  1.396971304049177e-01, -2.976208240638887e-01,  4.181013839501134e-01,  1.097711072457617e-02,  6.051063975152353e-01,  5.832731333554633e-01, -2.364422316938430e-01,  2.003891164154233e-02
  2.570000000000000e+00,  5.807762486250511e-02, -4.988110640898572e-01,  4.441176020289419e-01,  2.546027682903133e-01,  8.161693676806955e-01,  1.390724299290468e-01, -2.961485052405148e-01,  4.213014633029502e-01,  2.673275396004435e-02,  6.146130896678481e-01,  5.835986849862596e-01, -2.341102525131267e-01,  1.939720235372711e-02
  2.580000000000000e+00,  6.050968053970437e-02, -4.995952992712835e-01,  4.536686230167192e-01,  2.606154402239524e-01,  8.164457539584129e-01,  1.384400104297298e-01, -2.947818961199695e-01,  4.241313243189296e-01,  4.160809810911596e-02,  6.246333507732696e-01,  5.838736226541165e-01, -2.313293156961047e-01,  1.878680458596135e-02
  2.590000000000000e+00,  6.288321270097366e-02, -5.004446545881878e-01,  4.629224986210671e-01,  2.665259987975200e-01,  8.167305175199182e-01,  1.378074252789307e-01, -2.934697154521999e-01,  4.265338930039186e-01,  5.559501260455927e-02,  6.352524936547843e-01,  5.842877040331312e-01, -2.280706391521179e-01,  1.822276451031295e-02
  2.600000000000000e+00,  6.516994948800021e-02, -5.013538427407913e-01,  4.717898436584462e-01,  2.722699614536876e-01,  8.170181923562684e-01,  1.371835807015058e-01, -2.921583335332020e-01,  4.284557267685454e-01,  6.870254112618372e-02,  6.465426780250939e-01,  5.849962097474837e-01, -2.242920693686461e-01,  1.771849638351143e-02
  2.610000000000000e+00,  6.733943263896859e-02, -5.023211041877715e-01,  4.801779371909835e-01,  2.777783060395188e-01,  8.173023164155576e-01,  1.365785486532934e-01, -2.907966456575277e-01,  4.298470092053963e-01,  8.095548526606364e-02,  6.585576806351331e-01,  5.861174568616727e-01, -2.199521375830109e-01,  1.728655456782842e-02
  2.620000000000000e+00,  6.936100958022842e-02, -5.033484143146459e-01,  4.879974693908639e-01,  2.829821315320530e-01,  8.175758080462566e-01,  1.360029410469460e-01, -2.893416767066995e-01,  4.306652306727000e-01,  9.238886841729479e-02,  6.713308217691734e-01,  5.877347872607678e-01, -2.150202544408368e-01,  1.693938154341048e-02
  2.630000000000000e+00,  7.120707085320323e-02, -5.044381654590462e-01,  4.951712582128743e-01,  2.878186983533290e-01,  8.178317209502988e-01,  1.354668574197655e-01, -2.877648625599057e-01,  4.308812334812910e-01,  1.030368510678099e-01,  6.848759383206164e-01,  5.899063531192423e-01, -2.094793093064466e-01,  1.668949458292603e-02
  2.640000000000000e+00,  7.285665266350562e-02, -5.055886632840763e-01,  5.016430637387613e-01,  2.922377888576381e-01,  8.180641382382708e-01,  1.349786854552512e-01, -2.860580389104230e-01,  4.304836575284966e-01,  1.129185744623376e-01,  6.991901411676873e-01,  5.926785634593155e-01, -2.033256086510675e-01,  1.654943733501536e-02
  2.650000000000000e+00,  7.429854230436082e-02, -5.067900937908847e-01,  5.073846705714018e-01,  2.962071672603163e-01,  8.182689866851247e-01,  1.345440273291336e-01, -2.842378141823343e-01,  4.294809131343282e-01,  1.220250940907903e-01,  7.142568034779891e-01,  5.960952192754576e-01, -1.965713951889294e-01,  1.653180794303406e-02
  2.660000000000000e+00,  7.553288154391288e-02, -5.080228613169895e-01,  5.123992160948232e-01,  2.997157270589176e-01,  8.184445203220192e-01,  1.341650673359627e-01, -2.823470184517146e-01,  4.279000765658245e-01,  1.303131071002568e-01,  7.300464950974294e-01,  6.001955135231185e-01, -1.892504409857465e-01,  1.664879900801634e-02
  2.670000000000000e+00,  7.657236689574423e-02, -5.092556319148069e-01,  5.167234006349327e-01,  3.027756693755478e-01,  8.185917115283553e-01,  1.338400827644649e-01, -2.804575912258357e-01,  4.257897156870257e-01,  1.377012168516541e-01,  7.465164722795332e-01,  6.050009009784131e-01, -1.814216956241801e-01,  1.691193980484941e-02
  2.680000000000000e+00,  7.742805035786787e-02, -5.104664756739516e-01,  5.203903909867199e-01,  3.053994599440021e-01,  8.187113039784611e-01,  1.335675513010556e-01, -2.786365281149888e-01,  4.231778034855693e-01,  1.441217435064641e-01,  7.636004996817130e-01,  6.104844701495362e-01, -1.731736463043061e-01,  1.732978180173052e-02
  2.690000000000000e+00,  7.811569873162316e-02, -5.116254047855552e-01,  5.234424180811341e-01,  3.076067402613854e-01,  8.188053615080455e-01,  1.333443180191798e-01, -2.769666429314446e-01,  4.201114358822212e-01,  1.494919579943556e-01,  7.812146533970639e-01,  6.165664800976730e-01, -1.646086781486138e-01,  1.790989888894819e-02
  2.700000000000000e+00,  7.863825707656044e-02, -5.127171071799543e-01,  5.258840432614030e-01,  3.093939108420847e-01,  8.188735500824427e-01,  1.331708590033976e-01, -2.755060200960053e-01,  4.166163052360632e-01,  1.537714855692654e-01,  7.992473257804056e-01,  6.231034512581849e-01, -1.558389152921649e-01,  1.865513147132812e-02
  2.710000000000000e+00,  7.898273942024252e-02, -5.137409396274539e-01,  5.276723130408240e-01,  3.107267496926480e-01,  8.189124946781429e-01,  1.330523217814342e-01, -2.742819577821095e-01,  4.127024300946484e-01,  1.569670753768230e-01,  8.175592092325890e-01,  6.299108425550112e-01, -1.469737494147421e-01,  1.956273901347094e-02
  2.720000000000000e+00,  7.912058456402946e-02, -5.147097270492751e-01,  5.287175980939469e-01,  3.115406119666846e-01,  8.189158226291180e-01,  1.329984701077354e-01, -2.732896101888976e-01,  4.083687790037604e-01,  1.591282933240254e-01,  8.359868569166757e-01,  6.367938758677255e-01, -1.381078459437084e-01,  2.062437065852580e-02
  2.730000000000000e+00,  7.901392086661672e-02, -5.156439567304438e-01,  5.289013578761068e-01,  3.117524740903496e-01,  8.188754588525464e-01,  1.330217562297277e-01, -2.725027201898433e-01,  4.036130270555600e-01,  1.603265927656517e-01,  8.543504851317445e-01,  6.435711233677530e-01, -1.293162450701120e-01,  2.182700944906072e-02
  2.740000000000000e+00,  7.862519452997183e-02, -5.165643242354513e-01,  5.281038715813294e-01,  3.112802879040938e-01,  8.187836543520546e-01,  1.331342744962256e-01, -2.718918564263891e-01,  3.984419161150939e-01,  1.606273163793942e-01,  8.724615037827322e-01,  6.500844694842127e-01, -1.206611835663578e-01,  2.315461847504605e-02
  2.750000000000000e+00,  7.792692512880080e-02, -5.174851412936101e-01,  5.262327362573374e-01,  3.100631663195097e-01,  8.186350642900446e-01,  1.333446213325211e-01, -2.714432963341989e-01,  3.928791911085633e-01,  1.600650590950952e-01,  8.901256588563020e-01,  6.562037570739995e-01, -1.122022930424385e-01,  2.458982379834677e-02
  2.760000000000000e+00,  7.690721920230373e-02, -5.184125805214073e-01,  5.232400438137461e-01,  3.080738570860057e-01,  8.184279201624487e-01,  1.336560607453788e-01, -2.711680247685174e-01,  3.869641448725772e-01,  1.586362931833935e-01,  9.071401906427481e-01,  6.618351675623904e-01, -1.040009090999254e-01,  2.611444047388698e-02
  2.770000000000000e+00,  7.558252643772409e-02, -5.193306652474788e-01,  5.191587326024596e-01,  3.053425790012030e-01,  8.181667110430774e-01,  1.340626235738726e-01, -2.711342866957066e-01,  3.807796500540789e-01,  1.562620337748543e-01,  9.232961235502571e-01,  6.669221904787267e-01, -9.612082199986549e-02,  2.771203540934667e-02
  2.780000000000000e+00,  7.398408144993766e-02, -5.202203644710448e-01,  5.140685790499500e-01,  3.019340999187959e-01,  8.178591781076099e-01,  1.345532685711631e-01, -2.714329018759421e-01,  3.744109570490898e-01,  1.528525875668398e-01,  9.383625097882415e-01,  6.714534870409266e-01, -8.862882328990018e-02,  2.936518659252714e-02
  2.790000000000000e+00,  7.216270337461368e-02, -5.210505719042757e-01,  5.081103449786578e-01,  2.979549058051895e-01,  8.175171824793299e-01,  1.351106627424883e-01, -2.721971944413935e-01,  3.679696969664541e-01,  1.482976888609557e-01,  9.520865657482556e-01,  6.754574186637775e-01, -8.159856537311549e-02,  3.105753524332086e-02
  2.800000000000000e+00,  7.018036928177537e-02, -5.217864235639265e-01,  5.014646417480795e-01,  2.935371871292023e-01,  8.171546883390738e-01,  1.357140079530663e-01, -2.735873209477495e-01,  3.615820531836542e-01,  1.425041940860374e-01,  9.641898337669149e-01,  6.790004820223614e-01, -7.511305041249816e-02,  3.277208944735497e-02
  2.810000000000000e+00,  6.810485748548586e-02, -5.223939256466257e-01,  4.943389557487480e-01,  2.888283086436125e-01,  8.167863645605743e-01,  1.363409544617954e-01, -2.757792300681713e-01,  3.553830158769082e-01,  1.354164440246431e-01,  9.743731451579500e-01,  6.821777176120633e-01, -6.926276193830661e-02,  3.448908704785218e-02
  2.820000000000000e+00,  6.600677883080064e-02, -5.228405260487464e-01,  4.869601320656493e-01,  2.839840491647739e-01,  8.164267277866936e-01,  1.369687803644775e-01, -2.789539237584986e-01,  3.495114720275758e-01,  1.270229529494403e-01,  9.823278917503577e-01,  6.850987352758756e-01, -6.413735790811237e-02,  3.618404523627356e-02
  2.830000000000000e+00,  6.395748422548303e-02, -5.230898372415903e-01,  4.795658532765271e-01,  2.791612774810042e-01,  8.160896734418636e-01,  1.375752536676542e-01, -2.832842951154186e-01,  3.441071075233101e-01,  1.173552484591230e-01,  9.877512978268266e-01,  6.878740819999217e-01, -5.981113233785784e-02,  3.782694540034329e-02
  2.840000000000000e+00,  6.202404199655965e-02, -5.230958527820164e-01,  4.723838663735184e-01,  2.745034783086103e-01,  8.157877162926002e-01,  1.381402081831084e-01, -2.889136785176053e-01,  3.393053809151302e-01,  1.064908119165941e-01,  9.903628881107092e-01,  6.906013247107549e-01, -5.632812682889643e-02,  3.938268484088079e-02
  2.850000000000001e+00,  6.025997819914470e-02, -5.228062845912718e-01,  4.655983695673793e-01,  2.701201231020578e-01,  8.155305465666516e-01,  1.386481278066915e-01, -2.959259117360225e-01,  3.352253677611081e-01,  9.456469049873772e-02,  9.899187507354310e-01,  6.933524584369876e-01, -5.369535255315605e-02,  4.081265943200492e-02
  2.860000000000000e+00,  5.869568689656576e-02, -5.221777920751091e-01,  4.593188048420409e-01,  2.660700419792989e-01,  8.153234111595858e-01,  1.390906410946700e-01, -3.043186986651026e-01,  3.319527763059229e-01,  8.178140312352992e-02,  9.862213746809279e-01,  6.961657793630820e-01, -5.188525180972836e-02,  4.207728392248326e-02
  2.870000000000000e+00,  5.733394158061361e-02, -5.211945092513816e-01,  4.535676471060989e-01,  2.623578965305244e-01,  8.151662615539342e-01,  1.394675069095409e-01, -3.139955240165621e-01,  3.295283219458752e-01,  6.841439364909919e-02,  9.791255800297402e-01,  6.990442348165058e-01, -5.084114337010881e-02,  4.313864027793547e-02
  2.880000000000000e+00,  5.615252541740801e-02, -5.198776043321096e-01,  4.482904246231784e-01,  2.589436546648162e-01,  8.150541893421540e-01,  1.397856321082383e-01, -3.247798468132521e-01,  3.279502694424843e-01,  5.478597968732554e-02,  9.685437357120891e-01,  7.019638894995943e-01, -5.048401589817475e-02,  4.396201433095705e-02
  2.890000000000000e+00,  5.511224774746221e-02, -5.182794315455600e-01,  4.433798140170012e-01,  2.557587051721104e-01,  8.149790310909235e-01,  1.400566304012633e-01, -3.364424994671430e-01,  3.271918968893039e-01,  4.122952803882979e-02,  9.544539097394363e-01,  7.048903554262164e-01, -5.072699063513775e-02,  4.451588088193863e-02
  2.900000000000000e+00,  5.416729285389708e-02, -5.164655567319095e-01,  4.387044995859918e-01,  2.527229768585546e-01,  8.149316020276880e-01,  1.402937588606959e-01, -3.487309512460404e-01,  3.272256520031831e-01,  2.804267484718466e-02,  9.369110905295789e-01,  7.077887209869327e-01, -5.150201559160728e-02,  4.477174531217232e-02
  2.910000000000000e+00,  5.327464510025768e-02, -5.144952108963811e-01,  4.341354993117491e-01,  2.497596284719418e-01,  8.149037565446028e-01,  1.405091588839450e-01, -3.613922223721831e-01,  3.280402016924771e-01,  1.544409867353366e-02,  9.160576117016763e-01,  7.106110958292207e-01, -5.279604429419371e-02,  4.470599158812838e-02
  2.920000000000000e+00,  5.239969052101269e-02, -5.124100403520754e-01,  4.295631275614607e-01,  2.468042107727770e-01,  8.148895436944059e-01,  1.407122471639392e-01, -3.741844306455864e-01,  3.296405922093155e-01,  3.546331732760291e-03,  8.921271342505115e-01,  7.132648635549669e-01, -5.468681827337374e-02,  4.430388577297198e-02
  2.930000000000000e+00,  5.151612468916318e-02, -5.102360373486851e-01,  4.248989692988936e-01,  2.438055858140403e-01,  8.148850625146694e-01,  1.409097837556756e-01, -3.868743448648511e-01,  3.320291973634085e-01, -7.647148680005971e-03,  8.654385994698469e-01,  7.155773096858939e-01, -5.736534135706606e-02,  4.356281923343816e-02
  2.940000000000000e+00,  5.060713548147663e-02, -5.079819361414195e-01,  4.200807400835852e-01,  2.407283158089399e-01,  8.148886120969761e-01,  1.411055813966283e-01, -3.992440301970305e-01,  3.351994852655667e-01, -1.823049113765858e-02,  8.363793830718393e-01,  7.173122584379272e-01, -6.112373478838662e-02,  4.249826565489094e-02
  2.950000000000000e+00,  4.965536374210876e-02, -5.056648773398286e-01,  4.150468184922940e-01,  2.375391261857001e-01,  8.148983371079329e-01,  1.413034629145456e-01, -4.110660008796254e-01,  3.390887213118122e-01, -2.836015911586028e-02,  8.053932192801262e-01,  7.181311352845970e-01, -6.632535233866288e-02,  4.113827153364293e-02
  2.960000000000000e+00,  4.864308839562206e-02, -5.033118400975288e-01,  4.097372456235142e-01,  2.342076657833905e-01,  8.149121705846367e-01,  1.415072633043254e-01, -4.221135510694856e-01,  3.435783894787705e-01, -3.823011875397259e-02,  7.729655124594725e-01,  7.176396121779272e-01, -7.333182436985464e-02,  3.952563278287430e-02
  2.970000000000000e+00,  4.754896524736541e-02, -5.009703540296998e-01,  4.040854138037527e-01,  2.307025517782945e-01,  8.149269707749112e-01,  1.417218522180909e-01, -4.321605796423723e-01,  3.484832444288619e-01, -4.804326066216208e-02,  7.396131348779031e-01,  7.154152404349517e-01, -8.242503237988852e-02,  3.771423037639704e-02
  2.980000000000000e+00,  4.634889198486832e-02, -4.987096622359954e-01,  3.980205573748687e-01,  2.269931615402116e-01,  8.149385442225023e-01,  1.419529997343343e-01, -4.409921310009429e-01,  3.535569546464059e-01, -5.799238466985916e-02,  7.058727274374899e-01,  7.110531934794898e-01, -9.373417674228723e-02,  3.576595058450168e-02
  2.990000000000000e+00,  4.501941769460300e-02, -4.966142095525288e-01,  3.914764115988421e-01,  2.230543124700427e-01,  8.149422641527340e-01,  1.422065244650570e-01, -4.484197324202156e-01,  3.585095024860807e-01, -6.824838962994501e-02,  6.722847062778566e-01,  7.042175875138074e-01, -1.071843345017998e-01,  3.374801231032794e-02
  3.000000000000000e+00,  4.354230362468655e-02, -4.947710976110692e-01,  3.844020062669486e-01,  2.188714181936168e-01,  8.149340536330381e-01,  1.424870824553261e-01, -4.542980402082419e-01,  3.630370062509141e-01, -7.895317563629592e-02,  6.393711825879265e-01,  6.947004182015107e-01, -1.224722181787439e-01,  3.173018623872630e-02
  3.010000000000000e+00,  4.190892227745126e-02, -4.932553176403980e-01,  3.767719723195537e-01,  2.144448053253558e-01,  8.149114175543382e-01,  1.427969621944260e-01, -4.585393416958868e-01,  3.668592827114506e-01, -9.021651694219250e-02,  6.076095645234815e-01,  6.824787821481690e-01, -1.390769404697676e-01,  2.978048126381925e-02
  3.020000000000000e+00,  4.012315062050594e-02, -4.921181366965299e-01,  3.685941281844007e-01,  2.097923168144026e-01,  8.148741236860141e-01,  1.431352987243229e-01, -4.611224348073235e-01,  3.697528623008065e-01, -1.021164779493550e-01,  5.774065034100546e-01,  6.677417847462405e-01, -1.563139499519115e-01,  2.795949705043073e-02
  3.030000000000000e+00,  3.820198699433466e-02, -4.913821508058500e-01,  3.599129419574572e-01,  2.049497603669353e-01,  8.148242814319984e-01,  1.434979611587616e-01, -4.620946410458783e-01,  3.715707019826591e-01, -1.147020014139004e-01,  5.490771536480544e-01,  6.508685005557745e-01, -1.734213823113562e-01,  2.631479313426789e-02
  3.040000000000000e+00,  3.617409231894215e-02, -4.910429962659238e-01,  3.508091352333015e-01,  1.999695097686981e-01,  8.147658432352780e-01,  1.438780734686417e-01, -4.615676907252629e-01,  3.722481673541058e-01, -1.279961133312840e-01,  5.228333083966457e-01,  6.323695799615733e-01, -1.896527250112472e-01,  2.487587193706691e-02
  3.050000000000000e+00,  3.407664468712985e-02, -4.910754646767386e-01,  3.413949246870752e-01,  1.949170301918401e-01,  8.147037225582767e-01,  1.442670131246558e-01, -4.597076065899837e-01,  3.717983846476929e-01, -1.419993559434118e-01,  4.987832500120811e-01,  6.128204624953310e-01, -2.043546842636039e-01,  2.365047463256088e-02
  3.060000000000000e+00,  3.195105796423901e-02, -4.914406769285501e-01,  3.318042894916569e-01,  1.898650428855478e-01,  8.146428421785895e-01,  1.446556302616151e-01, -4.567190414573490e-01,  3.703007333914500e-01, -1.566943180866818e-01,  4.769435562200371e-01,  5.928067954507240e-01, -2.170202513948778e-01,  2.262330085070242e-02
  3.070000000000000e+00,  2.983868042008781e-02, -4.920920118438587e-01,  3.221808426398927e-01,  1.848868386403109e-01,  8.145873971989367e-01,  1.450353381569230e-01, -4.528259832858937e-01,  3.678904750806243e-01, -1.720512539904149e-01,  4.572545814526384e-01,  5.729148109283860e-01, -2.273158651777021e-01,  2.176055925181425e-02
  3.080000000000000e+00,  2.777658834990149e-02, -4.929831228460307e-01,  3.126644687674707e-01,  1.800497585769897e-01,  8.145401805223585e-01,  1.453991437164401e-01, -4.482582173497892e-01,  3.647147318775663e-01, -1.880321623836018e-01,  4.396176494264223e-01,  5.535630079708229e-01, -2.350972623772343e-01,  2.100748292967227e-02
  3.090000000000000e+00,  2.579584802710345e-02, -4.940742572566696e-01,  3.033859516142374e-01,  1.754132608184075e-01,  8.145022185402535e-01,  1.457421043104989e-01, -4.432344776806211e-01,  3.609390619509754e-01, -2.045911587394740e-01,  4.238971584209666e-01,  5.351205060597638e-01, -2.403989980645374e-01,  2.031085960136473e-02
  3.100000000000000e+00,  2.391988691681211e-02, -4.953386363654579e-01,  2.944599224785069e-01,  1.710264456147798e-01,  8.144725268061823e-01,  1.460617175091170e-01, -4.379558112437722e-01,  3.567082052887378e-01, -2.216719521657538e-01,  4.099492856628011e-01,  5.177805190402572e-01, -2.434151418644008e-01,  1.962182894690485e-02
  3.110000000000000e+00,  2.216477138302941e-02, -4.967587596638706e-01,  2.859808865880093e-01,  1.669266769376526e-01,  8.144486726357637e-01,  1.463575263768674e-01, -4.325998603753736e-01,  3.521425032913643e-01, -2.392046315682912e-01,  3.976263368921119e-01,  5.015968610693490e-01, -2.444584906009448e-01,  1.890593503794389e-02
  3.120000000000000e+00,  2.054039961045837e-02, -4.983124232407000e-01,  2.780189759558372e-01,  1.631374950501374e-01,  8.144281527429382e-01,  1.466300521773928e-01, -4.273188922148161e-01,  3.473438651806642e-01, -2.571046903396513e-01,  3.867772428026423e-01,  4.865186818127837e-01, -2.439105076773658e-01,  1.814765327582981e-02
  3.130000000000000e+00,  1.905132935381014e-02, -4.999649850799806e-01,  2.706171285472057e-01,  1.596677484038913e-01,  8.144093710348247e-01,  1.468799991156547e-01, -4.222377040210377e-01,  3.424017965895020e-01, -2.752742422257495e-01,  3.772505416765763e-01,  4.724218215771148e-01, -2.421711484374174e-01,  1.734986505830256e-02
  3.140000000000000e+00,  1.769662501587065e-02, -5.016798704953100e-01,  2.637912792641846e-01,  1.565133485104792e-01,  8.143912549895439e-01,  1.471084856020406e-01, -4.174502274147922e-01,  3.373884539475299e-01, -2.936047245839711e-01,  3.689035448323301e-01,  4.591351927364076e-01, -2.396173855828634e-01,  1.652850189419650e-02
  3.150000000000000e+00,  1.647015976293831e-02, -5.034319602634059e-01,  2.575339540976912e-01,  1.536605863919071e-01,  8.143725188665797e-01,  1.473174793459529e-01, -4.130189099460706e-01,  3.323534812558063e-01, -3.119812671325136e-01,  3.616098975876320e-01,  4.464723461063430e-01, -2.365738368234058e-01,  1.570550913860290e-02
  3.160000000000000e+00,  1.536214011489315e-02, -5.052096362746203e-01,  2.518201601772768e-01,  1.510894618488361e-01,  8.143515882755591e-01,  1.475096425735277e-01, -4.089787310458360e-01,  3.273277682562445e-01, -3.302882595084931e-01,  3.552604365684159e-01,  4.342585197889798e-01, -2.332952996812707e-01,  1.490343130424230e-02
  3.170000000000000e+00,  1.436093628557092e-02, -5.070106325389290e-01,  2.466137833492937e-01,  1.487765783633521e-01,  8.143268628659331e-01,  1.476879045135877e-01, -4.053430643388395e-01,  3.223301510018567e-01, -3.484146081334288e-01,  3.497610255549571e-01,  4.223434857719612e-01, -2.299610914686061e-01,  1.414210374522249e-02
  3.180000000000000e+00,  1.345470332501615e-02, -5.088356766543104e-01,  2.418734056299758e-01,  1.466974375648729e-01,  8.142970754593076e-01,  1.478549872996598e-01, -4.021116966976050e-01,  3.173704792345513e-01, -3.662572336957794e-01,  3.450337702434194e-01,  4.105763561568853e-01, -2.266833272338193e-01,  1.343450480225866e-02
  3.190000000000000e+00,  1.263147711527675e-02, -5.106916643762203e-01,  2.375541454953095e-01,  1.448274066262628e-01,  8.142609991737442e-01,  1.480135978841173e-01, -3.992631519811967e-01,  3.124659023190499e-01, -3.837268560847416e-01,  3.409989600169449e-01,  3.989573981252144e-01, -2.234993833722632e-01,  1.279695754626186e-02
  3.200000000000000e+00,  1.188074324038618e-02, -5.125788020521534e-01,  2.336120248268888e-01,  1.431427688890682e-01,  8.142182406382050e-01,  1.481656529265889e-01, -3.967788066208808e-01,  3.076194938537368e-01, -4.007433089006697e-01,  3.376004619286143e-01,  3.873829908460988e-01, -2.204172899149694e-01,  1.223003087500713e-02
  3.210000000000000e+00,  1.119263062525394e-02, -5.144992313115820e-01,  2.300034765547872e-01,  1.416209157853458e-01,  8.141685734840323e-01,  1.483128539267085e-01, -3.946371078437448e-01,  3.028262266348887e-01, -4.172370842917420e-01,  3.347900740203062e-01,  3.757581991341001e-01, -2.174204268500080e-01,  1.172751579500999e-02
  3.220000000000000e+00,  1.056084040057585e-02, -5.164278627152901e-01,  2.266924075637445e-01,  1.402415654231626e-01,  8.141138282915428e-01,  1.484549318336940e-01, -3.928069561250275e-01,  2.981341402746987e-01, -4.331520093395243e-01,  3.324859763942309e-01,  3.642110459728271e-01, -2.144433220810895e-01,  1.129509063872385e-02
  3.230000000000000e+00,  9.979296220079426e-03, -5.183465072220497e-01,  2.236446694484703e-01,  1.389863004153558e-01,  8.140554907662867e-01,  1.485918024871928e-01, -3.912638644861733e-01,  2.935684789602466e-01, -4.484412556149266e-01,  3.306181291302678e-01,  3.527964679776343e-01, -2.114276162826174e-01,  1.092741070617539e-02
  3.240000000000000e+00,  9.443186585949982e-03, -5.202339136718869e-01,  2.208309199032411e-01,  1.378391184382991e-01,  8.139953074735992e-01,  1.487229926795198e-01, -3.899930639746965e-01,  2.891436241925584e-01, -4.630661329312362e-01,  3.291211051539218e-01,  3.414962983183760e-01, -2.083308403394910e-01,  1.060890410428228e-02
  3.250000000000000e+00,  8.949050691763284e-03, -5.220635146903728e-01,  2.182268894184618e-01,  1.367863129397867e-01,  8.139354000016202e-01,  1.488475468557721e-01, -3.889704263730061e-01,  2.848930071581199e-01, -4.769965540443555e-01,  3.279054112451590e-01,  3.304161757465666e-01, -2.050991335667902e-01,  1.032966444951467e-02
  3.260000000000000e+00,  8.493772357413531e-03, -5.238147596036803e-01,  2.158119472758922e-01,  1.358164582795261e-01,  8.138774466906968e-01,  1.489647505976554e-01, -3.881644104934589e-01,  2.808391598187551e-01, -4.902039805334024e-01,  3.268788465944916e-01,  3.196405711477354e-01, -2.016970144634569e-01,  1.007497214610010e-02
  3.270000000000000e+00,  8.074772648746197e-03, -5.254715492290458e-01,  2.135699481827706e-01,  1.349206178661317e-01,  8.138227474752785e-01,  1.490740578924175e-01, -3.875249552453532e-01,  2.770034182237916e-01, -5.026558442177383e-01,  3.259430006416207e-01,  3.092630314718352e-01, -1.981065419569759e-01,  9.829025399089471e-03
  3.280000000000000e+00,  7.690251978654127e-03, -5.270213486322649e-01,  2.114908452215663e-01,  1.340929420748747e-01,  8.137722183652391e-01,  1.491750540719388e-01, -3.869796097679739e-01,  2.734049255683519e-01, -5.143072166391117e-01,  3.250012104858631e-01,  2.993357864320227e-01, -1.943412908512874e-01,  9.572401880093666e-03
  3.290000000000000e+00,  7.340167123308677e-03, -5.284433702715887e-01,  2.095729673614531e-01,  1.333308911666205e-01,  8.137271589510311e-01,  1.492667619913259e-01, -3.864158451737069e-01,  2.700999363040132e-01, -5.250993539148947e-01,  3.239383549972895e-01,  2.900430441829835e-01, -1.904131515967422e-01,  9.296638526515581e-03
  3.300000000000000e+00,  7.025582813277255e-03, -5.297165969058297e-01,  2.078224425346482e-01,  1.326354231794507e-01,  8.136886644347413e-01,  1.493481477270035e-01, -3.857020589348481e-01,  2.671423893658931e-01, -5.349548955660697e-01,  3.226649718116276e-01,  2.814538144334617e-01, -1.863798395189464e-01,  8.984483885164145e-03
  3.310000000000000e+00,  6.749452417357375e-03, -5.308106555861700e-01,  2.062553004258844e-01,  1.320113211465287e-01,  8.136582065720025e-01,  1.494175847451545e-01, -3.846870650608417e-01,  2.646135978017867e-01, -5.437864382662545e-01,  3.211026186630622e-01,  2.736836850993970e-01, -1.823091283098830e-01,  8.623164697373110e-03
  3.320000000000000e+00,  6.516907806898510e-03, -5.316878900822058e-01,  2.049009751211615e-01,  1.314688263332351e-01,  8.136373575659913e-01,  1.494729856002160e-01, -3.832246303363286e-01,  2.626090600029677e-01, -5.515044647296380e-01,  3.191943020938284e-01,  2.668575900835318e-01, -1.782838332723715e-01,  8.202125960221473e-03
  3.330000000000000e+00,  6.335587018340835e-03, -5.323062736415805e-01,  2.038062416451398e-01,  1.310255105288212e-01,  8.136274419222210e-01,  1.495119805414322e-01, -3.811997401616424e-01,  2.612251661092452e-01, -5.580285778381679e-01,  3.169086221845362e-01,  2.611038377315207e-01, -1.743994858552220e-01,  7.714064939234783e-03
  3.340000000000000e+00,  6.215591602390091e-03, -5.326233440888287e-01,  2.030363452413745e-01,  1.307069931726057e-01,  8.136292145736687e-01,  1.495321518325426e-01, -3.785506943590657e-01,  2.605448899963866e-01, -5.632975800631085e-01,  3.142431845289881e-01,  2.565460012584179e-01, -1.707577032736252e-01,  7.156129817197775e-03
  3.350000000000001e+00,  6.168828097562119e-03, -5.326009041299349e-01,  2.026709777797073e-01,  1.305454960290090e-01,  8.136426746919786e-01,  1.495312966982299e-01, -3.752805000625135e-01,  2.606261524051514e-01, -5.672736960772792e-01,  3.112269986252498e-01,  2.532961794359880e-01, -1.674575450608025e-01,  6.530539567718513e-03
  3.360000000000000e+00,  6.207548551991603e-03, -5.322117814246147e-01,  2.027940929718411e-01,  1.305759039259268e-01,  8.136669654543826e-01,  1.495077859463821e-01, -3.714557741645944e-01,  2.614927786805663e-01, -5.699396809885853e-01,  3.079231770542593e-01,  2.514464580878150e-01, -1.645901684747388e-01,  5.844277059243519e-03
  3.370000000000000e+00,  6.342331215286187e-03, -5.314476166623573e-01,  2.034793384124895e-01,  1.308300434330288e-01,  8.137003707047532e-01,  1.494609599832872e-01, -3.671955919195831e-01,  2.631292666512485e-01, -5.712905574243905e-01,  3.044313773228173e-01,  2.510557135564293e-01, -1.622371579674113e-01,  5.108189457493602e-03
  3.380000000000000e+00,  6.580116724346516e-03, -5.303247534098523e-01,  2.047756006115449e-01,  1.313309117097472e-01,  8.137404430765179e-01,  1.493914126725874e-01, -3.626548773923163e-01,  2.654811950301141e-01, -5.713238879139237e-01,  3.008881747854684e-01,  2.521374311776898e-01, -1.604694259375350e-01,  4.336084820596879e-03
  3.390000000000000e+00,  6.922864365515801e-03, -5.288870734025293e-01,  2.066977479047309e-01,  1.320889195793681e-01,  8.137841378858526e-01,  1.493011318386297e-01, -3.580073546437168e-01,  2.684595776748839e-01, -5.700334617136216e-01,  2.974656026793210e-01,  2.546527508840467e-01, -1.593463996399709e-01,  3.544206021289490e-03
  3.400000000000000e+00,  7.367135209860507e-03, -5.272052020939223e-01,  2.092252988910807e-01,  1.331012422081316e-01,  8.138278783212298e-01,  1.491934866434234e-01, -3.534313470249401e-01,  2.719468726759280e-01, -5.674087151873245e-01,  2.943682427031544e-01,  2.585054593644159e-01, -1.589183468405853e-01,  2.751072869292049e-03
  3.410000000000000e+00,  7.904708396045611e-03, -5.253695828739540e-01,  2.123081849158270e-01,  1.343537624194369e-01,  8.138677703399055e-01,  1.490729039413251e-01, -3.490985229987836e-01,  2.758065844104216e-01, -5.634393012310893e-01,  2.918274702438686e-01,  2.635410486179949e-01, -1.592305928725977e-01,  1.978116803114579e-03
  3.420000000000000e+00,  8.524208062376052e-03, -5.234757524945448e-01,  2.158770870934969e-01,  1.358244586537394e-01,  8.139002109099422e-01,  1.489440969994590e-01, -3.451643496054271e-01,  2.798989298248399e-01, -5.581228433186980e-01,  2.900909200339900e-01,  2.695577791504685e-01, -1.603238190732834e-01,  1.251633180607190e-03
  3.430000000000000e+00,  9.213611135560688e-03, -5.216037063490381e-01,  2.198561581968188e-01,  1.374874758191512e-01,  8.139228729746777e-01,  1.488109139382052e-01, -3.417600068330238e-01,  2.841011814725282e-01, -5.514731897331885e-01,  2.894066711039404e-01,  2.763308687101673e-01, -1.622278764561558e-01,  6.047605717651689e-04
  3.440000000000000e+00,  9.963366399897804e-03, -5.197958390699644e-01,  2.241764517655553e-01,  1.393175032108095e-01,  8.139358339230143e-01,  1.486750390851980e-01, -3.389866769782003e-01,  2.883287814635763e-01, -5.435274888073373e-01,  2.900042882233854e-01,  2.836446024646690e-01, -1.649510293642957e-01,  7.744783025368569e-05
  3.450000000000000e+00,  1.076943744168256e-02, -5.180397728680234e-01,  2.287873335711773e-01,  1.412937049209133e-01,  8.139424863560689e-01,  1.485349196241400e-01, -3.369125135755510e-01,  2.925519656215232e-01, -5.343506936292581e-01,  2.920753094783937e-01,  2.913261972397403e-01, -1.684675360449190e-01, -2.853099065715828e-04
  3.460000000000000e+00,  1.163483042092473e-02, -5.162644372860428e-01,  2.336605851567160e-01,  1.434013490882472e-01,  8.139497525019350e-01,  1.483854669269627e-01, -3.355694129364403e-01,  2.968009097891833e-01, -5.240342601358218e-01,  2.957552970203905e-01,  2.992748495453469e-01, -1.727062439473894e-01, -4.356551385374773e-04
  3.470000000000000e+00,  1.255172251924858e-02, -5.147137771692919e-01,  2.388388341912404e-01,  1.456783641684392e-01,  8.139400692207238e-01,  1.482396523386541e-01, -3.350084073273170e-01,  3.008269597584013e-01, -5.127215391972034e-01,  3.011664262277448e-01,  3.071191230727043e-01, -1.776776791507226e-01, -3.261504938807867e-04
  3.480000000000000e+00,  1.349226285539072e-02, -5.136900944727633e-01,  2.442740535649780e-01,  1.481257097631378e-01,  8.138941051675892e-01,  1.481145140364343e-01, -3.351694163754343e-01,  3.043260401006407e-01, -5.005752972477748e-01,  3.084050590206274e-01,  3.144984644529237e-01, -1.833070499464731e-01,  8.167089786885919e-05
  3.490000000000000e+00,  1.453382359594055e-02, -5.118363920672457e-01,  2.498254009029535e-01,  1.505921433893539e-01,  8.139134763378395e-01,  1.479305746671688e-01, -3.357583763223245e-01,  3.085630991481943e-01, -4.875634200444453e-01,  3.171364207195030e-01,  3.228325411951813e-01, -1.889612602060982e-01,  8.170290095394405e-04
