Main.Studies.MarkerTracking.t,Main.Studies.MarkerTracking.JointAngleOutputs.OutputFile7.SternoClavicularProtraction,Main.Studies.MarkerTracking.JointAngleOutputs.OutputFile7.SternoClavicularElevation,Main.Studies.MarkerTracking.JointAngleOutputs.OutputFile7.SternoClavicularAxialRotation,Main.Studies.MarkerTracking.JointAngleOutputs.OutputFile7.GlenohumeralFlexion,Main.Studies.MarkerTracking.JointAngleOutputs.OutputFile7.GlenohumeralExternalRotation,Main.Studies.MarkerTracking.JointAngleOutputs.OutputFile7.GlenohumeralAbduction,Main.Studies.MarkerTracking.JointAngleOutputs.OutputFile7.ElbowFlexion,Main.Studies.MarkerTracking.JointAngleOutputs.OutputFile7.ElbowPronation,Main.Studies.MarkerTracking.JointAngleOutputs.OutputFile7.WristFlexion,Main.Studies.MarkerTracking.JointAngleOutputs.OutputFile7.WristAbduction
 1.540000000000000e+000,-4.095383988645575e-001, 8.769098326457159e-002,-3.493487589378072e-001,-3.160599402584983e-001, 7.899264813027097e-002, 1.210192854782150e-001, 5.435017056406777e-001, 5.255629045569648e-001, 2.565193854386321e-001, 2.457054084700506e-001
 1.550000000000000e+000,-4.101299092397336e-001, 8.680846034745349e-002,-3.493465536029813e-001,-3.136301224367508e-001, 8.064473130886905e-002, 1.217189054265171e-001, 5.382234144419082e-001, 5.247670859864250e-001, 2.619801413292455e-001, 2.440475616489048e-001
 1.560000000000000e+000,-4.106156859147807e-001, 8.626327750290841e-002,-3.493444937685175e-001,-3.110787119267373e-001, 8.223321385998759e-002, 1.227097714237553e-001, 5.327123915330840e-001, 5.241709681261225e-001, 2.674881649640371e-001, 2.423708035167927e-001
 1.570000000000000e+000,-4.109118528629678e-001, 8.611495073940478e-002,-3.493424627402062e-001,-3.083154910770150e-001, 8.371143149576731e-002, 1.240485699703086e-001, 5.269073923264532e-001, 5.239317067688840e-001, 2.730330432239225e-001, 2.406610103335998e-001
 1.580000000000000e+000,-4.109477516982855e-001, 8.642322263410129e-002,-3.493403475515915e-001,-3.052592705477146e-001, 8.503712605237954e-002, 1.257584100499252e-001, 5.207963341821789e-001, 5.242127707002032e-001, 2.785817804700264e-001, 2.389141202493953e-001
 1.590000000000000e+000,-4.106986136151906e-001, 8.722979588903890e-002,-3.493380659413187e-001,-3.018507675947151e-001, 8.619393796377893e-002, 1.278195896643863e-001, 5.144016462723328e-001, 5.251020116837283e-001, 2.841179855283655e-001, 2.371344880964904e-001
 1.600000000000000e+000,-4.101551014765558e-001, 8.857281024775410e-002,-3.493355292238069e-001,-2.980198288955624e-001, 8.717436604076334e-002, 1.301916796148639e-001, 5.077521929570067e-001, 5.266551149083989e-001, 2.896418473069991e-001, 2.353338324210308e-001
 1.610000000000000e+000,-4.093308713502309e-001, 9.047917491759572e-002,-3.493326677217727e-001,-2.937039850387919e-001, 8.798096121177036e-002, 1.328025612580144e-001, 5.009045887113186e-001, 5.288779244889618e-001, 2.951579547062389e-001, 2.335326575565600e-001
 1.620000000000000e+000,-4.082611364001575e-001, 9.295908194141989e-002,-3.493294423863461e-001,-2.888600298077508e-001, 8.862448114886662e-002, 1.355493865070979e-001, 4.939575252609225e-001, 5.317353305792891e-001, 3.006635348867059e-001, 2.317531492261923e-001
 1.630000000000000e+000,-4.070002378784176e-001, 9.599974048626647e-002,-3.493258562218769e-001,-2.834763174007979e-001, 8.912133942623378e-002, 1.383066109572241e-001, 4.870669860408280e-001, 5.351627164359212e-001, 3.061322348616964e-001, 2.300142934113655e-001
 1.640000000000000e+000,-4.056158286947398e-001, 9.955963112294963e-002,-3.493219575962926e-001,-2.775818876472840e-001, 8.948802907101926e-002, 1.409406317516253e-001, 4.804548071048421e-001, 5.390687276358025e-001, 3.114972443847948e-001, 2.283380909603750e-001
 1.650000000000000e+000,-4.041759338613585e-001, 1.035688780032731e-001,-3.493178378197780e-001,-2.712461711202865e-001, 8.974094839395745e-002, 1.433295585244121e-001, 4.743919329877076e-001, 5.433900456191557e-001, 3.166420410945992e-001, 2.267760569201275e-001
 1.660000000000000e+000,-4.027459414399304e-001, 1.079346667704260e-001,-3.493135752230753e-001,-2.645841333216226e-001, 8.985658879097952e-002, 1.453702193042637e-001, 4.692199634354783e-001, 5.478982633051654e-001, 3.214255672694639e-001, 2.253402552439797e-001
 1.670000000000000e+000,-4.013721762077525e-001, 1.125655739217550e-001,-3.493092658747672e-001,-2.577238729398075e-001, 8.981610859842468e-002, 1.470050304239806e-001, 4.652538942108301e-001, 5.525235595441512e-001, 3.256716095405763e-001, 2.241018181770679e-001
 1.680000000000000e+000,-4.000888166063417e-001, 1.173896532800989e-001,-3.493049719818220e-001,-2.507972532850831e-001, 8.957563549740810e-002, 1.482220821106085e-001, 4.627870219977738e-001, 5.571698291156161e-001, 3.291948149091313e-001, 2.231273348178597e-001
 1.690000000000000e+000,-3.989184506653890e-001, 1.223698242025553e-001,-3.493007149667135e-001,-2.439188827113834e-001, 8.907918243808718e-002, 1.490604369635826e-001, 4.620505908300202e-001, 5.617753249143540e-001, 3.318069705856999e-001, 2.224965848082815e-001
 1.700000000000000e+000,-3.978784073467353e-001, 1.275038540192202e-001,-3.492964680766454e-001,-2.371733181701192e-001, 8.826660014307414e-002, 1.496049453711586e-001, 4.631945147576577e-001, 5.663249092312144e-001, 3.333341367885079e-001, 2.222924242832784e-001
 1.710000000000000e+000,-3.969877824399275e-001, 1.328104432813733e-001,-3.492921525703015e-001,-2.306071406081127e-001, 8.708086873568970e-002, 1.499723551986619e-001, 4.662779613412214e-001, 5.708514808221292e-001, 3.336404436499192e-001, 2.225862328685026e-001
 1.720000000000000e+000,-3.962726162553694e-001, 1.383076214955059e-001,-3.492876251835474e-001,-2.242290980685824e-001, 8.546497269526206e-002, 1.502902568483773e-001, 4.712777960026228e-001, 5.753728904076302e-001, 3.326539425078521e-001, 2.234219708518517e-001
 1.730000000000000e+000,-3.957587955623302e-001, 1.439966521296969e-001,-3.492827190877660e-001,-2.180040653647652e-001, 8.339521319491734e-002, 1.506861426328754e-001, 4.780568884578517e-001, 5.800690560585730e-001, 3.303779722887992e-001, 2.248859457969317e-001
 1.740000000000000e+000,-3.954807284649680e-001, 1.498428373337715e-001,-3.492772250760633e-001,-2.118820155627335e-001, 8.083548065480775e-002, 1.512604707094901e-001, 4.864480280849694e-001, 5.849767728907360e-001, 3.269165715556246e-001, 2.270140594513385e-001
 1.750000000000000e+000,-3.954674645679505e-001, 1.557770039422413e-001,-3.492709706585578e-001,-2.057981544271985e-001, 7.777819167701169e-002, 1.520887097309498e-001, 4.962373380011943e-001, 5.902195989315711e-001, 3.224344820247354e-001, 2.298541763495315e-001
 1.760000000000000e+000,-3.957336627730493e-001, 1.617059261186515e-001,-3.492638319942387e-001,-1.996838272058348e-001, 7.424002444035631e-002, 1.532173602111116e-001, 5.072040609542595e-001, 5.959492974299800e-001, 3.171030135872752e-001, 2.334357376522234e-001
 1.770000000000000e+000,-3.962724673632865e-001, 1.675327274172958e-001,-3.492557299795946e-001,-1.934707427263034e-001, 7.025766761324294e-002, 1.546650811678060e-001, 5.191465258865323e-001, 6.022901035097735e-001, 3.110530412029289e-001, 2.377487385092429e-001
 1.780000000000000e+000,-3.970591285830897e-001, 1.731760244537384e-001,-3.492466274917208e-001,-1.870959334986977e-001, 6.587949801583280e-002, 1.564272705915372e-001, 5.318985308657213e-001, 6.092715141010027e-001, 3.043612090029464e-001, 2.427374711691046e-001
 1.790000000000000e+000,-3.980599097604484e-001, 1.785822048317556e-001,-3.492365480188273e-001,-1.805054390429948e-001, 6.116528083356423e-002, 1.584851032603983e-001, 5.453226594989955e-001, 6.168506333964994e-001, 2.970711139974660e-001, 2.483274239081270e-001
 1.800000000000000e+000,-3.992458882601705e-001, 1.837221114771324e-001,-3.492255562328956e-001,-1.736691928575225e-001, 5.616039709986361e-002, 1.608064458478888e-001, 5.593436938757631e-001, 6.248075079692271e-001, 2.892407544630413e-001, 2.543496385593519e-001
 1.810000000000000e+000,-4.005895327464398e-001, 1.886001319036672e-001,-3.492138008893614e-001,-1.665635118888438e-001, 5.092470592679807e-002, 1.633575350190557e-001, 5.738945818474065e-001, 6.329830720690380e-001, 2.809566792921072e-001, 2.606027245343262e-001
 1.820000000000000e+000,-4.020676957644682e-001, 1.932421759845553e-001,-3.492014642877054e-001,-1.591837499932138e-001, 4.550119419769233e-002, 1.660963752503524e-001, 5.889634997283408e-001, 6.410942536787119e-001, 2.723277044040426e-001, 2.667627348601113e-001
 1.830000000000000e+000,-4.036523257248572e-001, 1.976891116145327e-001,-3.491887619356974e-001,-1.515387365735434e-001, 3.992987075418716e-002, 1.689783775103408e-001, 6.045572796490049e-001, 6.488317996579793e-001, 2.634623154316316e-001, 2.724966443423585e-001
 1.840000000000000e+000,-4.053055108678481e-001, 2.019859576402001e-001,-3.491759313682566e-001,-1.436497298163155e-001, 3.425628618936685e-002, 1.719625131751820e-001, 6.206695463299875e-001, 6.559497491566529e-001, 2.544677557472028e-001, 2.775773195034005e-001
 1.850000000000000e+000,-4.069811098235374e-001, 2.061712156071311e-001,-3.491632033545598e-001,-1.355511828950886e-001, 2.853256431657943e-002, 1.750154110176474e-001, 6.372700177850240e-001, 6.623135028901630e-001, 2.454531430753169e-001, 2.819245178092265e-001
 1.860000000000000e+000,-4.086301431235981e-001, 2.102690573493178e-001,-3.491507629828462e-001,-1.272899622436012e-001, 2.281294080204491e-002, 1.781110504789115e-001, 6.543106561165766e-001, 6.678931294064168e-001, 2.365209126756451e-001, 2.855773846745416e-001
 1.870000000000000e+000,-4.102078386621268e-001, 2.142878586150165e-001,-3.491387277662472e-001,-1.189190633030266e-001, 1.714861793301939e-002, 1.812284403776927e-001, 6.717283489022521e-001, 6.727415409293620e-001, 2.277577023766793e-001, 2.886575202990940e-001
 1.880000000000000e+000,-4.116819435815132e-001, 2.182245983682005e-001,-3.491271500542781e-001,-1.104895519706199e-001, 1.158364917622398e-002, 1.843499273424341e-001, 6.894446609407987e-001, 6.769663865798169e-001, 2.192286453349850e-001, 2.913419411340808e-001
 1.890000000000000e+000,-4.130394485167277e-001, 2.220702139132216e-001,-3.491160283978045e-001,-1.020477526936394e-001, 6.152454367306011e-003, 1.874606463359777e-001, 7.073750644606295e-001, 6.806894481468847e-001, 2.109720873211334e-001, 2.938261909263560e-001
 1.900000000000000e+000,-4.142875491572718e-001, 2.258132629244933e-001,-3.491053201211080e-001,-9.363654157405232e-002, 8.794194573392647e-004, 1.905497623849661e-001, 7.254407551119425e-001, 6.840236303498688e-001, 2.030055224845997e-001, 2.962862189238565e-001
 1.910000000000000e+000,-4.154486724901017e-001, 2.294437494121595e-001,-3.490949569763934e-001,-8.529595342994956e-002,-4.220164301014241e-003, 1.936132121981309e-001, 7.435723643751903e-001, 6.870806580828920e-001, 1.953419957880616e-001, 2.988579034018174e-001
 1.920000000000000e+000,-4.165532287494126e-001, 2.329586491229139e-001,-3.490848621762503e-001,-7.706357430968724e-002,-9.139265454266046e-003, 1.966559388698717e-001, 7.617103398394545e-001, 6.899751887334407e-001, 1.879987052345000e-001, 3.016262819107990e-001
 1.930000000000000e+000,-4.176325017676796e-001, 2.363665353899667e-001,-3.490749674726902e-001,-6.897663885971839e-002,-1.387862298688403e-002, 1.996921676041673e-001, 7.798055239188551e-001, 6.928081709767092e-001, 1.809938678997809e-001, 3.046218498053367e-001
 1.940000000000000e+000,-4.187122497480300e-001, 2.396869375953195e-001,-3.490652307123582e-001,-6.107467125105570e-002,-1.844653977703542e-002, 2.027431336819530e-001, 7.978178131705864e-001, 6.956400555595135e-001, 1.743409400419205e-001, 3.078294912759336e-001
 1.950000000000000e+000,-4.198069251331166e-001, 2.429438494952385e-001,-3.490556474159223e-001,-5.340036961159012e-002,-2.285921098453255e-002, 2.058325533342778e-001, 8.157131783101261e-001, 6.984695460125963e-001, 1.680444187663983e-001, 3.112042199785962e-001
 1.960000000000000e+000,-4.209117783249093e-001, 2.461581535777857e-001,-3.490462484863500e-001,-4.599732966877124e-002,-2.714199657006006e-002, 2.089809072503600e-001, 8.334607212961718e-001, 7.012346893822834e-001, 1.620925994063440e-001, 3.146825464994467e-001
 1.970000000000000e+000,-4.220104341522925e-001, 2.493391204985100e-001,-3.490370879796537e-001,-3.890961591797626e-002,-3.132211053774553e-002, 2.122025657312571e-001, 8.510339448409248e-001, 7.038241768593043e-001, 1.564501332113761e-001, 3.181805990685078e-001
 1.980000000000000e+000,-4.230642939341026e-001, 2.524860052322206e-001,-3.490282305979613e-001,-3.217450111469655e-002,-3.543103926803597e-002, 2.155014094229562e-001, 8.684045223548766e-001, 7.061125048041219e-001, 1.510436561470130e-001, 3.216020359884059e-001
 1.990000000000000e+000,-4.240274360912706e-001, 2.555869865127809e-001,-3.490197399956662e-001,-2.582272018016196e-002,-3.949673756362470e-002, 2.188731408543887e-001, 8.855338673623030e-001, 7.079929299787310e-001, 1.457813092830222e-001, 3.248656307205796e-001
 2.000000000000000e+000,-4.248560343925837e-001, 2.586229213188904e-001,-3.490116720745997e-001,-1.988065241656312e-002,-4.354153816537701e-002, 2.223088968716189e-001, 9.023635016328598e-001, 7.094121492732807e-001, 1.405851890051524e-001, 3.279380054534770e-001
 2.010000000000000e+000,-4.255083964891224e-001, 2.615757231756701e-001,-3.490040748811045e-001,-1.437272738074924e-002,-4.758653171005719e-002, 2.257973913127953e-001, 9.188147559202124e-001, 7.103818817036437e-001, 1.354003883044754e-001, 3.308302517587737e-001
 2.020000000000000e+000,-4.259598459529331e-001, 2.644368636496222e-001,-3.489969883777369e-001,-9.326919060806072e-003,-5.164586442682047e-002, 2.293287625445853e-001, 9.347993096062019e-001, 7.109509613165668e-001, 1.301834945387408e-001, 3.335569205024241e-001
 2.030000000000000e+000,-4.261973359944237e-001, 2.672197847999596e-001,-3.489904468464947e-001,-4.773096881778516e-003,-5.572871833778436e-002, 2.328940794990127e-001, 9.502227953666425e-001, 7.111965239419799e-001, 1.248811174376217e-001, 3.361141587780443e-001
 2.040000000000000e+000,-4.262219512651194e-001, 2.699683207953041e-001,-3.489844820556117e-001,-7.439423061508244e-004,-5.983617873059890e-002, 2.364855989808341e-001, 9.649824042394281e-001, 7.112265020544764e-001, 1.194408189035401e-001, 3.384892596544711e-001
 2.050000000000000e+000,-4.260482301014520e-001, 2.727575332027801e-001,-3.489791212958215e-001, 2.722846274693769e-003,-6.396105861949576e-002, 2.400955797905583e-001, 9.789634909998932e-001, 7.111865311310316e-001, 1.138421621547470e-001, 3.406821522952884e-001
 2.060000000000000e+000,-4.256991205590407e-001, 2.756802844261239e-001,-3.489743844251305e-001, 5.584220441699150e-003,-6.809030661093704e-002, 2.437108811667978e-001, 9.920423991731401e-001, 7.112470224598437e-001, 1.081100526128529e-001, 3.427145711461553e-001
 2.070000000000000e+000,-4.252117837700717e-001, 2.788147395058205e-001,-3.489702811948451e-001, 7.793244815221145e-003,-7.219981567919045e-002, 2.473046081313078e-001, 1.004094571718118e+000, 7.115580115953930e-001, 1.023017168961120e-001, 3.446249382482611e-001
 2.080000000000000e+000,-4.246225132805246e-001, 2.821794895442751e-001,-3.489668037723051e-001, 9.311618653834231e-003,-7.626074345130719e-002, 2.508194193814443e-001, 1.014996043146005e+000, 7.122222353080606e-001, 9.648036300795782e-002, 3.464699608515727e-001
 2.090000000000000e+000,-4.239731367272769e-001, 2.856833210689951e-001,-3.489639178023118e-001, 1.011910519324455e-002,-8.023347336543844e-002, 2.541551433309502e-001, 1.024623689768613e+000, 7.132749501749042e-001, 9.072328624871417e-002, 3.483200878188272e-001
 2.100000000000000e+000,-4.233071738472443e-001, 2.890996196340911e-001,-3.489615632880044e-001, 1.022220628457182e-002,-8.406763329792706e-002, 2.571623836194424e-001, 1.032855925550759e+000, 7.146902833240609e-001, 8.513316364279877e-002, 3.502427686261294e-001
 2.110000000000000e+000,-4.226665987024403e-001, 2.920911608333821e-001,-3.489596698966483e-001, 9.650594687756087e-003,-8.770319203740484e-002, 2.596533173613679e-001, 1.039577636050079e+000, 7.163981675915770e-001, 7.983819951497240e-002, 3.522785370026948e-001
 2.120000000000000e+000,-4.220883028984229e-001, 2.942834495232483e-001,-3.489581834594163e-001, 8.440704290358037e-003,-9.107487893267863e-002, 2.614279368951273e-001, 1.044685171763109e+000, 7.183060014386200e-001, 7.497706325719045e-002, 3.544320262265400e-001
 2.130000000000000e+000,-4.216023243876063e-001, 2.953488886533893e-001,-3.489570917558908e-001, 6.616491347610554e-003,-9.411799640184274e-002, 2.623033744604747e-001, 1.048088103895526e+000, 7.203219618042879e-001, 7.068015055906707e-002, 3.566806402831251e-001
 2.140000000000000e+000,-4.212328137454515e-001, 2.950638097207841e-001,-3.489564378937232e-001, 4.178047488692771e-003,-9.677279600224972e-002, 2.621354154288251e-001, 1.049708732188954e+000, 7.223743596215748e-001, 6.705996899551403e-002, 3.589875013230492e-001
 2.150000000000000e+000,-4.210003901133416e-001, 2.933296688292550e-001,-3.489563157426960e-001, 1.101807097377172e-003,-9.898702782442916e-002, 2.608294825467195e-001, 1.049479924842562e+000, 7.244167367451253e-001, 6.421189726478538e-002, 3.613116680748305e-001
 2.160000000000000e+000,-4.209228429288319e-001, 2.901697813180795e-001,-3.489568474934044e-001,-2.648373797343506e-003,-1.007171109128259e-001, 2.583429330864520e-001, 1.047340090865581e+000, 7.264238562065706e-001, 6.221724700996312e-002, 3.636160335825430e-001
 2.170000000000000e+000,-4.210132201312484e-001, 2.857128094768096e-001,-3.489581516327396e-001,-7.103592254121161e-003,-1.019271784730024e-001, 2.546813395749750e-001, 1.043227283949250e+000, 7.283905671212149e-001, 6.114492712654385e-002, 3.658721510235278e-001
 2.180000000000000e+000,-4.212766662014653e-001, 2.801691598850111e-001,-3.489603164227877e-001,-1.227304037950705e-002,-1.025867868573067e-001, 2.498917672322657e-001, 1.037077882311160e+000, 7.303272783139987e-001, 6.105023791289876e-002, 3.680581724241797e-001
 2.190000000000000e+000,-4.217047814517999e-001, 2.738061653675903e-001,-3.489633885249707e-001,-1.813180206484488e-002,-1.026706720110693e-001, 2.440559440717333e-001, 1.028832324403687e+000, 7.322491859340516e-001, 6.196264786329220e-002, 3.701470907796255e-001
 2.200000000000000e+000,-4.222649221112223e-001, 2.669275505765048e-001,-3.489673719778228e-001,-2.461369669073954e-002,-1.021629207509402e-001, 2.372852934384555e-001, 1.018446021524035e+000, 7.341742428012051e-001, 6.386269563904956e-002, 3.720908963705769e-001
 2.210000000000000e+000,-4.228891410863033e-001, 2.598541071197504e-001,-3.489722284470538e-001,-3.161256313969552e-002,-1.010642490201864e-001, 2.297185227075380e-001, 1.005904578328021e+000, 7.361291723578871e-001, 6.666343795931407e-002, 3.738134953015200e-001
 2.220000000000000e+000,-4.234760637156301e-001, 2.528950661964649e-001,-3.489778773106286e-001,-3.899267329030876e-002,-9.939830404729287e-002, 2.215199413625988e-001, 9.912424142601480e-001, 7.381445280025275e-001, 7.020438295626263e-002, 3.752153580111151e-001
 2.230000000000000e+000,-4.239119886649094e-001, 2.463098021948362e-001,-3.489841976039960e-001,-4.660050180165554e-002,-9.721432556783299e-002, 2.128745607336121e-001, 9.745588011360167e-001, 7.402368068823387e-001, 7.425192373179401e-002, 3.761816003124031e-001
 2.240000000000000e+000,-4.240987513596018e-001, 2.402748456823656e-001,-3.489910362608956e-001,-5.427376730291544e-002,-9.458604060439255e-002, 2.039775433134732e-001, 9.560249144590285e-001, 7.423967428222362e-001, 7.850723362141587e-002, 3.765982778505228e-001
 2.250000000000000e+000,-4.239728374634866e-001, 2.348698547702945e-001,-3.489982304991275e-001,-6.185356223629435e-002,-9.160452507357272e-002, 1.950198116999949e-001, 9.358806643499018e-001, 7.446025695177211e-001, 8.263774073484820e-002, 3.763899612123526e-001
 2.260000000000000e+000,-4.235129590223984e-001, 2.300850221795692e-001,-3.490056402506743e-001,-6.920256042051642e-002,-8.836288995511465e-002, 1.861743183132021e-001, 9.144223863612603e-001, 7.468583808339765e-001, 8.633794551242136e-002, 3.755663546023388e-001
 2.270000000000000e+000,-4.227377534053705e-001, 2.258450109276580e-001,-3.490131732121579e-001,-7.622304781984601e-002,-8.493833756458522e-002, 1.775866318570634e-001, 8.919843304314455e-001, 7.492303992615198e-001, 8.939206197375382e-002, 3.742434946284016e-001
 2.280000000000000e+000,-4.216932688523340e-001, 2.220413697239843e-001,-3.490207920193422e-001,-8.286788969993597e-002,-8.138106326714682e-002, 1.693715612456761e-001, 8.689197658565021e-001, 7.518506429446243e-001, 9.170659948226589e-002, 3.726190605254005e-001
 2.290000000000000e+000,-4.204340871918614e-001, 2.185648596951777e-001,-3.490285040106417e-001,-8.914311245162909e-002,-7.771391051681645e-002, 1.616159773738608e-001, 8.455846589861404e-001, 7.548839166214456e-001, 9.331534972644695e-002, 3.709148233501342e-001
 2.300000000000000e+000,-4.190071481100485e-001, 2.153294120183438e-001,-3.490363406681025e-001,-9.510405576805026e-002,-7.394016835783461e-002, 1.543857833678982e-001, 8.223223469511667e-001, 7.584710173433221e-001, 9.437452625955212e-002, 3.693180205910295e-001
 2.310000000000000e+000,-4.174449240022291e-001, 2.122811666841775e-001,-3.490443400535261e-001,-1.008469880515701e-001,-7.005468459424774e-002, 1.477329996794516e-001, 7.994502108572491e-001, 7.626662561210813e-001, 9.514658537352516e-002, 3.679412487302050e-001
 2.320000000000000e+000,-4.157675260226494e-001, 2.093926467090450e-001,-3.490525421164266e-001,-1.064970863330057e-001,-6.605395978223794e-002, 1.416996337642954e-001, 7.772522095360992e-001, 7.673930390851539e-001, 9.596346227998587e-002, 3.668024396601470e-001
 2.330000000000000e+000,-4.139895943696249e-001, 2.066498401167451e-001,-3.490609950103163e-001,-1.121933477710611e-001,-6.194274927813143e-002, 1.363181298644964e-001, 7.559769433023588e-001, 7.724320105146538e-001, 9.717207868729783e-002, 3.658251120883398e-001
 2.340000000000000e+000,-4.121302871585836e-001, 2.040403378648130e-001,-3.490697622480111e-001,-1.180725304224213e-001,-5.773626952547435e-002, 1.316104359661476e-001, 7.358365198747517e-001, 7.774369526845224e-001, 9.907299476910847e-002, 3.648619094367910e-001
 2.350000000000000e+000,-4.102125199306695e-001, 2.015465064197892e-001,-3.490789174721707e-001,-1.242532524115541e-001,-5.346392746930213e-002, 1.275857892577474e-001, 7.170009066854950e-001, 7.819798447525698e-001, 1.018619000630869e-001, 3.637418456677526e-001
 2.360000000000000e+000,-4.082774642433810e-001, 1.991391038612582e-001,-3.490885430368355e-001,-1.308304887842531e-001,-4.916163855856907e-002, 1.242399288505645e-001, 6.995950464039262e-001, 7.856030531945447e-001, 1.056060503462468e-001, 3.623157349373848e-001
 2.370000000000000e+000,-4.063720635098280e-001, 1.967781146745031e-001,-3.490987180043669e-001,-1.378708146037984e-001,-4.487199869702319e-002, 1.215523822306201e-001, 6.836942276841985e-001, 7.879021638388069e-001, 1.102422784433152e-001, 3.604831105523785e-001
 2.380000000000000e+000,-4.045441276795475e-001, 1.944177565320413e-001,-3.491095043655728e-001,-1.454112451836791e-001,-4.063934986947568e-002, 1.194862508440595e-001, 6.693202698193035e-001, 7.885920187710963e-001, 1.156036357176073e-001, 3.581958521067739e-001
 2.390000000000000e+000,-4.028370513273258e-001, 1.920129885572437e-001,-3.491209294266151e-001,-1.534564818255333e-001,-3.650568725037429e-002, 1.179906401772905e-001, 6.564366046980722e-001, 7.875534999069893e-001, 1.214566532300316e-001, 3.554611275526025e-001
 2.400000000000000e+000,-4.012856222092041e-001, 1.895240631780084e-001,-3.491329701493878e-001,-1.619761258081991e-001,-3.250723706273698e-002, 1.170053889839292e-001, 6.449473285197485e-001, 7.848579892829961e-001, 1.275406737816254e-001, 3.523445831172671e-001
 2.410000000000000e+000,-3.999269039042695e-001, 1.869180117787059e-001,-3.491455545958412e-001,-1.709086096846415e-001,-2.866819972126419e-002, 1.164663951811773e-001, 6.347066711290721e-001, 7.807399715661418e-001, 1.336098805278594e-001, 3.489565927917586e-001
 2.420000000000000e+000,-3.987853191157409e-001, 1.841770560349487e-001,-3.491585416002079e-001,-1.801619640587950e-001,-2.500891862521079e-002, 1.163086014012594e-001, 6.255303490103852e-001, 7.755459001167058e-001, 1.394520660228915e-001, 3.454231432978090e-001
 2.430000000000000e+000,-3.978853171403764e-001, 1.813010621791491e-001,-3.491717380792678e-001,-1.896246385830893e-001,-2.154317259333733e-002, 1.164686767917061e-001, 6.172184217025585e-001, 7.696564437289076e-001, 1.449055208683239e-001, 3.418394162595436e-001
 2.440000000000000e+000,-3.972461479461244e-001, 1.783089083757714e-001,-3.491849169430873e-001,-1.991725173184153e-001,-1.827667815046373e-002, 1.168860784629641e-001, 6.095664424424383e-001, 7.634621191403308e-001, 1.498708914625835e-001, 3.382601203131314e-001
 2.450000000000000e+000,-3.968763650477725e-001, 1.752351200120610e-001,-3.491978463933798e-001,-2.086762453964455e-001,-1.520249279779712e-002, 1.175033675796948e-001, 6.023665530027315e-001, 7.573579805051152e-001, 1.543263603947087e-001, 3.347304825429177e-001
 2.460000000000000e+000,-3.967697423664924e-001, 1.721249718181828e-001,-3.492103154073298e-001,-2.180101630131262e-001,-1.230187486336045e-002, 1.182656371683659e-001, 5.954141264997342e-001, 7.517059518197862e-001, 1.583273183369491e-001, 3.313059314317026e-001
 2.470000000000000e+000,-3.969057332033547e-001, 1.690295710897782e-001,-3.492221505681577e-001,-2.270623349140735e-001,-9.548989539350218e-003, 1.191201455267119e-001, 5.885230684466941e-001, 7.467777938248826e-001, 1.619888688148574e-001, 3.280459135941669e-001
 2.480000000000000e+000,-3.972522615050517e-001, 1.660002346455822e-001,-3.492332299017045e-001,-2.357422074702826e-001,-6.913368554316307e-003, 1.200170084185717e-001, 5.815391133375495e-001, 7.427251715098218e-001, 1.654562250343845e-001, 3.250105301578113e-001
 2.490000000000000e+000,-3.977690661015054e-001, 1.630820380245965e-001,-3.492434943950734e-001,-2.439852952059187e-001,-4.361889304549643e-003, 1.209105103960459e-001, 5.743504407749246e-001, 7.395801322812442e-001, 1.688677889463515e-001, 3.222548632811115e-001
 2.500000000000000e+000,-3.984109056392012e-001, 1.603084045305458e-001,-3.492529495641598e-001,-2.517563518082797e-001,-1.863910132659024e-003, 1.217603971976482e-001, 5.668971319679018e-001, 7.372722382319392e-001, 1.723271090214809e-001, 3.198016640643228e-001
 2.510000000000000e+000,-3.991298156143144e-001, 1.576977253103569e-001,-3.492616540341100e-001,-2.590500730655048e-001, 6.034804329712035e-004, 1.225324428609656e-001, 5.591743699225334e-001, 7.356584181377390e-001, 1.758929788779378e-001, 3.176112210636059e-001
 2.520000000000000e+000,-3.998782651263282e-001, 1.552510185264999e-001,-3.492696991441258e-001,-2.658871449418760e-001, 3.053837838962592e-003, 1.231982032000787e-001, 5.512270466802415e-001, 7.345590819019302e-001, 1.795801460280193e-001, 3.155875926324518e-001
 2.530000000000000e+000,-4.006150502035726e-001, 1.529505749895619e-001,-3.492771851958832e-001,-2.723068131668485e-001, 5.491577864383526e-003, 1.237344332975706e-001, 5.431394869623074e-001, 7.337858485692627e-001, 1.833644725723516e-001, 3.136226860404510e-001
 2.540000000000000e+000,-4.013121250018202e-001, 1.507606959385275e-001,-3.492842036657855e-001,-2.783599219112487e-001, 7.911791139655162e-003, 1.241219993023474e-001, 5.350243177158649e-001, 7.331500866441397e-001, 1.871910352369581e-001, 3.116411237936315e-001
 2.550000000000000e+000,-4.019591138072854e-001, 1.486314631034054e-001,-3.492908322638901e-001,-2.841033578426448e-001, 1.030134210617214e-002, 1.243449277098781e-001, 5.270117168870390e-001, 7.324685762981295e-001, 1.909837141205317e-001, 3.096161131460028e-001
 2.560000000000000e+000,-4.025637943281462e-001, 1.465054644248147e-001,-3.492971370879949e-001,-2.895940793663638e-001, 1.264263744634018e-002, 1.243910840630157e-001, 5.192393127506403e-001, 7.315894673641361e-001, 1.946576093142509e-001, 3.075567687725078e-001
 2.570000000000000e+000,-4.031496375248802e-001, 1.443254811702373e-001,-3.493031720589081e-001,-2.948836490493569e-001, 1.491777329234733e-002, 1.242537693183823e-001, 5.118438644159203e-001, 7.304188732288401e-001, 1.981324070638699e-001, 3.054891953417440e-001
 2.580000000000000e+000,-4.037520418341248e-001, 1.420414033733495e-001,-3.493089755083021e-001,-3.000161145663984e-001, 1.711031483329946e-002, 1.239322502626219e-001, 5.049557431882308e-001, 7.289130866346447e-001, 2.013413759464122e-001, 3.034433241800061e-001
 2.590000000000000e+000,-4.044127512788436e-001, 1.396160333402101e-001,-3.493145702230580e-001,-3.050289536808277e-001, 1.920533247235276e-002, 1.234314125361156e-001, 4.986954432882714e-001, 7.270490429017017e-001, 2.042347300652163e-001, 3.014426784447907e-001
 2.600000000000000e+000,-4.051723135366491e-001, 1.370292905483617e-001,-3.493199665715379e-001,-3.099538382623974e-001, 2.118953990802623e-002, 1.227619410576407e-001, 4.931696762650014e-001, 7.248095093788411e-001, 2.067799606738086e-001, 2.994985482084095e-001
 2.610000000000000e+000,-4.060624999829258e-001, 1.342805680650860e-001,-3.493251622414366e-001,-3.148151321859294e-001, 2.305138542007152e-002, 1.219405116612264e-001, 4.884652080503482e-001, 7.221859969605863e-001, 2.089637885048430e-001, 2.976099877381126e-001
 2.620000000000000e+000,-4.071007778366481e-001, 1.313887819545603e-001,-3.493301393341155e-001,-3.196272924420727e-001, 2.478081693773660e-002, 1.209883412206701e-001, 4.846419467488206e-001, 7.191798456362305e-001, 2.107956428907176e-001, 2.957705936682583e-001
 2.630000000000000e+000,-4.082891408611390e-001, 1.283883266251849e-001,-3.493348667882575e-001,-3.243943017924531e-001, 2.636927989407573e-002, 1.199280921749535e-001, 4.817290760436773e-001, 7.157974481727584e-001, 2.123047207828892e-001, 2.939818791271307e-001
 2.640000000000000e+000,-4.096179115997280e-001, 1.253207504799079e-001,-3.493393107230625e-001,-3.291123117531707e-001, 2.781008943776838e-002, 1.187803160037454e-001, 4.797257445929957e-001, 7.120496181825057e-001, 2.135284726803715e-001, 2.922608555984970e-001
 2.650000000000000e+000,-4.110709293640117e-001, 1.222261146917434e-001,-3.493434472514044e-001,-3.337729005977042e-001, 2.909915344840353e-002, 1.175601136821267e-001, 4.786037899409643e-001, 7.079569032380384e-001, 2.145027327130020e-001, 2.906350421032584e-001
 2.660000000000000e+000,-4.126291005566921e-001, 1.191385077179565e-001,-3.493472690897430e-001,-3.383638527962356e-001, 3.023620561926164e-002, 1.162748059131854e-001, 4.783093872466009e-001, 7.035556561696037e-001, 2.152614171296428e-001, 2.891350665162351e-001
 2.670000000000000e+000,-4.142730604838127e-001, 1.160859971763264e-001,-3.493507807822952e-001,-3.428669121931349e-001, 3.122662897752753e-002, 1.149243942508152e-001, 4.787638466245966e-001, 6.989051728181329e-001, 2.158409543170925e-001, 2.877869264440293e-001
 2.680000000000000e+000,-4.159852688277570e-001, 1.130919697061590e-001,-3.493539878002734e-001,-3.472537452259756e-001, 3.208245771067662e-002, 1.135062719255368e-001, 4.798656306381627e-001, 6.940889496845941e-001, 2.162812135754268e-001, 2.866028978981918e-001
 2.690000000000000e+000,-4.177490535213772e-001, 1.101757642569319e-001,-3.493568879496552e-001,-3.514815930528443e-001, 3.282046104346605e-002, 1.120236543485108e-001, 4.814942358527946e-001, 6.891998519836217e-001, 2.166235332074560e-001, 2.855824461966067e-001
 2.700000000000000e+000,-4.195430983664834e-001, 1.073537125265358e-001,-3.493594661355688e-001,-3.554902747937117e-001, 3.345840744389436e-002, 1.104950112919336e-001, 4.835162464204811e-001, 6.843233668111258e-001, 2.169105351612555e-001, 2.847236286830341e-001
 2.710000000000000e+000,-4.213345357329826e-001, 1.046433838658361e-001,-3.493616905254423e-001,-3.592023265922610e-001, 3.401281647531547e-002, 1.089606773292814e-001, 4.857940298018706e-001, 6.795392793548126e-001, 2.171854088093479e-001, 2.840290224456340e-001
 2.720000000000000e+000,-4.230748356709757e-001, 1.020716058329154e-001,-3.493635148224444e-001,-3.625278701628645e-001, 3.449891958326523e-002, 1.074838085947862e-001, 4.881954098496883e-001, 6.749350137863769e-001, 2.174861020093410e-001, 2.834980174991442e-001
 2.730000000000000e+000,-4.246997940957506e-001, 9.968224151989746e-002,-3.493648923891616e-001,-3.653743397683575e-001, 3.493059528126815e-002, 1.061452890490413e-001, 4.906012774214569e-001, 6.706092504461884e-001, 2.178363641143435e-001, 2.831159675860776e-001
 2.740000000000000e+000,-4.261341333414694e-001, 9.753851106183076e-002,-3.493657946779379e-001,-3.676578950760743e-001, 3.531864987697503e-002, 1.050341407551679e-001, 4.929094411794314e-001, 6.666592502113706e-001, 2.182410358736215e-001, 2.828540773984056e-001
 2.750000000000000e+000,-4.273002323920904e-001, 9.571870586302866e-002,-3.493662210993154e-001,-3.693123531270772e-001, 3.566843415691662e-002, 1.042355245037065e-001, 4.950348787395126e-001, 6.631646361653757e-001, 2.186928394448078e-001, 2.826776840122353e-001
 2.760000000000000e+000,-4.281280597002112e-001, 9.430803654576314e-002,-3.493661983163012e-001,-3.702938245624012e-001, 3.597919041508584e-002, 1.038183540046309e-001, 4.969080948494421e-001, 6.601799891066594e-001, 2.191882214226784e-001, 2.825517215502880e-001
 2.770000000000000e+000,-4.285636041357485e-001, 9.338941444994831e-002,-3.493657737497821e-001,-3.705808932662098e-001, 3.624645037114688e-002, 1.038251395444933e-001, 4.984740297174612e-001, 6.577341199407806e-001, 2.197392485682310e-001, 2.824419564762642e-001
 2.780000000000000e+000,-4.285747420472020e-001, 9.303472102677080e-002,-3.493650058418308e-001,-3.701707116606381e-001, 3.646629378228775e-002, 1.042668764278988e-001, 4.996927113462666e-001, 6.558296965463906e-001, 2.203748644385997e-001, 2.823189150621611e-001
 2.790000000000000e+000,-4.281538026758546e-001, 9.329772430043182e-002,-3.493639525209181e-001,-3.690721279044327e-001, 3.663894928542273e-002, 1.051237926039606e-001, 5.005413530737830e-001, 6.544444451856847e-001, 2.211388755482089e-001, 2.821647591509534e-001
 2.800000000000000e+000,-4.273163817984789e-001, 9.420939986439603e-002,-3.493626603541742e-001,-3.672981279625454e-001, 3.677062538466966e-002, 1.063497360761698e-001, 5.010177735696070e-001, 6.535360414304600e-001, 2.220897288979100e-001, 2.819727609355167e-001
 2.810000000000000e+000,-4.260979854054871e-001, 9.577604455653321e-002,-3.493611565870839e-001,-3.648615181453661e-001, 3.687408714745654e-002, 1.078766791389571e-001, 5.011456370884564e-001, 6.530501947454410e-001, 2.232985079987444e-001, 2.817346702424923e-001
 2.820000000000000e+000,-4.245515298719784e-001, 9.798032518834621e-002,-3.493594476197812e-001,-3.617778110792294e-001, 3.696796123446017e-002, 1.096178687733996e-001, 5.009820833135831e-001, 6.529297630051167e-001, 2.248440738315582e-001, 2.814285657842925e-001
 2.830000000000000e+000,-4.227460513745833e-001, 1.007846261583714e-001,-3.493575281623683e-001,-3.580754023295001e-001, 3.707415697749199e-002, 1.114725665606159e-001, 5.006280467371966e-001, 6.531158650317711e-001, 2.268035969250364e-001, 2.810202611331213e-001
 2.840000000000000e+000,-4.207634448647196e-001, 1.041346101358043e-001,-3.493553987559231e-001,-3.538082950762647e-001, 3.721276716555905e-002, 1.133368244576233e-001, 5.002393075418519e-001, 6.535339936619783e-001, 2.292351965180921e-001, 2.804773520211455e-001
 2.850000000000000e+000,-4.186908347137475e-001, 1.079609586695602e-001,-3.493530804785610e-001,-3.490646524750318e-001, 3.739402004834511e-002, 1.151201224765551e-001, 5.000317973529822e-001, 6.540755690481608e-001, 2.321588695166310e-001, 2.797876328947008e-001
 2.860000000000000e+000,-4.166106747581447e-001, 1.121813455067346e-001,-3.493506165007764e-001,-3.439657499375937e-001, 3.760941465917630e-002, 1.167624821329220e-001, 5.002737467313709e-001, 6.545940960931861e-001, 2.355435472554217e-001, 2.789701072762992e-001
 2.870000000000000e+000,-4.145951025487182e-001, 1.167083932508559e-001,-3.493480675070827e-001,-3.386532982223875e-001, 3.782806841362871e-002, 1.182474017122482e-001, 5.012613931675625e-001, 6.549279064123754e-001, 2.393011918728487e-001, 2.780742288886595e-001
 2.880000000000000e+000,-4.127014653366884e-001, 1.214553673629026e-001,-3.493454748483564e-001,-3.332781903722875e-001, 3.799192838431453e-002, 1.196031669819143e-001, 5.032946948728494e-001, 6.549097810987542e-001, 2.432873174085382e-001, 2.771569245003487e-001
 2.890000000000000e+000,-4.109822235855726e-001, 1.263553411800888e-001,-3.493428802715685e-001,-3.279722019605440e-001, 3.803263094459226e-002, 1.209049780233653e-001, 5.066330934242066e-001, 6.544396896059307e-001, 2.473222249081328e-001, 2.762876261829395e-001
 2.900000000000000e+000,-4.094831520094087e-001, 1.313588630888622e-001,-3.493402851181069e-001,-3.228368908331574e-001, 3.787578232310689e-002, 1.222595849722315e-001, 5.114746269949210e-001, 6.534908458749379e-001, 2.512098545245667e-001, 2.755316471802673e-001
 2.910000000000000e+000,-4.082454820833981e-001, 1.364292723954441e-001,-3.493376392486513e-001,-3.179293890438579e-001, 3.745252591140388e-002, 1.237875374770761e-001, 5.179346918691022e-001, 6.521179949848087e-001, 2.547545941290792e-001, 2.749543757534926e-001
 2.920000000000000e+000,-4.073052384934484e-001, 1.415322256984377e-001,-3.493348317963617e-001,-3.132567175860994e-001, 3.670617297960200e-002, 1.256033989232049e-001, 5.260360895852885e-001, 6.504386578999426e-001, 2.577749950675281e-001, 2.746249455499322e-001
 2.930000000000000e+000,-4.066914304270112e-001, 1.466289701454506e-001,-3.493316971966248e-001,-3.087790984175234e-001, 3.559610080244659e-002, 1.278001085314419e-001, 5.357108311622276e-001, 6.486002422611467e-001, 2.601209784356220e-001, 2.746140162180304e-001
 2.940000000000000e+000,-4.064232800264837e-001, 1.516760633258190e-001,-3.493280428854289e-001,-3.044230008253281e-001, 3.410180802205792e-002, 1.304394511565024e-001, 5.468167286587813e-001, 6.467453021064851e-001, 2.616929513838524e-001, 2.749815659845575e-001
 2.950000000000000e+000,-4.065067609695411e-001, 1.566303812136440e-001,-3.493236922190414e-001,-3.000986853166714e-001, 3.222770054562041e-002, 1.335494279640109e-001, 5.591638429939275e-001, 6.449927158991445e-001, 2.624549535142142e-001, 2.757561004920921e-001
 2.960000000000000e+000,-4.069316801038719e-001, 1.614571814103618e-001,-3.493185223495315e-001,-2.957145783406796e-001, 3.000453373042410e-002, 1.371283327070661e-001, 5.725407071347415e-001, 6.434327573408512e-001, 2.624329453308860e-001, 2.769174881446730e-001
 2.970000000000000e+000,-4.076710868102623e-001, 1.661371522213184e-001,-3.493124834674460e-001,-2.911860450485972e-001, 2.748455361856373e-002, 1.411524481278600e-001, 5.867355162298891e-001, 6.421198241651414e-001, 2.616975673625879e-001, 2.783973501138163e-001
 2.980000000000000e+000,-4.086829852100134e-001, 1.706690685936989e-001,-3.493056011162195e-001,-2.864402123014422e-001, 2.473281111984353e-002, 1.455833075651853e-001, 6.015514369183578e-001, 6.410639680125010e-001, 2.603428227441813e-001, 2.800943141343051e-001
 2.990000000000000e+000,-4.099134067415838e-001, 1.750681000982239e-001,-3.492979649636390e-001,-2.814184390106838e-001, 2.181848160230637e-002, 1.503733004389914e-001, 6.168152323188429e-001, 6.402349075089393e-001, 2.584743553827371e-001, 2.818951626577000e-001
 3.000000000000000e+000,-4.113015353572440e-001, 1.793613151775286e-001,-3.492897074602800e-001,-2.760776214044394e-001, 1.880801654526048e-002, 1.554706412405157e-001, 6.323813853033943e-001, 6.395770943676739e-001, 2.562070528672817e-001, 2.836989454683038e-001
 3.010000000000000e+000,-4.127868677243042e-001, 1.835806935763324e-001,-3.492809836205458e-001,-2.703909784580865e-001, 1.576033275300498e-002, 1.608238391230431e-001, 6.481363806201084e-001, 6.390228142675962e-001, 2.536608049988436e-001, 2.854297589123796e-001
 3.020000000000000e+000,-4.143153698328006e-001, 1.877545712824562e-001,-3.492719552146427e-001,-2.643477801267327e-001, 1.272373458585440e-002, 1.663842247086448e-001, 6.640016674794831e-001, 6.384991256546581e-001, 2.509519664306383e-001, 2.870243085868558e-001
 3.030000000000000e+000,-4.158422492633818e-001, 1.919003794825032e-001,-3.492627716315795e-001,-2.579518192582841e-001, 9.734513389244876e-003, 1.721058018655993e-001, 6.799304386838029e-001, 6.379312021677350e-001, 2.481850448225558e-001, 2.884119621298201e-001
 3.040000000000000e+000,-4.173324413716746e-001, 1.960200205580811e-001,-3.492535514419760e-001,-2.512198443706799e-001, 6.817168000396378e-003, 1.779438059966332e-001, 6.959018988220771e-001, 6.372373946719114e-001, 2.454394627499443e-001, 2.895091543612468e-001
 3.050000000000000e+000,-4.187607402758931e-001, 2.000982594897194e-001,-3.492443742593048e-001,-2.441802126608170e-001, 3.986421095838612e-003, 1.838535044346690e-001, 7.119168448350757e-001, 6.363134960641833e-001, 2.427494078508592e-001, 2.902260204295037e-001
 3.060000000000000e+000,-4.201123213301268e-001, 2.041049364723535e-001,-3.492352836411031e-001,-2.368711835510444e-001, 1.251047982714964e-003, 1.897898696879130e-001, 7.279890492135307e-001, 6.350284957437651e-001, 2.400973077104573e-001, 2.904831448382784e-001
 3.070000000000000e+000,-4.213829047951563e-001, 2.079996999125457e-001,-3.492262964472867e-001,-2.293392470073798e-001,-1.381336783915388e-003, 1.957085850194844e-001, 7.441290134171301e-001, 6.332595960758733e-001, 2.374372532471529e-001, 2.902406319176534e-001
 3.080000000000000e+000,-4.225757731190013e-001, 2.117376015188308e-001,-3.492174112721004e-001,-2.216364212690480e-001,-3.899353602272576e-003, 2.015678407561365e-001, 7.603240211251662e-001, 6.309610896601621e-001, 2.347329557067621e-001, 2.895331298102274e-001
 3.090000000000000e+000,-4.236947766215531e-001, 2.152756211988409e-001,-3.492086146018561e-001,-2.138153473200486e-001,-6.284729880519055e-003, 2.073288442821841e-001, 7.765242130099292e-001, 6.282209120228836e-001, 2.319842099291238e-001, 2.884939333895218e-001
 3.100000000000000e+000,-4.247382041263523e-001, 2.185798807230635e-001,-3.491998880838831e-001,-2.059254315132411e-001,-8.514294699482035e-003, 2.129539910685408e-001, 7.926483285027657e-001, 6.252481360514938e-001, 2.292296569013803e-001, 2.873322452170227e-001
 3.110000000000000e+000,-4.257026832181120e-001, 2.216307709701184e-001,-3.491912169588553e-001,-1.980157754677407e-001,-1.056463478571599e-002, 2.184060357572875e-001, 8.086086134672681e-001, 6.222903721930143e-001, 2.265331966782846e-001, 2.862574952820516e-001
 3.120000000000000e+000,-4.265995216747454e-001, 2.244217550321930e-001,-3.491826045755299e-001,-1.901455301320518e-001,-1.241287106402545e-002, 2.236524069766729e-001, 8.243366740432265e-001, 6.195454894890184e-001, 2.239712385701442e-001, 2.854098412341129e-001
 3.130000000000000e+000,-4.274644203426226e-001, 2.269533354924120e-001,-3.491740921412431e-001,-1.823906555007924e-001,-1.403701177094085e-002, 2.286711650551565e-001, 8.397962851908578e-001, 6.171181222916808e-001, 2.216232536123601e-001, 2.848402926203586e-001
 3.140000000000000e+000,-4.283435216250237e-001, 2.292292831216929e-001,-3.491657631490103e-001,-1.748373718499106e-001,-1.542272137839360e-002, 2.334516555949244e-001, 8.549808700996991e-001, 6.150163859369248e-001, 2.195585641407947e-001, 2.845309098236573e-001
 3.150000000000000e+000,-4.292717037604578e-001, 2.312565841351870e-001,-3.491577218282328e-001,-1.675698796535989e-001,-1.657094592106096e-002, 2.379906501442202e-001, 8.699011201179953e-001, 6.131679659877893e-001, 2.178243225301140e-001, 2.844307360518299e-001
 3.160000000000000e+000,-4.302638995023619e-001, 2.330445374753816e-001,-3.491500656674690e-001,-1.606628416409752e-001,-1.749880082636754e-002, 2.422889529187183e-001, 8.845716199453287e-001, 6.114510984130560e-001, 2.164404861565277e-001, 2.844821905742771e-001
 3.170000000000000e+000,-4.313177747824030e-001, 2.346013341777213e-001,-3.491428771665079e-001,-1.541787275220437e-001,-1.823573673586502e-002, 2.463497554960705e-001, 8.990021599726672e-001, 6.097357752824384e-001, 2.153972719330741e-001, 2.846313856548955e-001
 3.180000000000000e+000,-4.324201818710703e-001, 2.359305683490045e-001,-3.491362354477621e-001,-1.481674385812224e-001,-1.881938195173735e-002, 2.501779630790225e-001, 9.131942538395032e-001, 6.079195571014453e-001, 2.146526720718729e-001, 2.848333060224215e-001
 3.190000000000000e+000,-4.335542966339488e-001, 2.370317008599177e-001,-3.491302212822492e-001,-1.426670171441362e-001,-1.929199560773222e-002, 2.537797776540598e-001, 9.271378561254172e-001, 6.059464802299939e-001, 2.141353109214541e-001, 2.850547484361001e-001
 3.200000000000000e+000,-4.347005184380392e-001, 2.379074950402369e-001,-3.491248943087498e-001,-1.377034749607589e-001,-1.969948366724619e-002, 2.571613320376385e-001, 9.408029765323667e-001, 6.038110150763104e-001, 2.137538706568931e-001, 2.852783044666284e-001
 3.210000000000000e+000,-4.358548448418568e-001, 2.385703111654709e-001,-3.491202815924953e-001,-1.332984105158688e-001,-2.007896200783863e-002, 2.603285260496442e-001, 9.541346877731514e-001, 6.015368238854976e-001, 2.134201689857385e-001, 2.855060590692879e-001
 3.220000000000000e+000,-4.370065109305026e-001, 2.390522722105815e-001,-3.491163531810043e-001,-1.294667520480264e-001,-2.046855235836954e-002, 2.632839967977503e-001, 9.670482976526390e-001, 5.991813507500482e-001, 2.130520953811139e-001, 2.857670442326706e-001
 3.230000000000000e+000,-4.381500662734459e-001, 2.394020961685817e-001,-3.491130594949914e-001,-1.262280615430977e-001,-2.089890547217943e-002, 2.660281698613300e-001, 9.794400738976433e-001, 5.968173329960018e-001, 2.125865702723682e-001, 2.861047488474923e-001
 3.240000000000000e+000,-4.392841576206261e-001, 2.396781881913417e-001,-3.491103666644131e-001,-1.236124009123625e-001,-2.139314437328262e-002, 2.685588443800959e-001, 9.911982435639548e-001, 5.945251528542608e-001, 2.119815627822095e-001, 2.865608606756392e-001
 3.250000000000000e+000,-4.404008407200479e-001, 2.399379145872618e-001,-3.491082696296296e-001,-1.216574242844783e-001,-2.197296433047674e-002, 2.708669004404645e-001, 1.002206773564970e+000, 5.923917529072623e-001, 2.112120373893660e-001, 2.871673805741102e-001
 3.260000000000000e+000,-4.415014778939836e-001, 2.402191375726925e-001,-3.491067876632869e-001,-1.204079651887615e-001,-2.264977839991143e-002, 2.729310043240947e-001, 1.012347396831221e+000, 5.904894157978057e-001, 2.102785279143775e-001, 2.879413121428174e-001
 3.270000000000000e+000,-4.425887621555353e-001, 2.405211366991624e-001,-3.491059373811679e-001,-1.199048882446907e-001,-2.342868146731836e-002, 2.747078903887134e-001, 1.021496252228060e+000, 5.888734923378358e-001, 2.092020318918015e-001, 2.888880944690440e-001
 3.280000000000000e+000,-4.436686584244503e-001, 2.407837270535040e-001,-3.491057171941286e-001,-1.201761017185907e-001,-2.430403654454810e-002, 2.761229702926496e-001, 1.029523108174986e+000, 5.875783722325074e-001, 2.080232637040476e-001, 2.900045168191434e-001
 3.290000000000000e+000,-4.447479855165486e-001, 2.408746985650234e-001,-3.491060981266280e-001,-1.212275239277425e-001,-2.525607189147478e-002, 2.770633214850840e-001, 1.036290235957181e+000, 5.866237673898096e-001, 2.068031772713621e-001, 2.912851854508665e-001
 3.300000000000000e+000,-4.458302442478740e-001, 2.405942199921201e-001,-3.491070192157648e-001,-1.230385834055545e-001,-2.625102706130696e-002, 2.773784021111700e-001, 1.041652744672483e+000, 5.860235290487046e-001, 2.056248889840191e-001, 2.927252177357976e-001
 3.310000000000000e+000,-4.469248443679411e-001, 2.396987481192314e-001,-3.491083955407364e-001,-1.255703741332557e-001,-2.723767529945530e-002, 2.768931732766212e-001, 1.045464367579481e+000, 5.857817518918628e-001, 2.045985105503625e-001, 2.943120487462486e-001
 3.320000000000000e+000,-4.480360041716942e-001, 2.379452388486660e-001,-3.491101293580298e-001,-1.287749352261427e-001,-2.815886051475554e-002, 2.754285603811019e-001, 1.047582094648113e+000, 5.859036787504338e-001, 2.038494433710703e-001, 2.960223542595703e-001
 3.330000000000000e+000,-4.491707191557018e-001, 2.351391452810367e-001,-3.491121418977030e-001,-1.326142611979675e-001,-2.895261494408523e-002, 2.728270076592496e-001, 1.047874043904717e+000, 5.863907332949032e-001, 2.035113074734987e-001, 2.978232780860939e-001
 3.340000000000000e+000,-4.503356955618226e-001, 2.311733546703376e-001,-3.491144046887409e-001,-1.370713436246964e-001,-2.955971274374758e-002, 2.689731510318959e-001, 1.046224815614361e+000, 5.872346653914056e-001, 2.037098710846401e-001, 2.996809810148979e-001
 3.350000000000000e+000,-4.515356343684744e-001, 2.260482444889049e-001,-3.491169579400112e-001,-1.421511233974790e-001,-2.992910801575923e-002, 2.638073525434740e-001, 1.042538642925387e+000, 5.884070846024012e-001, 2.045458548247618e-001, 3.015655739542837e-001
 3.360000000000000e+000,-4.527709220913501e-001, 2.198740287268253e-001,-3.491199037915234e-001,-1.478700212096860e-001,-3.002150749113122e-002, 2.573324498998740e-001, 1.036739951784757e+000, 5.898572815143393e-001, 2.060775033372808e-001, 3.034487106240775e-001
 3.370000000000000e+000,-4.540349916374892e-001, 2.128579414305651e-001,-3.491233807255629e-001,-1.542386633485349e-001,-2.981151702790950e-002, 2.496155143119701e-001, 1.028774940894500e+000, 5.915170040782668e-001, 2.083042648453286e-001, 3.052941786251617e-001
 3.380000000000000e+000,-4.553113744146581e-001, 2.052796825749641e-001,-3.491275313914511e-001,-1.612444135734210e-001,-2.929004250145359e-002, 2.407851936581404e-001, 1.018617130843703e+000, 5.932993202581642e-001, 2.111533441319660e-001, 3.070457673444156e-001
 3.390000000000000e+000,-4.565699140152424e-001, 1.974599796149699e-001,-3.491324733156216e-001,-1.688393161557487e-001,-2.846805041665635e-002, 2.310245016523735e-001, 1.006277605324665e+000, 5.950874900878695e-001, 2.144683234965088e-001, 3.086165097363401e-001
 3.400000000000000e+000,-4.577635797897992e-001, 1.897249189992585e-001,-3.491382840764858e-001,-1.769363596072846e-001,-2.738060161541372e-002, 2.205598951158817e-001, 9.918205935360648e-001, 5.967251636954742e-001, 2.180000511660636e-001, 3.098797586940184e-001
 3.410000000000000e+000,-4.588295480118291e-001, 1.823684137726820e-001,-3.491450044544303e-001,-1.854136385362708e-001,-2.608809273935209e-002, 2.096482761019256e-001, 9.753801514729114e-001, 5.980260195184104e-001, 2.214087121404367e-001, 3.106721359998015e-001
 3.420000000000000e+000,-4.596967845397749e-001, 1.756194677839320e-001,-3.491526459938548e-001,-1.941232630488310e-001,-2.467111301464214e-002, 1.985628697201755e-001, 9.571676201791737e-001, 5.988156021855768e-001, 2.242875427781814e-001, 3.108282802516490e-001
 3.430000000000000e+000,-4.602993545217448e-001, 1.696226176989841e-001,-3.491611899484230e-001,-2.029014779091547e-001,-2.321819720925320e-002, 1.875774829671037e-001, 9.374678356082087e-001, 5.989875544140210e-001, 2.262078218038446e-001, 3.102356581484465e-001
 3.440000000000000e+000,-4.605928824655257e-001, 1.644357375047529e-001,-3.491705768259440e-001,-2.115781396949203e-001,-2.181068501703050e-002, 1.769490929241112e-001, 9.166336788581638e-001, 5.985352143740839e-001, 2.267786465828878e-001, 3.088640814444409e-001
 3.450000000000000e+000,-4.605694505650395e-001, 1.600437129951295e-001,-3.491806902467591e-001,-2.199849209047391e-001,-2.051044500206605e-002, 1.669016393992149e-001, 8.950827401796070e-001, 5.975469270521427e-001, 2.257168428376939e-001, 3.067560224227984e-001
 3.460000000000000e+000,-4.602631057240484e-001, 1.563826078093136e-001,-3.491913455087324e-001,-2.279620763823838e-001,-1.935402939257053e-002, 1.576153699595972e-001, 8.732914207456272e-001, 5.961807838370480e-001, 2.229150925614425e-001, 3.040071438585515e-001
 3.470000000000000e+000,-4.597406303375984e-001, 1.533661090232696e-001,-3.492022966941734e-001,-2.353642882443041e-001,-1.835358554201043e-002, 1.492239396103149e-001, 8.517858710211582e-001, 5.946299251190723e-001, 2.184830143622358e-001, 3.007563943547473e-001
 3.480000000000000e+000,-4.590784975980951e-001, 1.509198985779865e-001,-3.492131882953588e-001,-2.420438782276315e-001,-1.752039906262388e-002, 1.418522806671913e-001, 8.311899502934514e-001, 5.930780475342710e-001, 2.127443467512369e-001, 2.972053203931202e-001
 3.490000000000000e+000,-4.583688672106724e-001, 1.489455857281863e-001,-3.492237810712630e-001,-2.479288787567220e-001,-1.680474225245845e-002, 1.355049413736764e-001, 8.120298817100279e-001, 5.916755494716272e-001, 2.061967554359441e-001, 2.935131614444706e-001
 3.500000000000000e+000,-4.576763114950503e-001, 1.473147965435275e-001,-3.492341612113488e-001,-2.531237789022480e-001,-1.611523825620830e-002, 1.299902210776643e-001, 7.942938397429139e-001, 5.904732681345534e-001, 1.992223606011441e-001, 2.897023238972739e-001
