Main.Studies.MarkerTracking.t,Main.Studies.MarkerTracking.JointAngleOutputs.OutputFile_RightArm.SternoClavicularProtraction,Main.Studies.MarkerTracking.JointAngleOutputs.OutputFile_RightArm.SternoClavicularElevation,Main.Studies.MarkerTracking.JointAngleOutputs.OutputFile_RightArm.SternoClavicularAxialRotation,Main.Studies.MarkerTracking.JointAngleOutputs.OutputFile_RightArm.AcromioClavicularProtraction,Main.Studies.MarkerTracking.JointAngleOutputs.OutputFile_RightArm.AcromioClavicularMedialRotation,Main.Studies.MarkerTracking.JointAngleOutputs.OutputFile_RightArm.AcromioClavicularPosteriorTilt,Main.Studies.MarkerTracking.JointAngleOutputs.OutputFile_RightArm.GlenohumeralFlexion,Main.Studies.MarkerTracking.JointAngleOutputs.OutputFile_RightArm.GlenohumeralExternalRotation,Main.Studies.MarkerTracking.JointAngleOutputs.OutputFile_RightArm.GlenohumeralAbduction,Main.Studies.MarkerTracking.JointAngleOutputs.OutputFile_RightArm.ElbowFlexion,Main.Studies.MarkerTracking.JointAngleOutputs.OutputFile_RightArm.ElbowPronation,Main.Studies.MarkerTracking.JointAngleOutputs.OutputFile_RightArm.WristFlexion,Main.Studies.MarkerTracking.JointAngleOutputs.OutputFile_RightArm.WristAbduction
 1.540000000000000e+000,-3.951849386987673e-001, 8.461491757677364e-002,-3.493591720597538e-001, 6.146141262951099e-001,-4.281094969786974e-001, 2.761687139641172e-001,-3.273069177284280e-001, 7.762128023086498e-002, 1.258255756259598e-001, 5.414509150696214e-001, 5.275189387408461e-001, 2.543674478865183e-001, 2.474480341069066e-001
 1.550000000000000e+000,-3.957450734849813e-001, 8.361043201610374e-002,-3.493571419811364e-001, 6.147816948685835e-001,-4.279576404490992e-001, 2.755511765186515e-001,-3.251424107114693e-001, 7.925699067526529e-002, 1.264181037127954e-001, 5.361878989827846e-001, 5.267921493931967e-001, 2.597751204634515e-001, 2.458099217729239e-001
 1.560000000000000e+000,-3.962216694526918e-001, 8.284165553736922e-002,-3.493552107627266e-001, 6.149024278908702e-001,-4.278435617419583e-001, 2.750837171166647e-001,-3.228594922374182e-001, 8.083357098664783e-002, 1.271945917689130e-001, 5.306968933084405e-001, 5.262503307303278e-001, 2.652386250248924e-001, 2.441447757892281e-001
 1.570000000000000e+000,-3.965330978068760e-001, 8.235575063432821e-002,-3.493532535321941e-001, 6.149773840537434e-001,-4.277717920247102e-001, 2.747889832992501e-001,-3.203571315665741e-001, 8.230959492373785e-002, 1.281917357748371e-001, 5.249140627490746e-001, 5.260579493878507e-001, 2.707521655234166e-001, 2.424404246544063e-001
 1.580000000000000e+000,-3.966096922449476e-001, 8.221242831509912e-002,-3.493511548227222e-001, 6.150024739642792e-001,-4.277496252144313e-001, 2.746993856860155e-001,-3.175443728555201e-001, 8.364543195448057e-002, 1.294276340977772e-001, 5.188269957154555e-001, 5.263758553110719e-001, 2.762873190094763e-001, 2.406913393416099e-001
 1.590000000000000e+000,-3.964249373199684e-001, 8.246602467522712e-002,-3.493488400672580e-001, 6.149680507574138e-001,-4.277853933127405e-001, 2.748484010976062e-001,-3.143576079136756e-001, 8.482486429232648e-002, 1.308959970339438e-001, 5.124581534221024e-001, 5.272908905011866e-001, 2.818286143871767e-001, 2.389016323359147e-001
 1.600000000000000e+000,-3.959659907141034e-001, 8.317366752644317e-002,-3.493462319169065e-001, 6.148616212830516e-001,-4.278885727752104e-001, 2.752731303580449e-001,-3.107234243352339e-001, 8.583978180577347e-002, 1.325774894837441e-001, 5.058364340036862e-001, 5.288583011573237e-001, 2.873761085442017e-001, 2.370831159006549e-001
 1.610000000000000e+000,-3.952413095799091e-001, 8.438857075443362e-002,-3.493432749939560e-001, 6.146683467566865e-001,-4.280689746973163e-001, 2.760108222442402e-001,-3.065767519853515e-001, 8.669113331567556e-002, 1.344297261200882e-001, 4.990185074731893e-001, 5.310841389866162e-001, 2.929328804556188e-001, 2.352567953332049e-001
 1.620000000000000e+000,-3.942811473233437e-001, 8.615098961129486e-002,-3.493399389288900e-001, 6.143732829398665e-001,-4.283351960323951e-001, 2.770931056727669e-001,-3.018745175889066e-001, 8.738208436285787e-002, 1.363822088985106e-001, 4.921105211301965e-001, 5.338983343776863e-001, 2.984970684299024e-001, 2.334331982258374e-001
 1.630000000000000e+000,-3.931298259274653e-001, 8.847920270445342e-002,-3.493362550839571e-001, 6.139649073902724e-001,-4.286926997974032e-001, 2.785393389332573e-001,-2.966020113079291e-001, 8.793668125183235e-002, 1.383439821659527e-001, 4.852539896908385e-001, 5.373034627883925e-001, 3.040330230959445e-001, 2.316562161561417e-001
 1.640000000000000e+000,-3.918483595595074e-001, 9.135558897481766e-002,-3.493322803247714e-001, 6.134382244226579e-001,-4.291414631265353e-001, 2.803474457185621e-001,-2.907944901377908e-001, 8.836469583936939e-002, 1.402038811424979e-001, 4.786763627471638e-001, 5.411780158979543e-001, 3.094741156515994e-001, 2.299384689658319e-001
 1.650000000000000e+000,-3.904966255517494e-001, 9.472734852111509e-002,-3.493281181790824e-001, 6.127973904895151e-001,-4.296752606902474e-001, 2.824921830607496e-001,-2.845291802412160e-001, 8.868035383026730e-002, 1.418545746159681e-001, 4.726476534768264e-001, 5.454568521673181e-001, 3.147011747547817e-001, 2.283328477378027e-001
 1.660000000000000e+000,-3.891325202722781e-001, 9.851052687739426e-002,-3.493238519614449e-001, 6.120547745104119e-001,-4.302822645512328e-001, 2.849270704607109e-001,-2.779297420997537e-001, 8.885976388013760e-002, 1.431986703105456e-001, 4.675070450096717e-001, 5.499173441188777e-001, 3.195700976838714e-001, 2.268551134331663e-001
 1.670000000000000e+000,-3.877979451290410e-001, 1.026113815849872e-001,-3.493195764934434e-001, 6.112277171601160e-001,-4.309481353155991e-001, 2.875967652633268e-001,-2.711323049164911e-001, 8.888250640866495e-002, 1.441744340457080e-001, 4.635688281827780e-001, 5.544872086779695e-001, 3.239025085434939e-001, 2.255775968748572e-001
 1.680000000000000e+000,-3.865258267022843e-001, 1.069428004844868e-001,-3.493153435396766e-001, 6.103332091072303e-001,-4.316592073381456e-001, 2.904485764485337e-001,-2.642746264868052e-001, 8.870389398853458e-002, 1.447555956470816e-001, 4.611255223700431e-001, 5.590701720876837e-001, 3.275113200888129e-001, 2.245682756012740e-001
 1.690000000000000e+000,-3.853401944186990e-001, 1.114406322622810e-001,-3.493111573376528e-001, 6.093837374038710e-001,-4.324053917043369e-001, 2.934437019360571e-001,-2.574749629055848e-001, 8.826742557721685e-002, 1.449582137930940e-001, 4.604078824704384e-001, 5.636041327592382e-001, 3.302074557985661e-001, 2.239075764442241e-001
 1.700000000000000e+000,-3.842612980663302e-001, 1.160686764639363e-001,-3.493069714095194e-001, 6.083852217909146e-001,-4.331813261376158e-001, 2.965616124242999e-001,-2.508199086665746e-001, 8.751274702201835e-002, 1.448400190570721e-001, 4.615653864567988e-001, 5.680737473256859e-001, 3.318170105383054e-001, 2.236783230144492e-001
 1.710000000000000e+000,-3.833114205530369e-001, 1.208129449079578e-001,-3.493026897220089e-001, 6.073375612648546e-001,-4.339856553584744e-001, 2.997972096272216e-001,-2.443570317484465e-001, 8.638295949162711e-002, 1.444930289183148e-001, 4.646566160544869e-001, 5.725122080652041e-001, 3.322048837971257e-001, 2.239513872474308e-001
 1.720000000000000e+000,-3.825191262002695e-001, 1.256694770371956e-001,-3.492981578635674e-001, 6.062370574419557e-001,-4.348190732642641e-001, 3.031531551317290e-001,-2.380950962823807e-001, 8.482163287583573e-002, 1.440294396692426e-001, 4.696576071043978e-001, 5.769389260580706e-001, 3.313002789688686e-001, 2.247700522920058e-001
 1.730000000000000e+000,-3.819120356883133e-001, 1.306354414531015e-001,-3.492932100762807e-001, 6.050798507274628e-001,-4.356824209184598e-001, 3.066329687768403e-001,-2.319972893430287e-001, 8.280530415922571e-002, 1.435761819372590e-001, 4.764304909564872e-001, 5.815342856139200e-001, 3.291075881751273e-001, 2.262197544742321e-001
 1.740000000000000e+000,-3.815252428351721e-001, 1.356927919536242e-001,-3.492876460308890e-001, 6.038646842722610e-001,-4.365741155981988e-001, 3.102302058240070e-001,-2.260105887153938e-001, 8.029861697771912e-002, 1.432494032116560e-001, 4.848071762360681e-001, 5.863386254534634e-001, 3.257311934626643e-001, 2.283361937696131e-001
 1.750000000000000e+000,-3.813881778644078e-001, 1.408053370395406e-001,-3.492813104982133e-001, 6.025957687057918e-001,-4.374890069622603e-001, 3.139244338216427e-001,-2.200657208185541e-001, 7.729415098611418e-002, 1.431532903173274e-001, 4.945733556588026e-001, 5.914787390759970e-001, 3.213352282601452e-001, 2.311672764095283e-001
 1.760000000000000e+000,-3.815161730052460e-001, 1.459202793751591e-001,-3.492740994786109e-001, 6.012837825453927e-001,-4.384182372471970e-001, 3.176807564773954e-001,-2.140881212134795e-001, 7.380825427400593e-002, 1.433688889351827e-001, 5.055083276324236e-001, 5.971097856821593e-001, 3.160895656041565e-001, 2.347427483294908e-001
 1.770000000000000e+000,-3.819039943406533e-001, 1.509789782210873e-001,-3.492659510317439e-001, 5.999442361503964e-001,-4.393508719256598e-001, 3.214563556398380e-001,-2.080020303649928e-001, 6.987690759481467e-002, 1.439472963164625e-001, 5.174109544769012e-001, 6.033589587365090e-001, 3.101233309824050e-001, 2.390529182735418e-001
 1.780000000000000e+000,-3.825297805443406e-001, 1.559293394207302e-001,-3.492568394556443e-001, 5.985937158407272e-001,-4.402763283450280e-001, 3.252098724499846e-001,-2.017362288451265e-001, 6.554761607521507e-002, 1.449086059219106e-001, 5.301159176597690e-001, 6.102578397107132e-001, 3.035115541023714e-001, 2.440422446427659e-001
 1.790000000000000e+000,-3.833633344262514e-001, 1.607352803102897e-001,-3.492467959951024e-001, 5.972461374425790e-001,-4.411865022010826e-001, 3.289096550775823e-001,-1.952290419605642e-001, 6.087929419646192e-002, 1.462488359688315e-001, 5.434864282498272e-001, 6.177669001771016e-001, 2.962959773208604e-001, 2.496370351752242e-001
 1.800000000000000e+000,-3.843811374198458e-001, 1.653741870647620e-001,-3.492358811835297e-001, 5.959109273437185e-001,-4.420760060831606e-001, 3.325341452600529e-001,-1.884470062632417e-001, 5.591655823361891e-002, 1.479407025873777e-001, 5.574492052030743e-001, 6.256617391602197e-001, 2.885347849223068e-001, 2.556667686866969e-001
 1.810000000000000e+000,-3.855600386511790e-001, 1.698482581410516e-001,-3.492242451938091e-001, 5.945911886503611e-001,-4.429440050356341e-001, 3.360802309669224e-001,-1.813654022567999e-001, 5.071880814919060e-002, 1.499486725699955e-001, 5.719376037546236e-001, 6.337856969443944e-001, 2.803132561277852e-001, 2.619312078321888e-001
 1.820000000000000e+000,-3.868816672063570e-001, 1.741749296343427e-001,-3.492120667622038e-001, 5.932854100554718e-001,-4.437926924173490e-001, 3.395571121928063e-001,-1.739826014351573e-001, 4.532873251087861e-002, 1.522235293805699e-001, 5.869406405772188e-001, 6.418551205448082e-001, 2.717398277546670e-001, 2.681069296032207e-001
 1.830000000000000e+000,-3.883224896817873e-001, 1.783815427535471e-001,-3.491995546034161e-001, 5.919904504341319e-001,-4.446259004222333e-001, 3.429813064474382e-001,-1.663125647191521e-001, 3.978619479317425e-002, 1.547094330188031e-001, 6.024662241532509e-001, 6.495598638150242e-001, 2.629229206366492e-001, 2.738612413849202e-001
 1.840000000000000e+000,-3.898486570263008e-001, 1.824958234152585e-001,-3.491869357276363e-001, 5.907047871999896e-001,-4.454471422426318e-001, 3.463687522749049e-001,-1.583823373190951e-001, 3.413670209641397e-002, 1.573511950789815e-001, 6.185094466590381e-001, 6.566529607826631e-001, 2.539699835250799e-001, 2.789668048242974e-001
 1.850000000000000e+000,-3.914176689647930e-001, 1.865377929519199e-001,-3.491744282988746e-001, 5.894302793289558e-001,-4.462581954145779e-001, 3.497285984926765e-001,-1.502320385631266e-001, 2.843234250880693e-002, 1.601006169987288e-001, 6.350418535431495e-001, 6.629989174130977e-001, 2.449904162485121e-001, 2.833426341968060e-001
 1.860000000000000e+000,-3.929836999903030e-001, 1.905156455115022e-001,-3.491622057464532e-001, 5.881723308736943e-001,-4.470585558559952e-001, 3.530603828521567e-001,-1.419136804902108e-001, 2.272721517863589e-002, 1.629193805037250e-001, 6.520174444886221e-001, 6.685671542282361e-001, 2.360867854028912e-001, 2.870268382580860e-001
 1.870000000000000e+000,-3.945041762980642e-001, 1.944269434492365e-001,-3.491503769541908e-001, 5.869385075234784e-001,-4.478459188183583e-001, 3.563555399597834e-001,-1.334841202562167e-001, 1.707232110751496e-002, 1.657787737182773e-001, 6.693750406318535e-001, 6.734101262387605e-001, 2.273457152095859e-001, 2.901399062708372e-001
 1.880000000000000e+000,-3.959480110107152e-001, 1.982632843194017e-001,-3.491389881660205e-001, 5.857360019172127e-001,-4.486173745641691e-001, 3.596020218994218e-001,-1.249962251711418e-001, 1.151184746736318e-002, 1.686579700270643e-001, 6.870378167553227e-001, 6.776346132484673e-001, 2.188326772118314e-001, 2.928575025583128e-001
 1.890000000000000e+000,-3.973005099534001e-001, 2.020160221111329e-001,-3.491280382507944e-001, 5.845693807403369e-001,-4.493706629500043e-001, 3.627895228871945e-001,-1.164955623974413e-001, 6.079824112066512e-003, 1.715428079769803e-001, 7.049215831568468e-001, 6.813627571129139e-001, 2.105855587079595e-001, 2.953749239964202e-001
 1.900000000000000e+000,-3.985672758256554e-001, 2.056772721528939e-001,-3.491174850112458e-001, 5.834396886068820e-001,-4.501045148015272e-001, 3.659109473991610e-001,-1.080231869219250e-001, 8.010631514621803e-004, 1.744259581299532e-001, 7.229477868271905e-001, 6.847064086517724e-001, 2.026224319422845e-001, 2.978671827557246e-001
 1.910000000000000e+000,-3.997678247375914e-001, 2.092427819738405e-001,-3.491072642021830e-001, 5.823447724375955e-001,-4.508189084684025e-001, 3.689640087061391e-001,-9.961666082555332e-002,-4.308831249237616e-003, 1.773082269691982e-001, 7.410465261649127e-001, 6.877767428071397e-001, 1.949567032656909e-001, 3.004698959214298e-001
 1.920000000000000e+000,-4.009289738265412e-001, 2.127149123925227e-001,-3.490973046081882e-001, 5.812796134312381e-001,-4.515153495421691e-001, 3.719529073888309e-001,-9.131174416262322e-002,-9.242441584172270e-003, 1.801989851181261e-001, 7.591572746235605e-001, 6.906879594001876e-001, 1.876060316461170e-001, 3.032681430082047e-001
 1.930000000000000e+000,-4.020780015088561e-001, 2.161054953875905e-001,-3.490875440748580e-001, 5.802367252463162e-001,-4.521971293781235e-001, 3.748898982610102e-001,-8.314534996914924e-002,-1.400009038892919e-002, 1.831151756934162e-001, 7.772296297278226e-001, 6.935406525806834e-001, 1.805891538540856e-001, 3.062927276228908e-001
 1.940000000000000e+000,-4.032366816231723e-001, 2.194343254161881e-001,-3.490779449537924e-001, 5.792075101684273e-001,-4.528688102731131e-001, 3.777933905449313e-001,-7.515744232920607e-002,-1.858959326337841e-002, 1.860783553257936e-001, 7.952220974625006e-001, 6.963949429571770e-001, 1.739201701659248e-001, 3.095289330988676e-001
 1.950000000000000e+000,-4.044159143278947e-001, 2.227226535395326e-001,-3.490685031446307e-001, 5.781847827650164e-001,-4.535347944805681e-001, 3.806818951083851e-001,-6.738978892991843e-002,-2.302646025834090e-002, 1.891099853278521e-001, 8.130991394059398e-001, 6.992491183282223e-001, 1.676045200627423e-001, 3.129319905578379e-001
 1.960000000000000e+000,-4.056107205859330e-001, 2.259854980234988e-001,-3.490592444760331e-001, 5.771655402708382e-001,-4.541976729970041e-001, 3.835668300117762e-001,-5.988261109467263e-002,-2.733366647944372e-002, 1.922265616453636e-001, 8.308287845228067e-001, 7.020389787539464e-001, 1.616331947594554e-001, 3.164376412622219e-001
 1.970000000000000e+000,-4.067979056575749e-001, 2.292265436042764e-001,-3.490502134733502e-001, 5.761526444723050e-001,-4.548571607487983e-001, 3.864476645349394e-001,-5.267119344127447e-002,-3.153933820006520e-002, 1.954360207181221e-001, 8.483819589268301e-001, 7.046552385337692e-001, 1.559705698070366e-001, 3.199622936289285e-001
 1.980000000000000e+000,-4.079387527068403e-001, 2.324367536827399e-001,-3.490414624696430e-001, 5.751547376161019e-001,-4.555099343785574e-001, 3.893108013393442e-001,-4.578340226212241e-002,-3.567264621920672e-002, 1.987363548630070e-001, 8.657292127798347e-001, 7.069704479657165e-001, 1.505461389215623e-001, 3.234080901296134e-001
 1.990000000000000e+000,-4.089860805581527e-001, 2.355958265488023e-001,-3.490330421108900e-001, 5.741847206881089e-001,-4.561501849597305e-001, 3.921315117357007e-001,-3.923947169249487e-002,-3.976015272528655e-002, 2.021172756493457e-001, 8.828307008427410e-001, 7.088771604513670e-001, 1.452699816033456e-001, 3.266924050741096e-001
 2.000000000000000e+000,-4.098960958250711e-001, 2.386753096523373e-001,-3.490249963932539e-001, 5.732570199734067e-001,-4.567706828336666e-001, 3.948781064906817e-001,-3.305592808480529e-002,-4.382273620259024e-002, 2.055641382287807e-001, 8.996269435642879e-001, 7.103213791431625e-001, 1.400660802609857e-001, 3.297802375141478e-001
 2.010000000000000e+000,-4.106274445654749e-001, 2.416455870889922e-001,-3.490173611776180e-001, 5.723859832515330e-001,-4.573640483327015e-001, 3.975176572205219e-001,-2.724820299773567e-002,-4.788039801383113e-002, 2.090591120442091e-001, 9.160385817802814e-001, 7.113145882861275e-001, 1.348809502703154e-001, 3.326810326364050e-001
 2.020000000000000e+000,-4.111573275743672e-001, 2.444824019055027e-001,-3.490101656080663e-001, 5.715815670630574e-001,-4.579246566876132e-001, 4.000241068352510e-001,-2.183623247123712e-002,-5.194580264155482e-002, 2.125826758821545e-001, 9.319764652501409e-001, 7.119052512962751e-001, 1.296730814717308e-001, 3.354074270281977e-001
 2.030000000000000e+000,-4.114750579932038e-001, 2.471768458318349e-001,-3.490034331408072e-001, 5.708478618500884e-001,-4.584502795524770e-001, 4.023861450378052e-001,-1.684335034308804e-002,-5.602653494618570e-002, 2.161109459810403e-001, 9.473452727131279e-001, 7.121703262151515e-001, 1.243912098313871e-001, 3.379535103173090e-001
 2.040000000000000e+000,-4.115844444712643e-001, 2.497429405584732e-001,-3.489971853593669e-001, 5.701807600456796e-001,-4.589436539749485e-001, 4.046144953021078e-001,-1.229805904757075e-002,-6.012184951592863e-002, 2.196146479007942e-001, 9.620409967253906e-001, 7.122176998672020e-001, 1.189853142552557e-001, 3.403044362826941e-001
 2.050000000000000e+000,-4.115003832844499e-001, 2.522206783074477e-001,-3.489914406530227e-001, 5.695677308784033e-001,-4.594129547324350e-001, 4.067444417741890e-001,-8.236571227732803e-003,-6.422387930623556e-002, 2.230584330479857e-001, 9.759473787983026e-001, 7.121946650075850e-001, 1.134361900888297e-001, 3.424586456512218e-001
 2.060000000000000e+000,-4.112543416364750e-001, 2.546679506823593e-001,-3.489862134367125e-001, 5.689889427484569e-001,-4.598705104043246e-001, 4.088300346204117e-001,-4.707243255741789e-003,-6.831405168912029e-002, 2.264013781849095e-001, 9.889402980012323e-001, 7.122673003666201e-001, 1.077742666506152e-001, 3.444349614075438e-001
 2.070000000000000e+000,-4.108784315359293e-001, 2.571423912788644e-001,-3.489815138468178e-001, 5.684244982234734e-001,-4.603286861594642e-001, 4.109259866132716e-001,-1.766019514139794e-003,-7.237051739191158e-002, 2.295925040199211e-001, 1.000894063040749e+000, 7.125901573076999e-001, 1.020541600805860e-001, 3.462729932624376e-001
 2.080000000000000e+000,-4.104102688210892e-001, 2.596710024308890e-001,-3.489773458581068e-001, 5.678613394166754e-001,-4.607942507281915e-001, 4.130617915925323e-001, 5.275020665729269e-004,-7.636360144697911e-002, 2.325695982099695e-001, 1.011686459333259e+000, 7.132648673153207e-001, 9.633825663037676e-002, 3.480310262168098e-001
 2.090000000000000e+000,-4.098895755281048e-001, 2.622158271440191e-001,-3.489737039186745e-001, 5.673025383658243e-001,-4.612615872347592e-001, 4.152105969617734e-001, 2.120159210895922e-003,-8.025637776322202e-002, 2.352571787280565e-001, 1.021198837866090e+000, 7.143268215286585e-001, 9.069838448852319e-002, 3.497844957704105e-001
 2.100000000000000e+000,-4.093571578879154e-001, 2.646486602355735e-001,-3.489705751245779e-001, 5.667739111200587e-001,-4.617076816626906e-001, 4.172658368715171e-001, 2.976088410279854e-003,-8.400400745902918e-002, 2.375662341996697e-001, 1.029317466292025e+000, 7.157497868941866e-001, 8.522827820034928e-002, 3.516084916567180e-001
 2.110000000000000e+000,-4.088527911950167e-001, 2.667552686152062e-001,-3.489679479940743e-001, 5.663233220417260e-001,-4.620927306564389e-001, 4.190434978818791e-001, 3.081794859307374e-003,-8.755412831395297e-002, 2.393974643857318e-001, 1.035937305398681e+000, 7.174624865506235e-001, 8.004552621066252e-002, 3.535521451689752e-001
 2.120000000000000e+000,-4.084122966227724e-001, 2.682773352695473e-001,-3.489658261420812e-001, 5.660105198333173e-001,-4.623680679229247e-001, 4.203182721722648e-001, 2.439884566658668e-003,-9.084955133623032e-002, 2.406481153002637e-001, 1.040964650304883e+000, 7.193702899721562e-001, 7.527914509324263e-002, 3.556274615460084e-001
 2.130000000000000e+000,-4.080657472642582e-001, 2.689732121410140e-001,-3.489642414217546e-001, 5.658919672182784e-001,-4.624879232182677e-001, 4.208779749811970e-001, 1.055105410140644e-003,-9.383224906125193e-002, 2.412195632775102e-001, 1.044316721084585e+000, 7.213790755321552e-001, 7.105276958586160e-002, 3.578166693250436e-001
 2.140000000000000e+000,-4.078378386659311e-001, 2.686666152714343e-001,-3.489632599997283e-001, 5.660083459735762e-001,-4.624190611593253e-001, 4.205687412783785e-001,-1.077892899661093e-003,-9.644660078157799e-002, 2.410234496353330e-001, 1.045920004318788e+000, 7.234153682693763e-001, 6.747562003519092e-002, 3.600850738202336e-001
 2.150000000000000e+000,-4.077493308133197e-001, 2.672691308626605e-001,-3.489629766917912e-001, 5.663785518972837e-001,-4.621453950900827e-001, 4.193170842368887e-001,-3.977968144141419e-003,-9.864161572327997e-002, 2.399862929982639e-001, 1.045707775296604e+000, 7.254320441103863e-001, 6.464294053620900e-002, 3.623918249677182e-001
 2.160000000000000e+000,-4.078171863691276e-001, 2.647819592480620e-001,-3.489634961683574e-001, 5.669992343393547e-001,-4.616684134709987e-001, 4.171321820528918e-001,-7.669722759299669e-003,-1.003723149641638e-001, 2.380529114936124e-001, 1.043615316350979e+000, 7.274045294123197e-001, 6.263845391886758e-002, 3.646983954458797e-001
 2.170000000000000e+000,-4.080528542143758e-001, 2.612861050138946e-001,-3.489649074321785e-001, 5.678476372704135e-001,-4.610051396122010e-001, 4.140961469028228e-001,-1.216816739297122e-002,-1.015993072482124e-001, 2.351889404688020e-001, 1.039574748316248e+000, 7.293294590904205e-001, 6.153538987817031e-002, 3.669738041229868e-001
 2.180000000000000e+000,-4.084598910761884e-001, 2.569268949191914e-001,-3.489672643611301e-001, 5.688860200554807e-001,-4.601848432355986e-001, 4.103480141117782e-001,-1.746341818725306e-002,-1.022872027519138e-001, 2.313834035614889e-001, 1.033514836053874e+000, 7.312196378442470e-001, 6.139464353065693e-002, 3.691927895516467e-001
 2.190000000000000e+000,-4.090292392696907e-001, 2.518974721963851e-001,-3.489705793659908e-001, 5.700667155306125e-001,-4.592453980012465e-001, 4.060659542099383e-001,-2.350904076340399e-002,-1.024050266130969e-001, 2.266515267479815e-001, 1.025367957538713e+000, 7.330926568667006e-001, 6.225205268968326e-002, 3.713241202227604e-001
 2.200000000000000e+000,-4.097290257489829e-001, 2.464254777920492e-001,-3.489748249808794e-001, 5.713372397505583e-001,-4.582300304798326e-001, 4.014515820908239e-001,-3.021513147206267e-002,-1.019309240748868e-001, 2.210375517543614e-001, 1.015082045076561e+000, 7.349683973413800e-001, 6.409493940904598e-002, 3.733148129400649e-001
 2.210000000000000e+000,-4.104932134054944e-001, 2.407613578990520e-001,-3.489799371357763e-001, 5.726451060775584e-001,-4.571843898711920e-001, 3.967161911223650e-001,-3.745220613868905e-002,-1.008601213482672e-001, 2.146193944664698e-001, 1.002636598938134e+000, 7.368748794150303e-001, 6.684289098307295e-002, 3.750835800380955e-001
 2.220000000000000e+000,-4.112224596250729e-001, 2.351589877574356e-001,-3.489858202753354e-001, 5.739425042775473e-001,-4.561527637776117e-001, 3.920633266375543e-001,-4.506716666018096e-002,-9.921214974556010e-002, 2.075147496645028e-001, 9.880618430310648e-001, 7.388434362958034e-001, 7.034053422074504e-002, 3.765266128388725e-001
 2.230000000000000e+000,-4.118041354595255e-001, 2.298442326714973e-001,-3.489923530652033e-001, 5.751908690659718e-001,-4.551729541787579e-001, 3.876653432759270e-001,-5.289958398853756e-002,-9.703415620965522e-002, 1.998815383960261e-001, 9.714548142029639e-001, 7.408910464924825e-001, 7.435702855605442e-002, 3.775266919514438e-001
 2.240000000000000e+000,-4.121399558882895e-001, 2.249817613094824e-001,-3.489993949750879e-001, 5.763646987765071e-001,-4.542713125598139e-001, 3.836410072254740e-001,-6.079037345190419e-002,-9.439970467025960e-002, 1.919066422176779e-001, 9.529860132908224e-001, 7.430087596834986e-001, 7.859396275808739e-002, 3.779695907432794e-001
 2.250000000000000e+000,-4.121658138352727e-001, 2.206552362890304e-001,-3.490068025320260e-001, 5.774533369705343e-001,-4.534600916471201e-001, 3.800440689806360e-001,-6.858979945958499e-002,-9.140105593865638e-002, 1.837866667510076e-001, 9.328957695390937e-001, 7.451749856693394e-001, 8.271751302939778e-002, 3.777809362037224e-001
 2.260000000000000e+000,-4.118602159007700e-001, 2.168684718329843e-001,-3.490144559579234e-001, 5.784593432527366e-001,-4.527382777940852e-001, 3.768677015521876e-001,-7.617174466764265e-002,-8.813335516218654e-002, 1.757098913128369e-001, 9.114816338338488e-001, 7.473939135462689e-001, 8.641988259752398e-002, 3.769720453451232e-001
 2.270000000000000e+000,-4.112422528056956e-001, 2.135653002114832e-001,-3.490222813356516e-001, 5.793938303916645e-001,-4.520954208252239e-001, 3.740622567672736e-001,-8.344956020496630e-002,-8.467644099942080e-002, 1.678446015706832e-001, 8.890796542353376e-001, 7.497319549087923e-001, 8.948226039515284e-002, 3.756606835336537e-001
 2.280000000000000e+000,-4.103586629285325e-001, 2.106586447080576e-001,-3.490302561532775e-001, 5.802712296930040e-001,-4.515166257826579e-001, 3.715581188217471e-001,-9.038515139616554e-002,-8.108349864975468e-002, 1.603329563050554e-001, 8.660451878332951e-001, 7.523215968025004e-001, 9.180775925658669e-002, 3.740460852317928e-001
 2.290000000000000e+000,-4.092642617287383e-001, 2.080578526092705e-001,-3.490383965648768e-001, 5.811055653251204e-001,-4.509868525780689e-001, 3.692854259552947e-001,-9.698903017379523e-002,-7.738025217790945e-002, 1.532877314589149e-001, 8.427361641408925e-001, 7.553284177851647e-001, 9.342708009384459e-002, 3.723510479280601e-001
 2.300000000000000e+000,-4.080053777138438e-001, 2.056868361205040e-001,-3.490467337472413e-001, 5.819085645772363e-001,-4.504935713056513e-001, 3.671862671359339e-001,-1.033142350080518e-001,-7.357220967094579e-002, 1.467912702337806e-001, 8.194973657231431e-001, 7.588941095861168e-001, 9.449442213243464e-002, 3.707630011303043e-001
 2.310000000000000e+000,-4.066130264790146e-001, 2.034897953766781e-001,-3.490552942936677e-001, 5.826893255182304e-001,-4.500274915389282e-001, 3.652179854850303e-001,-1.094470644176220e-001,-6.965543374129443e-002, 1.408970801166833e-001, 7.966468983988164e-001, 7.630737182672693e-001, 9.527172629425484e-002, 3.693938613019748e-001
 2.320000000000000e+000,-4.051050275127309e-001, 2.014264364073113e-001,-3.490640958932098e-001, 5.834551813710155e-001,-4.495817182047794e-001, 3.633492603617180e-001,-1.154959888608331e-001,-6.562666283240798e-002, 1.356336265757508e-001, 7.744687467045701e-001, 7.677910092169000e-001, 9.609178193269119e-002, 3.682603074265224e-001
 2.330000000000000e+000,-4.034928696079825e-001, 1.994635566257592e-001,-3.490731571994107e-001, 5.842127018591524e-001,-4.491504509784918e-001, 3.615540612392547e-001,-1.215797397067879e-001,-6.149024383542528e-002, 1.310096106302699e-001, 7.532110344095427e-001, 7.728265436751599e-001, 9.730313271476043e-002, 3.672845823333642e-001
 2.340000000000000e+000,-4.017900658719079e-001, 1.975687844268150e-001,-3.490825101360663e-001, 5.849679001341211e-001,-4.487281651329456e-001, 3.598076757830023e-001,-1.278156921088229e-001,-5.726155819614809e-002, 1.270196004851865e-001, 7.330848371775037e-001, 7.778350023936773e-001, 9.920709599823074e-002, 3.663189790929320e-001
 2.350000000000000e+000,-4.000210632097218e-001, 1.957065966300950e-001,-3.490922047104975e-001, 5.857257673232174e-001,-4.483092519340979e-001, 3.580847140580517e-001,-1.343102902363482e-001,-5.296686413449558e-002, 1.236483010766580e-001, 7.142602761173440e-001, 7.823832071374177e-001, 1.020031647155866e-001, 3.651914106414987e-001
 2.360000000000000e+000,-3.982168689137530e-001, 1.938369987182895e-001,-3.491023015381615e-001, 5.864913165972943e-001,-4.478875943669665e-001, 3.563574633593702e-001,-1.411510340340165e-001,-4.864438191513257e-002, 1.208722888453713e-001, 6.968607454397940e-001, 7.860170642276753e-001, 1.057559357304241e-001, 3.637548354320747e-001
 2.370000000000000e+000,-3.964228693391130e-001, 1.919154810320460e-001,-3.491128703231288e-001, 5.872682974026464e-001,-4.474569026866462e-001, 3.545969531467589e-001,-1.484049278279600e-001,-4.433561946920468e-002, 1.186611950679080e-001, 6.809614344243856e-001, 7.883294684889051e-001, 1.104029100637252e-001, 3.619096562838792e-001
 2.380000000000000e+000,-3.946836763775256e-001, 1.898996074509940e-001,-3.491239700371021e-001, 5.880600286735149e-001,-4.470112911713291e-001, 3.527761349718128e-001,-1.561132013132895e-001,-4.008502602791084e-002, 1.169774878007113e-001, 6.665839971695844e-001, 7.890343972629561e-001, 1.157763958368059e-001, 3.596092182434969e-001
 2.390000000000000e+000,-3.930404085631167e-001, 1.877541617291609e-001,-3.491356311628474e-001, 5.888685621227048e-001,-4.465461078081294e-001, 3.508735445831428e-001,-1.642871971010369e-001,-3.593484011362320e-002, 1.157777696052326e-001, 6.536919002942874e-001, 7.880122152230451e-001, 1.216421117995936e-001, 3.568620105641360e-001
 2.400000000000000e+000,-3.915294478932842e-001, 1.854528947764409e-001,-3.491478409339236e-001, 5.896944648271768e-001,-4.460581937209616e-001, 3.488744204199075e-001,-1.729050520650803e-001,-3.192061561682980e-002, 1.150149402502094e-001, 6.421900930864422e-001, 7.853322060629177e-001, 1.277397259947073e-001, 3.537340055952161e-001
 2.410000000000000e+000,-3.901807939223993e-001, 1.829794457494152e-001,-3.491605293554196e-001, 5.905368787409500e-001,-4.455459688561545e-001, 3.467710898455458e-001,-1.819115601782593e-001,-2.806984517159877e-002, 1.146396918373111e-001, 6.319315292318540e-001, 7.812351241951947e-001, 1.338195600661809e-001, 3.503380389862689e-001
 2.420000000000000e+000,-3.890289627898106e-001, 1.803274505609338e-001,-3.491735761322965e-001, 5.913917032650172e-001,-4.450099147084550e-001, 3.445643667567724e-001,-1.912254776696507e-001,-2.439987395226299e-002, 1.146003840846991e-001, 6.227342694013549e-001, 7.760613128991359e-001, 1.396726192836482e-001, 3.467981368887745e-001
 2.430000000000000e+000,-3.880979705422552e-001, 1.775059923569780e-001,-3.491867966094604e-001, 5.922527194583668e-001,-4.444529065919849e-001, 3.422656005555519e-001,-2.007433124665177e-001,-2.092549779942619e-002, 1.148429278623891e-001, 6.143983464406403e-001, 7.701937939025582e-001, 1.451360628508411e-001, 3.432100093191278e-001
 2.440000000000000e+000,-3.874094591460160e-001, 1.745380005668344e-001,-3.491999747116925e-001, 5.931106486451381e-001,-4.438802531861841e-001, 3.398962795370608e-001,-2.103491815897467e-001,-1.765208974972734e-002, 1.153113458834257e-001, 6.067196608010632e-001, 7.640230624423445e-001, 1.501110843561895e-001, 3.396279819127121e-001
 2.450000000000000e+000,-3.869739285035702e-001, 1.714581595461524e-001,-3.492128875854152e-001, 5.939551245120370e-001,-4.432989077780691e-001, 3.374850521140611e-001,-2.199203210296137e-001,-1.457211228350774e-002, 1.159487496466403e-001, 5.994905038645504e-001, 7.579440097556931e-001, 1.545767492853565e-001, 3.360966649225701e-001
 2.460000000000000e+000,-3.867864901684435e-001, 1.683092804406774e-001,-3.492253299753359e-001, 5.947762971789961e-001,-4.427165951713348e-001, 3.350642514027230e-001,-2.293349393669968e-001,-1.166601921082083e-002, 1.166979603712316e-001, 5.925062602072837e-001, 7.523182191876611e-001, 1.585895352940023e-001, 3.326706447276406e-001
 2.470000000000000e+000,-3.868274885817561e-001, 1.651391101747908e-001,-3.492371308307065e-001, 5.955655157963022e-001,-4.421412380745819e-001, 3.326674854400121e-001,-2.384817876024186e-001,-8.907095093810271e-003, 1.175029390470044e-001, 5.855808556520602e-001, 7.474168961934512e-001, 1.622656431316421e-001, 3.294084103087583e-001
 2.480000000000000e+000,-3.870656828413219e-001, 1.619965739885461e-001,-3.492481676254284e-001, 5.963157264304732e-001,-4.415804028572539e-001, 3.303272100724156e-001,-2.472678798522092e-001,-6.264108773910199e-003, 1.183115584649237e-001, 5.785602564159552e-001, 7.433909561067358e-001, 1.657511691505373e-001, 3.263690728584063e-001
 2.490000000000000e+000,-3.874619561979365e-001, 1.589268466954423e-001,-3.492583785837811e-001, 5.970220800343431e-001,-4.410405670891375e-001, 3.280715678797906e-001,-2.556235238350229e-001,-3.703449889489976e-003, 1.190786083686736e-001, 5.713332144184071e-001, 7.402715713001250e-001, 1.691850622072033e-001, 3.236067399688943e-001
 2.500000000000000e+000,-3.879725691778710e-001, 1.559668159098449e-001,-3.492677650602863e-001, 5.976825263236054e-001,-4.405264490624830e-001, 3.259215463353211e-001,-2.635060950939603e-001,-1.194329856859726e-003, 1.197679810194685e-001, 5.638407040635893e-001, 7.379874078216667e-001, 1.726711098845599e-001, 3.211433073316026e-001
 2.510000000000000e+000,-3.885510790523667e-001, 1.531417386447027e-001,-3.492763808335466e-001, 5.982983389255103e-001,-4.400405019473155e-001, 3.238889156291480e-001,-2.709014606243341e-001, 1.285992690990035e-003, 1.203531489646803e-001, 5.560789977736143e-001, 7.363945739146396e-001, 1.762681608446510e-001, 3.189384431771850e-001
 2.520000000000000e+000,-3.891512156950425e-001, 1.504619491665165e-001,-3.492843121726447e-001, 5.988744818536731e-001,-4.395824622153335e-001, 3.219743427552238e-001,-2.778209353194785e-001, 3.750667108018518e-003, 1.208157812392381e-001, 5.480941277977109e-001, 7.353127716283252e-001, 1.799909254152334e-001, 3.168958557299141e-001
 2.530000000000000e+000,-3.897328141102762e-001, 1.479199397109312e-001,-3.492916548095326e-001, 5.994193898449750e-001,-4.391491019793286e-001, 3.201661575786596e-001,-2.842953103374699e-001, 6.203549373794789e-003, 1.211434928770686e-001, 5.399714708608380e-001, 7.345530319365007e-001, 1.838150547854507e-001, 3.149073966141411e-001
 2.540000000000000e+000,-3.902686356498251e-001, 1.454899630574047e-001,-3.492984974317262e-001, 5.999439723807181e-001,-4.387344776501974e-001, 3.184410715657957e-001,-2.903694956884111e-001, 8.639056772870579e-003, 1.213276452301616e-001, 5.318244797844927e-001, 7.339262840998224e-001, 1.876850154201348e-001, 3.128980229008730e-001
 2.550000000000000e+000,-3.907486026303151e-001, 1.431312014799269e-001,-3.493049176987149e-001, 6.004601405529784e-001,-4.383307072938170e-001, 3.167671644868171e-001,-2.960978312697082e-001, 1.104329963697751e-002, 1.213618446613757e-001, 5.237838152619522e-001, 7.332490809171459e-001, 1.915235690863228e-001, 3.108417274094634e-001
 2.560000000000000e+000,-3.911800847834465e-001, 1.407935054662217e-001,-3.493109841604017e-001, 6.009793269541552e-001,-4.379290322556044e-001, 3.151082158034472e-001,-3.015381170486953e-001, 1.339792573533839e-002, 1.212416689310535e-001, 5.159871826827351e-001, 7.323696464570666e-001, 1.952443605289684e-001, 3.087487684338615e-001
 2.570000000000000e+000,-3.915856701502111e-001, 1.384238564142850e-001,-3.493167545475613e-001, 6.015112296800883e-001,-4.375208909509032e-001, 3.134281931020311e-001,-3.067455516945803e-001, 1.568435401092155e-002, 1.209651204635520e-001, 5.085710288660538e-001, 7.311945181920634e-001, 1.987655617238242e-001, 3.066465614221161e-001
 2.580000000000000e+000,-3.919998924148824e-001, 1.359727176495502e-001,-3.493222711717566e-001, 6.020627506245404e-001,-4.370989201542790e-001, 3.116954708667424e-001,-3.117696913233292e-001, 1.788560469360680e-002, 1.205327375764046e-001, 5.016650989201755e-001, 7.296807039127963e-001, 2.020190454523245e-001, 3.045663645991810e-001
 2.590000000000000e+000,-3.924639515831390e-001, 1.334000492875065e-001,-3.493275602883555e-001, 6.026373412657490e-001,-4.366578018266583e-001, 3.098865067254005e-001,-3.166545864456682e-001, 1.998634299746090e-002, 1.199476470719723e-001, 4.953890401700420e-001, 7.278060389668631e-001, 2.049538062237930e-001, 3.025329814690851e-001
 2.600000000000000e+000,-3.930181892724906e-001, 1.306802176164117e-001,-3.493326349193405e-001, 6.032349892019198e-001,-4.361948049033073e-001, 3.079883881817550e-001,-3.214389026095550e-001, 2.197297259273258e-002, 1.192166722183452e-001, 4.898486121119945e-001, 7.255543105667276e-001, 2.075362689233140e-001, 3.005589051067067e-001
 2.610000000000000e+000,-3.936944168849240e-001, 1.278055351185869e-001,-3.493374939666086e-001, 6.038525691866624e-001,-4.357100652163757e-001, 3.060003105485847e-001,-3.261531845810648e-001, 2.383366721732094e-002, 1.183517934720965e-001, 4.851296735299999e-001, 7.229180930227438e-001, 2.097522346436114e-001, 2.986442308996969e-001
 2.620000000000000e+000,-3.945102232668157e-001, 1.247881135302018e-001,-3.493421183824071e-001, 6.044842889192037e-001,-4.352066416679083e-001, 3.039340200871410e-001,-3.308152696129614e-001, 2.555811898858732e-002, 1.173702784138508e-001, 4.812914169541365e-001, 7.198996762206719e-001, 2.116104408966635e-001, 2.967832834325839e-001
 2.630000000000000e+000,-3.954677758364337e-001, 1.216582542013898e-001,-3.493464741834431e-001, 6.051222676262820e-001,-4.346901477704321e-001, 3.018122749869138e-001,-3.354287745267830e-001, 2.713748499222958e-002, 1.162938288759515e-001, 4.783626007304260e-001, 7.165062301952652e-001, 2.131395593141370e-001, 2.949779509558093e-001
 2.640000000000000e+000,-3.965579060981445e-001, 1.184586962391392e-001,-3.493505258276144e-001, 6.057572985129291e-001,-4.341678812684187e-001, 2.996649945837561e-001,-3.399871227371614e-001, 2.856458790453724e-002, 1.151477738848267e-001, 4.763422731469146e-001, 7.127494014382713e-001, 2.143763040802618e-001, 2.932454718813923e-001
 2.650000000000000e+000,-3.977655313636025e-001, 1.152376598452782e-001,-3.493542523836252e-001, 6.063797055794938e-001,-4.336478087549045e-001, 2.975248004224213e-001,-3.444790500451584e-001, 2.983447444048812e-002, 1.139594804164526e-001, 4.752024757691758e-001, 7.086509446372381e-001, 2.153551811671062e-001, 2.916136987764759e-001
 2.660000000000000e+000,-3.990731606596427e-001, 1.120443419558366e-001,-3.493576558463942e-001, 6.069799016868336e-001,-4.331379133158517e-001, 2.954241828340283e-001,-3.488909483836837e-001, 3.094565956057944e-002, 1.127552449647074e-001, 4.748898591923583e-001, 7.042488985402717e-001, 2.161081296190757e-001, 2.901137788937960e-001
 2.670000000000000e+000,-4.004635033526248e-001, 1.089269006228408e-001,-3.493607563558980e-001, 6.075484728027817e-001,-4.326459513872276e-001, 2.933943881722300e-001,-3.532055178368827e-001, 3.190218462166819e-002, 1.115569664490604e-001, 4.753264680602451e-001, 6.996045276486540e-001, 2.166692690425212e-001, 2.887723004211572e-001
 2.680000000000000e+000,-4.019216545754345e-001, 1.059296555943223e-001,-3.493635793063486e-001, 6.080765418015769e-001,-4.321790551082452e-001, 2.914637512649462e-001,-3.573979878314444e-001, 3.271509732501451e-002, 1.103800913088093e-001, 4.764117285863239e-001, 6.948030639498518e-001, 2.170765351196744e-001, 2.876019211373436e-001
 2.690000000000000e+000,-4.034331080773601e-001, 1.030857366403755e-001,-3.493661384926756e-001, 6.085579767329470e-001,-4.317423480551590e-001, 2.896524677666204e-001,-3.614322902050897e-001, 3.340085797402378e-002, 1.092318737355255e-001, 4.780260026237339e-001, 6.899389175502235e-001, 2.173700947167292e-001, 2.866023357646257e-001
 2.700000000000000e+000,-4.049831286208406e-001, 1.004166706408656e-001,-3.493684394450760e-001, 6.089896079189627e-001,-4.313388636076936e-001, 2.879724531209287e-001,-3.652529096253063e-001, 3.397950226762232e-002, 1.081187364445510e-001, 4.800372234706944e-001, 6.850951549415488e-001, 2.175954470856922e-001, 2.857695722243496e-001
 2.710000000000000e+000,-4.065426321367868e-001, 9.792147798857598e-002,-3.493704479411293e-001, 6.093763031886285e-001,-4.309670065714828e-001, 2.864184941882327e-001,-3.687901593306890e-001, 3.447054120126274e-002, 1.070421451524614e-001, 4.823080393603617e-001, 6.803496278110898e-001, 2.177995409598297e-001, 2.851044474164228e-001
 2.720000000000000e+000,-4.080682944023481e-001, 9.558962575711605e-002,-3.493721042339458e-001, 6.097276335841119e-001,-4.306228770918841e-001, 2.849774937839729e-001,-3.719598596347331e-001, 3.489382138113900e-002, 1.060095770419330e-001, 4.847059978178642e-001, 6.757857555118680e-001, 2.180268797652802e-001, 2.846034220053021e-001
 2.730000000000000e+000,-4.095011343154235e-001, 9.341248113064693e-002,-3.493733356610042e-001, 6.100551549957720e-001,-4.303022433168442e-001, 2.836363003142459e-001,-3.746733799867403e-001, 3.526836508243415e-002, 1.050374757369956e-001, 4.871110613425354e-001, 6.714975343898892e-001, 2.183089037718278e-001, 2.842486380004515e-001
 2.740000000000000e+000,-4.107710853791565e-001, 9.139603335784075e-002,-3.493740818523577e-001, 6.103683961623708e-001,-4.300029880839666e-001, 2.823908864217928e-001,-3.768490782671226e-001, 3.560983412141681e-002, 1.041529051071405e-001, 4.894198617645532e-001, 6.675775267318888e-001, 2.186578934748977e-001, 2.840083292437943e-001
 2.750000000000000e+000,-4.118053902325080e-001, 8.956863619548039e-002,-3.493743133919272e-001, 6.106715204969930e-001,-4.297268299032990e-001, 2.812523733466747e-001,-3.784216800465619e-001, 3.592748550350931e-002, 1.033920345367928e-001, 4.915463827761309e-001, 6.641012005099064e-001, 2.190725434212923e-001, 2.838455276398560e-001
 2.760000000000000e+000,-4.125378057314817e-001, 8.798292088561732e-002,-3.493740382393738e-001, 6.109613751575963e-001,-4.294800444718103e-001, 2.802490872140031e-001,-3.793470262375056e-001, 3.622304887622677e-002, 1.027959129165384e-001, 4.934206070554072e-001, 6.611199919090857e-001, 2.195530208823038e-001, 2.837237677434219e-001
 2.770000000000000e+000,-4.129162757603145e-001, 8.671255824352575e-002,-3.493732987497960e-001, 6.112271292215726e-001,-4.292732159571129e-001, 2.794249692270104e-001,-3.796019031210642e-001, 3.649285434126716e-002, 1.024049999136122e-001, 4.949875326325431e-001, 6.586609434913479e-001, 2.201125534705617e-001, 2.836083745372041e-001
 2.780000000000000e+000,-4.129082215172990e-001, 8.584425135332197e-002,-3.493721616012965e-001, 6.114515326531778e-001,-4.291200591420912e-001, 2.788346140263123e-001,-3.791797773189809e-001, 3.673209052398511e-002, 1.022538942511557e-001, 4.962077383661140e-001, 6.567265001236469e-001, 2.207788470649337e-001, 2.834702868493886e-001
 2.790000000000000e+000,-4.125027973095572e-001, 8.546601749982163e-002,-3.493707026837378e-001, 6.116136175628171e-001,-4.290354755692021e-001, 2.785356635029069e-001,-3.780838787904512e-001, 3.693870746795356e-002, 1.023665595519516e-001, 4.970592452564298e-001, 6.552956087167037e-001, 2.215926370251098e-001, 2.832927159503292e-001
 2.800000000000000e+000,-4.117097884242151e-001, 8.565443507978388e-002,-3.493689910734008e-001, 6.116921925280580e-001,-4.290332964639469e-001, 2.785803417215984e-001,-3.763199687568821e-001, 3.711576359450267e-002, 1.027516879609415e-001, 4.975406411988639e-001, 6.543282815921000e-001, 2.226082654873589e-001, 2.830703640945887e-001
 2.810000000000000e+000,-4.105568598378279e-001, 8.646463475204391e-002,-3.493670768014103e-001, 6.116688743362343e-001,-4.291244401233352e-001, 2.790087769586871e-001,-3.738926193823990e-001, 3.727258131034436e-002, 1.033981612583468e-001, 4.976760665260945e-001, 6.537732448973542e-001, 2.238924917671743e-001, 2.827965654427880e-001
 2.820000000000000e+000,-4.090879488727850e-001, 8.792531468952647e-002,-3.493649869316790e-001, 6.115296169911821e-001,-4.293159945658680e-001, 2.798458037191601e-001,-3.708092465568120e-001, 3.742452651800748e-002, 1.042712466190446e-001, 4.975226500512068e-001, 6.535766726847692e-001, 2.255201847976638e-001, 2.824510389322087e-001
 2.830000000000000e+000,-4.073635103207732e-001, 9.003801104116871e-002,-3.493627366086542e-001, 6.112648158016510e-001,-4.296111150374331e-001, 2.811006966886032e-001,-3.670917765125008e-001, 3.759096249510933e-002, 1.053122797445470e-001, 4.971810062740574e-001, 6.536820639306631e-001, 2.275654961273150e-001, 2.820008693104495e-001
 2.840000000000000e+000,-4.054554512408520e-001, 9.277371925601119e-002,-3.493603369928589e-001, 6.108709102024152e-001,-4.300081970295344e-001, 2.827643328717617e-001,-3.627938746329105e-001, 3.778986912321251e-002, 1.064423396564405e-001, 4.968053617340117e-001, 6.540193539847529e-001, 2.300830480172478e-001, 2.814162373030608e-001
 2.850000000000000e+000,-4.034438307157727e-001, 9.607571447260122e-002,-3.493578222437557e-001, 6.103500924815286e-001,-4.305011965020453e-001, 2.848104999889602e-001,-3.580076724616172e-001, 3.803063973400794e-002, 1.075804563910705e-001, 4.966105441684314e-001, 6.544812133549818e-001, 2.330908976196178e-001, 2.806864014680204e-001
 2.860000000000000e+000,-4.014051931345531e-001, 9.985973147531779e-002,-3.493552395945667e-001, 6.097120496682204e-001,-4.310790843062831e-001, 2.871942456082346e-001,-3.528635620130018e-001, 3.830428957118331e-002, 1.086610391937883e-001, 4.968635556990820e-001, 6.549227022810419e-001, 2.365556859844560e-001, 2.798323302986205e-001
 2.870000000000000e+000,-3.994079110943517e-001, 1.040228757613053e-001,-3.493526388360216e-001, 6.089723724072846e-001,-4.317271402358045e-001, 2.898567600627180e-001,-3.475155692779541e-001, 3.857801806120964e-002, 1.096503799687510e-001, 4.978618177682469e-001, 6.551776019469131e-001, 2.403863014287884e-001, 2.789025757954479e-001
 2.880000000000000e+000,-3.975133931646900e-001, 1.084585902298714e-001,-3.493500678303693e-001, 6.081485054932904e-001,-4.324295946987149e-001, 2.927351771870247e-001,-3.421189978288242e-001, 3.879799323798536e-002, 1.105563270790318e-001, 4.998995526473404e-001, 6.550981150913049e-001, 2.444375853991698e-001, 2.779644186442395e-001
 2.890000000000000e+000,-3.957754204349794e-001, 1.130585034900469e-001,-3.493475126200329e-001, 6.072594001400468e-001,-4.331698754914675e-001, 2.957632931714710e-001,-3.368192178804308e-001, 3.889003501678830e-002, 1.114183376985187e-001, 5.032429184778825e-001, 6.545647554318876e-001, 2.485261239745329e-001, 2.770787481323078e-001
 2.900000000000000e+000,-3.942464414572781e-001, 1.177380902271616e-001,-3.493449553096478e-001, 6.063179593814049e-001,-4.339354495515777e-001, 2.988901164456276e-001,-3.317195767775665e-001, 3.878064353136201e-002, 1.123147489906875e-001, 5.080886196287360e-001, 6.535582503477114e-001, 2.524551630449383e-001, 2.763143234619677e-001
 2.910000000000000e+000,-3.929728847175776e-001, 1.224265010539289e-001,-3.493423168575287e-001, 6.053344559426056e-001,-4.347158134667355e-001, 3.020724351853408e-001,-3.268788311732696e-001, 3.840023454221860e-002, 1.133397089664728e-001, 5.145524059846625e-001, 6.521337682114368e-001, 2.560289105798679e-001, 2.757360748910673e-001
 2.920000000000000e+000,-3.919943980350253e-001, 1.270675168017623e-001,-3.493394667202135e-001, 6.043164610873565e-001,-4.355026497339196e-001, 3.052756224194737e-001,-3.223025482010127e-001, 3.769171823215983e-002, 1.145918453977878e-001, 5.226567882639067e-001, 6.504092704928089e-001, 2.590668313358879e-001, 2.754122251246122e-001
 2.930000000000000e+000,-3.913417598576272e-001, 1.316185346228045e-001,-3.493362335104763e-001, 6.032694920800866e-001,-4.362895777430389e-001, 3.084729342353276e-001,-3.179464172531259e-001, 3.661442930116695e-002, 1.161623888818631e-001, 5.323328664027225e-001, 6.485326503546215e-001, 2.614205281743185e-001, 2.754123662557190e-001
 2.940000000000000e+000,-3.910344531085029e-001, 1.360506275864786e-001,-3.493324335556221e-001, 6.021974335992787e-001,-4.370720878703873e-001, 3.116455418273212e-001,-3.137301596047779e-001, 3.514804139355499e-002, 1.181255606023870e-001, 5.434372121296661e-001, 6.466470607141569e-001, 2.629922866987995e-001, 2.757955686013950e-001
 2.950000000000000e+000,-3.910777320818322e-001, 1.403482719075160e-001,-3.493279100254456e-001, 6.011031162672983e-001,-4.378473985513636e-001, 3.147822633267385e-001,-3.095561526666462e-001, 3.329716800262207e-002, 1.205316673775814e-001, 5.557787259467663e-001, 6.448721054175604e-001, 2.637477833295359e-001, 2.765897193070533e-001
 2.960000000000000e+000,-3.914601769162895e-001, 1.445089516287896e-001,-3.493225636643580e-001, 5.999888380701787e-001,-4.386143139966925e-001, 3.178792336660906e-001,-3.053243003561643e-001, 3.109273790709030e-002, 1.234043394639086e-001, 5.691451552774353e-001, 6.432987655913713e-001, 2.637143354507217e-001, 2.777742356237395e-001
 2.970000000000000e+000,-3.921535250465703e-001, 1.485425919676493e-001,-3.493163650597375e-001, 5.988565474876242e-001,-4.393731503430052e-001, 3.209396850104184e-001,-3.009409162566084e-001, 2.858718754460477e-002, 1.267421206517289e-001, 5.833243546624097e-001, 6.419819094132557e-001, 2.629638473071616e-001, 2.792802562708513e-001
 2.980000000000000e+000,-3.931147371499451e-001, 1.524701447685928e-001,-3.493093531361595e-001, 5.977078636989750e-001,-4.401256043009008e-001, 3.239733443418004e-001,-2.963240202227562e-001, 2.584582066964455e-002, 1.305227586940179e-001, 5.981195302476731e-001, 6.409317036273023e-001, 2.615915831269180e-001, 2.810058058838746e-001
 2.990000000000000e+000,-3.942892327547335e-001, 1.563207375239171e-001,-3.493016234728362e-001, 5.965442589867589e-001,-4.408744069082347e-001, 3.269948667116790e-001,-2.914069545219629e-001, 2.293811448462971e-002, 1.347083525991805e-001, 6.133577791152701e-001, 6.401176510935546e-001, 2.597043451979080e-001, 2.828369856599439e-001
 3.000000000000000e+000,-3.956159696068328e-001, 1.601270138894750e-001,-3.492933084021193e-001, 5.953673922600073e-001,-4.416227192444009e-001, 3.300210705862595e-001,-2.861412018630487e-001, 1.993082396766243e-002, 1.392505439525751e-001, 6.288941383740263e-001, 6.394837365685666e-001, 2.574178633537692e-001, 2.846722021143005e-001
 3.010000000000000e+000,-3.970345312454754e-001, 1.639185975890189e-001,-3.492845587407714e-001, 5.941795875731322e-001,-4.423732597999377e-001, 3.330669053838005e-001,-2.804983492405846e-001, 1.688310536408335e-002, 1.440954902121981e-001, 6.446158111985308e-001, 6.389616102181132e-001, 2.548523711405886e-001, 2.864350752314903e-001
 3.020000000000000e+000,-3.984914022622830e-001, 1.677153565125824e-001,-3.492755298460497e-001, 5.929845004669779e-001,-4.431273408442429e-001, 3.361410272305085e-001,-2.744698852437959e-001, 1.384337451530577e-002, 1.491878661669735e-001, 6.604451016489162e-001, 6.384776243309017e-001, 2.521240684914459e-001, 2.880620626724736e-001
 3.030000000000000e+000,-3.999430924909349e-001, 1.715233444758046e-001,-3.492663643102008e-001, 5.917876322894219e-001,-4.438842375769339e-001, 3.392428744041754e-001,-2.680645295123636e-001, 1.084787646133342e-002, 1.544732573252548e-001, 6.763361843145651e-001, 6.379562804004200e-001, 2.493369764083842e-001, 2.894824718434219e-001
 3.040000000000000e+000,-4.013568986825556e-001, 1.753337038272573e-001,-3.492571750228437e-001, 5.905964890433203e-001,-4.446409856120328e-001, 3.423616290739022e-001,-2.613049183035612e-001, 7.920920328996255e-003, 1.598994513350212e-001, 6.922693443655469e-001, 6.373153370181732e-001, 2.465699051058663e-001, 2.906127717385148e-001
 3.050000000000000e+000,-4.027108508629050e-001, 1.791236687992981e-001,-3.492480377449285e-001, 5.894203431962884e-001,-4.453925263679806e-001, 3.454766879302103e-001,-2.542245884449454e-001, 5.076954219593141e-003, 1.654171198831896e-001, 7.082464809725261e-001, 6.364500058226413e-001, 2.438564977016280e-001, 2.913631275089776e-001
 3.060000000000000e+000,-4.039937326241239e-001, 1.828599134280129e-001,-3.492389944477511e-001, 5.882693887240313e-001,-4.461322901974061e-001, 3.485600242556942e-001,-2.468655103104722e-001, 2.324466831583253e-003, 1.709802215928308e-001, 7.242823795130374e-001, 6.352286071523515e-001, 2.411787896208697e-001, 2.916541001522942e-001
 3.070000000000000e+000,-4.052047904661849e-001, 1.865031271983564e-001,-3.492300633965382e-001, 5.871536343143734e-001,-4.468530015642456e-001, 3.515795948499907e-001,-2.392769586253092e-001,-3.291872437509541e-004, 1.765469034545863e-001, 7.403883615045830e-001, 6.335276007206934e-001, 2.384905186392232e-001, 2.914457600537537e-001
 3.080000000000000e+000,-4.063502344124017e-001, 1.900123791311081e-001,-3.492212473315990e-001, 5.860823739812497e-001,-4.475473211651055e-001, 3.545022957345994e-001,-2.315131989135248e-001,-2.872772808458687e-003, 1.820802284598053e-001, 7.565522513184092e-001, 6.313005381748634e-001, 2.357550268934912e-001, 2.907726837863250e-001
 3.090000000000000e+000,-4.074365779314362e-001, 1.933489245209048e-001,-3.492125336305877e-001, 5.850643161843767e-001,-4.482082647858212e-001, 3.572961555457541e-001,-2.236275427228016e-001,-5.287146158675179e-003, 1.875461997122188e-001, 7.727248099924109e-001, 6.286335189372995e-001, 2.329725960591462e-001, 2.897673858774759e-001
 3.100000000000000e+000,-4.084604150401229e-001, 1.964851109436319e-001,-3.492039110747721e-001, 5.841069985472295e-001,-4.488304342792104e-001, 3.599362104404775e-001,-2.156641256953562e-001,-7.549327555975030e-003, 1.929115392070842e-001, 7.888237397668046e-001, 6.257365959463694e-001, 2.301816627771642e-001, 2.886387838608071e-001
 3.110000000000000e+000,-4.094172642635152e-001, 1.994054474829996e-001,-3.491953579522498e-001, 5.832150745400780e-001,-4.494106129814124e-001, 3.624068169400513e-001,-2.076639051955920e-001,-9.634036878724035e-003, 1.981413932835407e-001, 8.047610303241610e-001, 6.228555979886923e-001, 2.274479961299389e-001, 2.875946531483433e-001
 3.120000000000000e+000,-4.103155726198989e-001, 2.021108649643648e-001,-3.491868761469743e-001, 5.823869326206500e-001,-4.499491720856272e-001, 3.647073343914781e-001,-1.996776950628045e-001,-1.151706650340466e-002, 2.032086796804834e-001, 8.204673472047936e-001, 6.201875497204699e-001, 2.248494122645410e-001, 2.867742420015486e-001
 3.130000000000000e+000,-4.111876424962846e-001, 2.046123372503546e-001,-3.491785100962927e-001, 5.816145130533077e-001,-4.504493624051795e-001, 3.668488385446051e-001,-1.917774950448934e-001,-1.317574890543597e-002, 2.081011726996358e-001, 8.359053650302899e-001, 6.178365981389072e-001, 2.224659052706768e-001, 2.862287090485922e-001
 3.140000000000000e+000,-4.120762729681072e-001, 2.069226234452772e-001,-3.491703466652372e-001, 5.808875781771877e-001,-4.509152216161079e-001, 3.688457585695539e-001,-1.840494847878456e-001,-1.459554916100588e-002, 2.128178231721275e-001, 8.510674126999125e-001, 6.158105944502446e-001, 2.203667134459502e-001, 2.859409590153526e-001
 3.150000000000000e+000,-4.130136149170305e-001, 2.090513265869221e-001,-3.491624880279720e-001, 5.801984287243812e-001,-4.513497647681264e-001, 3.707088662153514e-001,-1.765789238822140e-001,-1.577719864748212e-002, 2.173595783171282e-001, 8.659632473473928e-001, 6.140369290228471e-001, 2.185989979048175e-001, 2.858608022830617e-001
 3.160000000000000e+000,-4.140128991385543e-001, 2.110032223058438e-001,-3.491550235860165e-001, 5.795436898808045e-001,-4.517543235401069e-001, 3.724425932380569e-001,-1.694411172960673e-001,-1.673740417558660e-002, 2.217249206030600e-001, 8.806068212588234e-001, 6.123934205015662e-001, 2.171830698827360e-001, 2.859309472050094e-001
 3.170000000000000e+000,-4.150712798803787e-001, 2.127768323998496e-001,-3.491480236345177e-001, 5.789242097290287e-001,-4.521283987059512e-001, 3.740441070728799e-001,-1.626984728914458e-001,-1.750508087916591e-002, 2.259100769893930e-001, 8.950076891861619e-001, 6.107495378195419e-001, 2.161097821132565e-001, 2.860972536259673e-001
 3.180000000000000e+000,-4.161761329544236e-001, 2.143629020186657e-001,-3.491415523024576e-001, 5.783444099292343e-001,-4.524696393497822e-001, 3.755028312951864e-001,-1.563999718908140e-001,-1.811723528123520e-002, 2.299101326097478e-001, 9.091674910729587e-001, 6.090022338738432e-001, 2.153379992627149e-001, 2.863139425808778e-001
 3.190000000000000e+000,-4.173115524788357e-001, 2.157459107064161e-001,-3.491356739639611e-001, 5.778108384458552e-001,-4.527743944335754e-001, 3.768025298272242e-001,-1.505818670340449e-001,-1.861537593489443e-002, 2.337194229123992e-001, 9.230764289928742e-001, 6.070949062125388e-001, 2.147974783279669e-001, 2.865466505789289e-001
 3.200000000000000e+000,-4.184628155657055e-001, 2.169109918196877e-001,-3.491304364378620e-001, 5.773296924831165e-001,-4.530391898707302e-001, 3.779276332831787e-001,-1.452694237061030e-001,-1.904198754735239e-002, 2.373307149322475e-001, 9.367053566496887e-001, 6.050182665434057e-001, 2.144003375544801e-001, 2.867756964317015e-001
 3.210000000000000e+000,-4.196180853675497e-001, 2.178531400078665e-001,-3.491258479890251e-001, 5.769042130326786e-001,-4.532625235381809e-001, 3.788711653778928e-001,-1.404802146082955e-001,-1.943715192979744e-002, 2.407336313968033e-001, 9.499976538924685e-001, 6.028006944167433e-001, 2.140565923883082e-001, 2.870033646951183e-001
 3.220000000000000e+000,-4.207681372146903e-001, 2.185829859623394e-001,-3.491218733351838e-001, 5.765332628933149e-001,-4.534459416434160e-001, 3.796396156394366e-001,-1.362296002560861e-001,-1.983611370346142e-002, 2.439134631936577e-001, 9.628684437547854e-001, 6.004971907512449e-001, 2.136870413840619e-001, 2.872569529381550e-001
 3.230000000000000e+000,-4.219054637551881e-001, 2.191261024887756e-001,-3.491184567803055e-001, 5.762116353501215e-001,-4.535938795772379e-001, 3.802523519088275e-001,-1.325381239340455e-001,-2.026835108719644e-002, 2.468510516621130e-001, 9.752130503591530e-001, 5.981803564434085e-001, 2.132300304507575e-001, 2.875790276068802e-001
 3.240000000000000e+000,-4.230271126947859e-001, 2.195161780401771e-001,-3.491155592051785e-001, 5.759313076987582e-001,-4.537125032144809e-001, 3.807364088233338e-001,-1.294388807830991e-001,-2.075575972720916e-002, 2.495230055381491e-001, 9.869187859549566e-001, 5.959303803621612e-001, 2.126448975304032e-001, 2.880105252676991e-001
 3.250000000000000e+000,-4.241232271068814e-001, 2.197871429620855e-001,-3.491131713304280e-001, 5.756852961847285e-001,-4.538077603786359e-001, 3.811182631324528e-001,-1.269755063451947e-001,-2.131960810129724e-002, 2.518999494981705e-001, 9.978691494743357e-001, 5.938345099994841e-001, 2.119070758804917e-001, 2.885832195711519e-001
 3.260000000000000e+000,-4.251947477276933e-001, 2.199600555620727e-001,-3.491113127632992e-001, 5.754681074351751e-001,-4.538836405259257e-001, 3.814153819212104e-001,-1.252027956189632e-001,-2.197111019331268e-002, 2.539444426227227e-001, 1.007945806412775e+000, 5.919651108744636e-001, 2.110170137756842e-001, 2.893145702183162e-001
 3.270000000000000e+000,-4.262448560992854e-001, 2.200319292688995e-001,-3.491100084604826e-001, 5.752799808619465e-001,-4.539397191366854e-001, 3.816255755004795e-001,-1.241755948900978e-001,-2.271607296775740e-002, 2.556073810044023e-001, 1.017025656819590e+000, 5.903776899693952e-001, 2.099943158649997e-001, 2.902115687166312e-001
 3.280000000000000e+000,-4.272816231801649e-001, 2.199630510436073e-001,-3.491092767662350e-001, 5.751296908768789e-001,-4.539688836278180e-001, 3.817167132228799e-001,-1.239391835057506e-001,-2.355053807389744e-002, 2.568247626016453e-001, 1.024980312829656e+000, 5.891066262439355e-001, 2.088768484684562e-001, 2.912738386430582e-001
 3.290000000000000e+000,-4.283160220560328e-001, 2.196690623179569e-001,-3.491091224433889e-001, 5.750368934255059e-001,-4.539557715211000e-001, 3.816198009688634e-001,-1.245190640322469e-001,-2.445740624404495e-002, 2.575149551996624e-001, 1.031675117822915e+000, 5.881712802420569e-001, 2.077212579478673e-001, 2.925000994314660e-001
 3.300000000000000e+000,-4.293570465598554e-001, 2.190218388090583e-001,-3.491095303859374e-001, 5.750327045448317e-001,-4.538767584446330e-001, 3.812291481453671e-001,-1.259140825106249e-001,-2.540663437631498e-002, 2.575783209610243e-001, 1.036969203178881e+000, 5.875850207125359e-001, 2.066051266290991e-001, 2.938905335264344e-001
 3.310000000000000e+000,-4.304220894427532e-001, 2.178606487489181e-001,-3.491104678647043e-001, 5.751551930312976e-001,-4.537025225218292e-001, 3.804136190830447e-001,-1.281013418968515e-001,-2.634990930016826e-002, 2.569021511676835e-001, 1.040720478194518e+000, 5.873501567925641e-001, 2.056339066748631e-001, 2.954373073930016e-001
 3.320000000000000e+000,-4.315212134600081e-001, 2.160186387583054e-001,-3.491118837047564e-001, 5.754451979902988e-001,-4.534024535470129e-001, 3.790373034168932e-001,-1.310414708052079e-001,-2.723310918134292e-002, 2.553687790887968e-001, 1.042789222161375e+000, 5.874709052450764e-001, 2.049289774278109e-001, 2.971209581509817e-001
 3.330000000000000e+000,-4.326659346104365e-001, 2.133555275806711e-001,-3.491137306138594e-001, 5.759365899912260e-001,-4.529512337042838e-001, 3.769890807091897e-001,-1.346968522087284e-001,-2.799569752357068e-002, 2.528680670009848e-001, 1.043045198472617e+000, 5.879477697949384e-001, 2.046222839426874e-001, 2.989105715276763e-001
 3.340000000000000e+000,-4.338652216346487e-001, 2.097884476476530e-001,-3.491159901465201e-001, 5.766490709997594e-001,-4.523345108254286e-001, 3.742084623762578e-001,-1.390442341520373e-001,-2.857832168766658e-002, 2.493092997502461e-001, 1.041372823082071e+000, 5.887723303729449e-001, 2.048401153971577e-001, 3.007722886271553e-001
 3.350000000000000e+000,-4.351235695935232e-001, 2.053111102189811e-001,-3.491186911891664e-001, 5.775836138594752e-001,-4.515523702920807e-001, 3.707010538618646e-001,-1.440790559284502e-001,-2.892847019190263e-002, 2.446317100998136e-001, 1.037674593160504e+000, 5.899168821494177e-001, 2.056854211251697e-001, 3.026746080748608e-001
 3.360000000000000e+000,-4.364387482049198e-001, 2.000001617778209e-001,-3.491219085488544e-001, 5.787212194078792e-001,-4.506202681542568e-001, 3.665420327482548e-001,-1.498082036139170e-001,-2.900452572039306e-002, 2.388135668357377e-001, 1.031872191157139e+000, 5.913320137554958e-001, 2.072197025934341e-001, 3.045865176275483e-001
 3.370000000000000e+000,-4.377999136502152e-001, 1.940100008526016e-001,-3.491257450050639e-001, 5.800245431521548e-001,-4.495677147725903e-001, 3.618689871876992e-001,-1.562341723793199e-001,-2.877841714135593e-002, 2.318805588308935e-001, 1.023908770798966e+000, 5.929508546014408e-001, 2.094461212229932e-001, 3.064685048508832e-001
 3.380000000000000e+000,-4.391858116132728e-001, 1.875587402611305e-001,-3.491303068852683e-001, 5.814417320676020e-001,-4.484352706495525e-001, 3.568669724112480e-001,-1.633373059433043e-001,-2.823847412286660e-002, 2.239127853854369e-001, 1.013755218047741e+000, 5.946873734300652e-001, 2.122955897906358e-001, 3.082607428009133e-001
 3.390000000000000e+000,-4.405618535744976e-001, 1.809081636999512e-001,-3.491356814575168e-001, 5.829119288193962e-001,-4.472704294217578e-001, 3.517488974400883e-001,-1.710631787137935e-001,-2.739364795095831e-002, 2.150480525938415e-001, 1.001420888600097e+000, 5.964249625621750e-001, 2.156148827610569e-001, 3.098727382667570e-001
 3.400000000000000e+000,-4.418774238185925e-001, 1.743374934343374e-001,-3.491419262942703e-001, 5.843722784403476e-001,-4.461225016158386e-001, 3.467322424858671e-001,-1.793188494829703e-001,-2.627799203117489e-002, 2.054796106646132e-001, 9.869693592305722e-001, 5.980067699672882e-001, 2.191569832603215e-001, 3.111749017681305e-001
 3.410000000000000e+000,-4.430673894778602e-001, 1.681111711858332e-001,-3.491490730895582e-001, 5.857657914642335e-001,-4.450367623437384e-001, 3.420135031422931e-001,-1.879770964524707e-001,-2.495219284166421e-002, 1.954478984469279e-001, 9.705350066657319e-001, 5.992458052030643e-001, 2.225827745613949e-001, 3.120018576528174e-001
 3.420000000000000e+000,-4.440598794403454e-001, 1.624466851382329e-001,-3.491571331702327e-001, 5.870482604794146e-001,-4.440490578525058e-001, 3.377455036388551e-001,-1.968850702031186e-001,-2.349846573157996e-002, 1.852266706994209e-001, 9.523302039002869e-001, 5.999673707903136e-001, 2.254846060954054e-001, 3.121872849565225e-001
 3.430000000000000e+000,-4.447891857331065e-001, 1.574919339393248e-001,-3.491660935912677e-001, 5.881920335377558e-001,-4.431824868600278e-001, 3.340241696164377e-001,-2.058740773751218e-001,-2.200811919671247e-002, 1.751040150004984e-001, 9.326411783170953e-001, 6.000658037586395e-001, 2.274313426476677e-001, 3.116186122856720e-001
 3.440000000000000e+000,-4.452114546322434e-001, 1.533181330802045e-001,-3.491759043051465e-001, 5.891854688702272e-001,-4.424470402548675e-001, 3.308879401969310e-001,-2.147689416934939e-001,-2.056604130510986e-002, 1.653597671612336e-001, 9.118221743430699e-001, 5.995363276923518e-001, 2.280284759806091e-001, 3.102663121043512e-001
 3.450000000000000e+000,-4.453189229533117e-001, 1.499277435704016e-001,-3.491864603228779e-001, 5.900288159918121e-001,-4.418418354211811e-001, 3.283278511498630e-001,-2.233965242072977e-001,-1.923789015804434e-002, 1.562429349506931e-001, 8.902917570603859e-001, 5.984702708680828e-001, 2.269886437078941e-001, 3.081739721605067e-001
 3.460000000000000e+000,-4.451450077857861e-001, 1.472718776810655e-001,-3.491975882061492e-001, 5.907290793579108e-001,-4.413585903837081e-001, 3.263026663481563e-001,-2.315930795245014e-001,-1.806355510253902e-002, 1.479530996942829e-001, 8.685266420555157e-001, 5.970293753874348e-001, 2.242005232552993e-001, 3.054385684837110e-001
 3.470000000000000e+000,-4.447549397143856e-001, 1.452694557221774e-001,-3.492090492488492e-001, 5.912966291308545e-001,-4.409847392915682e-001, 3.247526819441779e-001,-2.392101265472397e-001,-1.705729251866210e-002, 1.406286029330299e-001, 8.470525181118394e-001, 5.954104347958029e-001, 2.197707691135378e-001, 3.022002134325393e-001
 3.480000000000000e+000,-4.442224929620237e-001, 1.438329438713992e-001,-3.492204855441330e-001, 5.917422773058487e-001,-4.407070932301829e-001, 3.236162082146570e-001,-2.460971413737438e-001,-1.623056228266335e-002, 1.343734995745227e-001, 8.264918634444647e-001, 5.938002418345806e-001, 2.140220722302288e-001, 2.986611935159197e-001
 3.490000000000000e+000,-4.436373857845398e-001, 1.428408040999680e-001,-3.492316420538731e-001, 5.920830238627065e-001,-4.405071892675507e-001, 3.228095533060183e-001,-2.521763109612842e-001,-1.553202167233262e-002, 1.291572536626472e-001, 8.073694695172636e-001, 5.923505406891556e-001, 2.074533116974879e-001, 2.949804188299464e-001
 3.500000000000000e+000,-4.430649978497049e-001, 1.421557278704024e-001,-3.492425917086584e-001, 5.923436037963198e-001,-4.403629323177949e-001, 3.222358495505405e-001,-2.575486352155751e-001,-1.486799468616480e-002, 1.247688482413194e-001, 7.896732281893372e-001, 5.911108973669249e-001, 2.004490072835417e-001, 2.911793809922265e-001
