Main.Studies.MarkerTracking.t,Main.Studies.MarkerTracking.JointAngleOutputs.OutputFile6.SternoClavicularProtraction,Main.Studies.MarkerTracking.JointAngleOutputs.OutputFile6.SternoClavicularElevation,Main.Studies.MarkerTracking.JointAngleOutputs.OutputFile6.SternoClavicularAxialRotation,Main.Studies.MarkerTracking.JointAngleOutputs.OutputFile6.GlenohumeralFlexion,Main.Studies.MarkerTracking.JointAngleOutputs.OutputFile6.GlenohumeralExternalRotation,Main.Studies.MarkerTracking.JointAngleOutputs.OutputFile6.GlenohumeralAbduction,Main.Studies.MarkerTracking.JointAngleOutputs.OutputFile6.ElbowFlexion,Main.Studies.MarkerTracking.JointAngleOutputs.OutputFile6.ElbowPronation,Main.Studies.MarkerTracking.JointAngleOutputs.OutputFile6.WristFlexion,Main.Studies.MarkerTracking.JointAngleOutputs.OutputFile6.WristAbduction
 1.540000000000000e+000,-6.102619723507246e-001, 3.783780998458015e-001,-3.488710066909546e-001, 2.896477872520422e-001,-1.654689953815717e-002, 2.667285561720824e-001, 8.640143773068588e-001, 5.593771966612757e-001, 8.575320440035261e-002, 2.302672816678085e-001
 1.550000000000000e+000,-6.101573177251529e-001, 3.768664654437814e-001,-3.488728158633266e-001, 2.861406797848676e-001,-1.858334667739802e-002, 2.632912497066845e-001, 8.680072468827633e-001, 5.674310880612730e-001, 8.017736777199924e-002, 2.328665174415522e-001
 1.560000000000000e+000,-6.099128046911243e-001, 3.750046076244806e-001,-3.488748978619100e-001, 2.819572748371968e-001,-2.050864570138382e-002, 2.594539064018774e-001, 8.719006153698917e-001, 5.751206601189769e-001, 7.448623879932481e-002, 2.355570562290395e-001
 1.570000000000000e+000,-6.094717679941376e-001, 3.726119529144256e-001,-3.488773632072750e-001, 2.767496450256810e-001,-2.221761185955188e-002, 2.550775232822228e-001, 8.755325266105770e-001, 5.821438877066719e-001, 6.872874040482779e-002, 2.383456312114035e-001
 1.580000000000000e+000,-6.087867127367099e-001, 3.695720994489002e-001,-3.488802321514002e-001, 2.702254945087861e-001,-2.360205810776322e-002, 2.500652552665079e-001, 8.787023397216469e-001, 5.881892365215032e-001, 6.305295284499990e-002, 2.412155932863550e-001
 1.590000000000000e+000,-6.078263682654469e-001, 3.658714693580074e-001,-3.488834711122351e-001, 2.622414747555772e-001,-2.458973672048071e-002, 2.443764766027152e-001, 8.812349600362988e-001, 5.930750040378054e-001, 5.763732308684610e-002, 2.441461371458737e-001
 1.600000000000000e+000,-6.065624301299394e-001, 3.615271970385865e-001,-3.488870469786073e-001, 2.526889304063174e-001,-2.511408960349463e-002, 2.379746514590138e-001, 8.829313751359633e-001, 5.966459125656750e-001, 5.269064016942182e-002, 2.471152601764290e-001
 1.610000000000000e+000,-6.049864534884808e-001, 3.566120058901330e-001,-3.488909090344013e-001, 2.415382634523753e-001,-2.512985410542188e-002, 2.308541303015886e-001, 8.835804307914970e-001, 5.987814006734630e-001, 4.845586940559921e-002, 2.500878733389692e-001
 1.620000000000000e+000,-6.031117237908598e-001, 3.512497013146283e-001,-3.488949882321127e-001, 2.288411917753612e-001,-2.461773020698256e-002, 2.230448661109541e-001, 8.829646153375799e-001, 5.993797627018185e-001, 4.519196136613624e-002, 2.530052108846408e-001
 1.630000000000000e+000,-6.009689397471603e-001, 3.455979670202507e-001,-3.488991999425889e-001, 2.147259628599958e-001,-2.358347472295032e-002, 2.146116171427207e-001, 8.808715380183245e-001, 5.983472730075981e-001, 4.313636910819541e-002, 2.557737898518522e-001
 1.640000000000000e+000,-5.985834360752567e-001, 3.398211621504168e-001,-3.489034883851723e-001, 1.993917217974244e-001,-2.206184802487487e-002, 2.056406202029075e-001, 8.771052803824225e-001, 5.956230561474336e-001, 4.245689827984966e-002, 2.582605571963344e-001
 1.650000000000000e+000,-5.959884850489059e-001, 3.340586830409837e-001,-3.489077961102367e-001, 1.830878211190465e-001,-2.010479889122156e-002, 1.962395247629950e-001, 8.715015796957436e-001, 5.911689837068178e-001, 4.324309789209924e-002, 2.602941738245194e-001
 1.660000000000000e+000,-5.932140278731577e-001, 3.284067330996447e-001,-3.489121043049698e-001, 1.660995088227377e-001,-1.778294772120635e-002, 1.865217650242355e-001, 8.639334027960750e-001, 5.849993060602060e-001, 4.549989643695973e-002, 2.616878849812237e-001
 1.670000000000000e+000,-5.902940330103237e-001, 3.229110156509403e-001,-3.489164352440590e-001, 1.487254588129550e-001,-1.517616256157602e-002, 1.765984085978535e-001, 8.543181890840237e-001, 5.771905828533304e-001, 4.916316639134855e-002, 2.622675894718837e-001
 1.680000000000000e+000,-5.872715047963814e-001, 3.175677263429397e-001,-3.489208589926245e-001, 1.312546693564520e-001,-1.236128309436434e-002, 1.665701546126336e-001, 8.426244331180317e-001, 5.679033829923013e-001, 5.411815840563583e-002, 2.618966575725725e-001
 1.690000000000000e+000,-5.841988396936035e-001, 3.123305419878844e-001,-3.489254884589868e-001, 1.139453940554955e-001,-9.398415220211455e-003, 1.565217264844652e-001, 8.288741025985524e-001, 5.574186989668420e-001, 6.021562263734914e-002, 2.604950148939380e-001
 1.700000000000000e+000,-5.811321543698204e-001, 3.071241746708890e-001,-3.489304608790365e-001, 9.700853457304648e-002,-6.320856532343848e-003, 1.465199786797421e-001, 8.131384281230554e-001, 5.461645430207112e-001, 6.728139586414383e-002, 2.580542643163123e-001
 1.710000000000000e+000,-5.781241750835613e-001, 3.018622132885327e-001,-3.489359116069964e-001, 8.059658204827613e-002,-3.133719303064513e-003, 1.366171188497586e-001, 7.955296980771454e-001, 5.346817740384735e-001, 7.512251540543180e-002, 2.546483164245736e-001
 1.720000000000000e+000,-5.752177734486712e-001, 2.964648619913672e-001,-3.489419444205705e-001, 6.479775233642204e-002, 1.777880780846856e-004, 1.268583809547410e-001, 7.761936689060148e-001, 5.235268003617333e-001, 8.354024198171883e-002, 2.504362905267918e-001
 1.730000000000000e+000,-5.724373783213261e-001, 2.908735135622436e-001,-3.489486102770660e-001, 4.963497993135890e-002, 3.634064293082795e-003, 1.172908552513903e-001, 7.553055941866991e-001, 5.131678497672820e-001, 9.234986692263414e-002, 2.456507126497123e-001
 1.740000000000000e+000,-5.698010974259281e-001, 2.850564102185911e-001,-3.489558948121518e-001, 3.506536613952971e-002, 7.252690119986236e-003, 1.079752713630005e-001, 7.330771452232067e-001, 5.038808972493791e-001, 1.014035649499563e-001, 2.405583826670334e-001
 1.750000000000000e+000,-5.673089473570205e-001, 2.790113534392444e-001,-3.489637548312843e-001, 2.099378403059626e-002, 1.103090792054184e-002, 9.898261272509118e-002, 7.097603026268284e-001, 4.957033431265280e-001, 1.105842995624247e-001, 2.354071377511622e-001
 1.760000000000000e+000,-5.649691655225051e-001, 2.727569272548442e-001,-3.489721371587556e-001, 7.282254509022756e-003, 1.494493301607568e-002, 9.039554228011840e-002, 6.856589633601926e-001, 4.883909816122944e-001, 1.198125552971048e-001, 2.303686691018667e-001
 1.770000000000000e+000,-5.628023460043746e-001, 2.663224848493646e-001,-3.489810118256754e-001,-6.233945944588148e-003, 1.895025467346136e-002, 8.230147885544172e-002, 6.611232327893543e-001, 4.814980676464107e-001, 1.290395504153810e-001, 2.255237694270031e-001
 1.780000000000000e+000,-5.608392221961975e-001, 2.597376628965866e-001,-3.489903902408081e-001,-1.973089165228226e-002, 2.298967846841990e-002, 7.478534470118582e-002, 6.365262917769108e-001, 4.745382125700626e-001, 1.382319572778605e-001, 2.208923104005451e-001
 1.790000000000000e+000,-5.591125016470823e-001, 2.530259216653759e-001,-3.490003205268032e-001,-3.338142559986346e-002, 2.700176210059886e-002, 6.792112185776612e-002, 6.122335271163459e-001, 4.671191685447594e-001, 1.473488744417149e-001, 2.164725775193576e-001
 1.800000000000000e+000,-5.576509733450250e-001, 2.462025686166545e-001,-3.490108615392114e-001,-4.734258045421269e-002, 3.092583177373865e-002, 6.176456863186002e-002, 5.885790886980220e-001, 4.589839263355559e-001, 1.563228635662928e-001, 2.122583448874110e-001
 1.810000000000000e+000,-5.564654750606620e-001, 2.392802341045854e-001,-3.490220588360102e-001,-6.173978238713485e-002, 3.470360852130255e-002, 5.634704622923011e-002, 5.658445310424455e-001, 4.500074340705251e-001, 1.650474019392396e-001, 2.082497458351508e-001
 1.820000000000000e+000,-5.555621407385888e-001, 2.322676459587871e-001,-3.490339071407801e-001,-7.666352455084313e-002, 3.828365594607324e-002, 5.167783935563483e-002, 5.442568084608876e-001, 4.401618488284112e-001, 1.733882883794164e-001, 2.044424075414896e-001
 1.830000000000000e+000,-5.549356241645062e-001, 2.251782626468990e-001,-3.490463477294791e-001,-9.215947470429731e-002, 4.162638686643826e-002, 4.774424973772210e-002, 5.239758210294031e-001, 4.295154218754893e-001, 1.811907624462497e-001, 2.008295329258432e-001
 1.840000000000000e+000,-5.545776816192966e-001, 2.180328780083980e-001,-3.490592744164263e-001,-1.082277857080214e-001, 4.470921233363746e-002, 4.451522770802498e-002, 5.050930329180361e-001, 4.182070994098619e-001, 1.882997059836176e-001, 1.973961052063050e-001
 1.850000000000000e+000,-5.544802695726088e-001, 2.108615129751386e-001,-3.490725578262943e-001,-1.248261650973934e-001, 4.752522998656177e-002, 4.194503153369814e-002, 4.876347135143168e-001, 4.064097138359623e-001, 1.945828946574568e-001, 1.941185555197496e-001
 1.860000000000000e+000,-5.546351417976657e-001, 2.037045961892354e-001,-3.490860683024908e-001,-1.418786513246026e-001, 5.007904109437532e-002, 3.997828641402893e-002, 4.715743561924302e-001, 3.942923924339408e-001, 1.999510619145311e-001, 1.909593869600941e-001
 1.870000000000000e+000,-5.550319757558135e-001, 1.966119632060717e-001,-3.490996852589031e-001,-1.592875149386084e-001, 5.238410302057071e-002, 3.855462660718959e-002, 4.568512169753499e-001, 3.819920862876950e-001, 2.043717259128102e-001, 1.878580127049926e-001
 1.880000000000000e+000,-5.556561744431627e-001, 1.896387124245131e-001,-3.491132989788699e-001,-1.769447466133940e-001, 5.446063391456532e-002, 3.761111094561351e-002, 4.433881527138477e-001, 3.695977596950390e-001, 2.078787124103718e-001, 1.847292950487336e-001
 1.890000000000000e+000,-5.564862074791389e-001, 1.828401006987588e-001,-3.491268126925504e-001,-1.947406790696973e-001, 5.633288958662517e-002, 3.708297936059280e-002, 4.311030984117102e-001, 3.571483567256096e-001, 2.105739758785552e-001, 1.814746380091785e-001
 1.900000000000000e+000,-5.574925545102596e-001, 1.762670994064348e-001,-3.491401444888520e-001,-2.125685486910871e-001, 5.802738612501626e-002, 3.690372210764514e-002, 4.199120779731283e-001, 3.446401058032777e-001, 2.126162774026368e-001, 1.780041743422254e-001
 1.910000000000000e+000,-5.586400462642753e-001, 1.699621140415342e-001,-3.491532282373752e-001,-2.303265370545966e-001, 5.957262933051069e-002, 3.700435959320405e-002, 4.097281368643576e-001, 3.320397754994721e-001, 2.141991001664605e-001, 1.742602909264053e-001
 1.920000000000000e+000,-5.598921081635814e-001, 1.639547185304662e-001,-3.491660115888745e-001,-2.479197902508881e-001, 6.099853078129196e-002, 3.731180161801983e-002, 4.004626981312928e-001, 3.192996321046489e-001, 2.155260644732977e-001, 1.702284064428549e-001
 1.930000000000000e+000,-5.612147407773284e-001, 1.582587425504785e-001,-3.491784504211222e-001,-2.652630242038008e-001, 6.233443099822378e-002, 3.774822934723399e-002, 3.920302129263875e-001, 3.063733007806422e-001, 2.167857543915399e-001, 1.659335608710462e-001
 1.940000000000000e+000,-5.625793197109822e-001, 1.528719999838777e-001,-3.491905076931747e-001,-2.822830188092464e-001, 6.360627830902585e-002, 3.823409683893517e-002, 3.843528153689008e-001, 2.932390363797049e-001, 2.181246853221417e-001, 1.614317709020856e-001
 1.950000000000000e+000,-5.639648885862070e-001, 1.477788755071043e-001,-3.492021603594857e-001,-2.989198585439121e-001, 6.483346539476216e-002, 3.869411231342994e-002, 3.773626523344249e-001, 2.799248927426276e-001, 2.196254431648261e-001, 1.568002476216434e-001
 1.960000000000000e+000,-5.653634665721379e-001, 1.429535954760366e-001,-3.492134055523877e-001,-3.151285679499916e-001, 6.601901217043761e-002, 3.906042830713260e-002, 3.710137599707118e-001, 2.664734856467705e-001, 2.213082439998364e-001, 1.521063227876699e-001
 1.970000000000000e+000,-5.667723994662415e-001, 1.383709420499117e-001,-3.492242490514506e-001,-3.308667082924885e-001, 6.717520417559562e-002, 3.928208017440218e-002, 3.652425482627865e-001, 2.530758739857711e-001, 2.231010221253515e-001, 1.474509254625111e-001
 1.980000000000000e+000,-5.682044512133440e-001, 1.340040927214197e-001,-3.492347038941423e-001,-3.461038642901824e-001, 6.829224187940189e-002, 3.931371181442609e-002, 3.600208351992247e-001, 2.398450838790959e-001, 2.249024103696453e-001, 1.428786391241600e-001
 1.990000000000000e+000,-5.696742055476897e-001, 1.298320929020962e-001,-3.492447783051689e-001,-3.608119140083068e-001, 6.936152415458768e-002, 3.911903980760549e-002, 3.553222492313680e-001, 2.269135839957074e-001, 2.265761824540324e-001, 1.384278740116992e-001
 2.000000000000000e+000,-5.711915203536570e-001, 1.258407094922385e-001,-3.492544744709972e-001,-3.749652153488481e-001, 7.037932251864715e-002, 3.866978597721656e-002, 3.511158382280608e-001, 2.144400694043993e-001, 2.279690390464941e-001, 1.341410672008429e-001
 2.010000000000000e+000,-5.727661414231966e-001, 1.220193440319002e-001,-3.492637883138487e-001,-3.885496041657048e-001, 7.132390492183320e-002, 3.793592546269154e-002, 3.474012550263753e-001, 2.024553995441970e-001, 2.289691832751561e-001, 1.300134836366114e-001
 2.020000000000000e+000,-5.743970244222879e-001, 1.183660525624544e-001,-3.492727141293678e-001,-4.015549552716451e-001, 7.219166432610798e-002, 3.689505432117204e-002, 3.441581741814279e-001, 1.910784715651720e-001, 2.294655664031349e-001, 1.260680030641294e-001
 2.030000000000000e+000,-5.760807941653539e-001, 1.148858383083078e-001,-3.492812451245306e-001,-4.139825905813086e-001, 7.297828511174793e-002, 3.552478463404547e-002, 3.413797925577051e-001, 1.803872047607098e-001, 2.293818033209880e-001, 1.223098710430975e-001
 2.040000000000000e+000,-5.778115948990662e-001, 1.115932963457762e-001,-3.492893761713464e-001,-4.258428356202901e-001, 7.368375045738772e-002, 3.380449652146346e-002, 3.390626005995882e-001, 1.704497976748585e-001, 2.286641415726753e-001, 1.187403030526909e-001
 2.050000000000000e+000,-5.795823945895309e-001, 1.085136518128977e-001,-3.492971132418615e-001,-4.371523964979733e-001, 7.430556505643098e-002, 3.171508604811052e-002, 3.372087221948660e-001, 1.612853072814225e-001, 2.272898338251363e-001, 1.153485400148381e-001
 2.060000000000000e+000,-5.813761568713843e-001, 1.056837949328806e-001,-3.493044819063834e-001,-4.479220637472827e-001, 7.486052771762550e-002, 2.925247989796305e-002, 3.357840541859478e-001, 1.530095258800016e-001, 2.252255439761781e-001, 1.121686297191203e-001
 2.070000000000000e+000,-5.831745343870691e-001, 1.031410736985348e-001,-3.493115197701762e-001,-4.581573543834774e-001, 7.535085421575867e-002, 2.642680736767925e-002, 3.347687759336419e-001, 1.456162267213476e-001, 2.224895787960719e-001, 1.092047252641602e-001
 2.080000000000000e+000,-5.849498409404049e-001, 1.009145934149829e-001,-3.493182533360595e-001,-4.678430361716153e-001, 7.578121521765428e-002, 2.328701635218049e-002, 3.341236104839195e-001, 1.391124022915516e-001, 2.191157607577747e-001, 1.064723195326304e-001
 2.090000000000000e+000,-5.866635861450794e-001, 9.901228428114606e-002,-3.493246682274304e-001,-4.769322416549482e-001, 7.615042389222175e-002, 1.993833561649998e-002, 3.337939665100412e-001, 1.334989483348893e-001, 2.151615770452882e-001, 1.039837490887958e-001
 2.100000000000000e+000,-5.882647268502474e-001, 9.741226418961468e-002,-3.493306801582217e-001,-4.853384346643606e-001, 7.644874872730478e-002, 1.655139152189498e-002, 3.337078281538483e-001, 1.287819163777891e-001, 2.107070713454793e-001, 1.017461671387529e-001
 2.110000000000000e+000,-5.896933212047331e-001, 9.606525307136016e-002,-3.493361244981308e-001,-4.929401622267511e-001, 7.665774291749353e-002, 1.334931723297799e-002, 3.337787062432923e-001, 1.249734217953774e-001, 2.058554114709854e-001, 9.975791599145188e-002
 2.120000000000000e+000,-5.908903309302275e-001, 9.491145362301978e-002,-3.493407863320457e-001,-4.995997602631257e-001, 7.675422297256905e-002, 1.057459115670209e-002, 3.339124088814447e-001, 1.220874088511115e-001, 2.007333973141472e-001, 9.800728714255338e-002
 2.130000000000000e+000,-5.918093477322268e-001, 9.390414005850789e-002,-3.493444585715916e-001,-5.051865788553078e-001, 7.671698375782904e-002, 8.451656626664019e-003, 3.340150984101751e-001, 1.201353632058316e-001, 1.954885398011874e-001, 9.647795662029894e-002
 2.140000000000000e+000,-5.924244341450352e-001, 9.302702886181846e-002,-3.493469922983811e-001,-5.095937388496163e-001, 7.653287573557593e-002, 7.159582145605845e-003, 3.340013734445332e-001, 1.191184458822909e-001, 1.902836710559699e-001, 9.515611643133194e-002
 2.150000000000000e+000,-5.927312988261694e-001, 9.229895668159283e-002,-3.493483218381753e-001,-5.127447337299731e-001, 7.620065198334032e-002, 6.817622061750449e-003, 3.338021698278969e-001, 1.190181579547765e-001, 1.852926538025894e-001, 9.403147889056243e-002
 2.160000000000000e+000,-5.927435190056294e-001, 9.176727057318135e-002,-3.493484643126488e-001,-5.145923508355135e-001, 7.573266872279195e-002, 7.480296306504332e-003, 3.333730905920461e-001, 1.197931720037260e-001, 1.806970553446448e-001, 9.309295763517654e-002
 2.170000000000000e+000,-5.924859793042071e-001, 9.149459650530245e-002,-3.493474978745168e-001,-5.151128475856250e-001, 7.515427106146433e-002, 9.139177454090625e-003, 3.327019291890921e-001, 1.213826712071764e-001, 1.766799649773163e-001, 9.232555676449769e-002
 2.180000000000000e+000,-5.919863994852513e-001, 9.154452032320348e-002,-3.493455299683469e-001,-5.142974097972655e-001, 7.450073752350735e-002, 1.173001120801311e-002, 3.318124005328840e-001, 1.237121253690506e-001, 1.734146212614418e-001, 9.171027392658174e-002
 2.190000000000000e+000,-5.912693855743297e-001, 9.197066011640653e-002,-3.493426701068043e-001,-5.121437512212419e-001, 7.381298476460360e-002, 1.514256338752832e-002, 3.307638967275262e-001, 1.266992518871563e-001, 1.710485268883222e-001, 9.122501652906451e-002
 2.200000000000000e+000,-5.903590679772919e-001, 9.281054056057991e-002,-3.493390156634234e-001,-5.086512125614215e-001, 7.313338156148713e-002, 1.922966723312342e-002, 3.296490682874878e-001, 1.302595272555920e-001, 1.696858673262649e-001, 9.084639235560363e-002
 2.210000000000000e+000,-5.892876962409842e-001, 9.408303573171462e-002,-3.493346496689019e-001,-5.038214827572771e-001, 7.250171501269109e-002, 2.381578783018726e-002, 3.285895260334524e-001, 1.343116429976451e-001, 1.693727417426860e-001, 9.055334844348102e-002
 2.220000000000000e+000,-5.880994818057853e-001, 9.578753703600751e-002,-3.493296434372653e-001,-4.976643866616042e-001, 7.195168625327600e-002, 2.870988253796269e-002, 3.277303641870853e-001, 1.387813546871027e-001, 1.700900563208956e-001, 9.033316114091304e-002
 2.230000000000000e+000,-5.868442579213939e-001, 9.790462578949355e-002,-3.493240576490392e-001,-4.902051166070272e-001, 7.150837692378403e-002, 3.372491406813040e-002, 3.272342806127984e-001, 1.436015693607737e-001, 1.717566716950938e-001, 9.019057056913950e-002
 2.240000000000000e+000,-5.855657505038973e-001, 1.004010194621305e-001,-3.493179398135408e-001,-4.814885347439493e-001, 7.118585992991756e-002, 3.870038419483016e-002, 3.272732832522412e-001, 1.487133932289828e-001, 1.742392773059729e-001, 9.015806212831239e-002
 2.250000000000000e+000,-5.842902806558430e-001, 1.032413482073331e-001,-3.493113190239654e-001,-4.715783139653480e-001, 7.098504001094066e-002, 4.352223402647066e-002, 3.280160181710566e-001, 1.540758718676165e-001, 1.773631394147022e-001, 9.030120743327967e-002
 2.260000000000000e+000,-5.830184902551705e-001, 1.064033189130211e-001,-3.493041995906414e-001,-4.605510030984279e-001, 7.089289650609904e-002, 4.813549076838890e-002, 3.296113598039890e-001, 1.596820703263914e-001, 1.809237925610494e-001, 9.071788950876063e-002
 2.270000000000000e+000,-5.817244194458817e-001, 1.098878638982561e-001,-3.492965554229432e-001,-4.484862250272339e-001, 7.088301553340712e-002, 5.254656023180480e-002, 3.321700050760592e-001, 1.655719590130652e-001, 1.847022529038505e-001, 9.153541051284403e-002
 2.280000000000000e+000,-5.803662193456985e-001, 1.137184150024653e-001,-3.492883283443096e-001,-4.354554714099472e-001, 7.091654805182800e-002, 5.681453700073821e-002, 3.357478155743630e-001, 1.718363406345677e-001, 1.884823908531081e-001, 9.290273398590550e-002
 2.290000000000000e+000,-5.789055658378590e-001, 1.179296118426187e-001,-3.492794337571583e-001,-4.215135119193190e-001, 7.094429358740735e-002, 6.103393583588316e-002, 3.403379469213250e-001, 1.786092018235640e-001, 1.920671014913733e-001, 9.497285915975898e-002
 2.300000000000000e+000,-5.773265406367146e-001, 1.225503273601623e-001,-3.492697747416565e-001,-4.066954627654149e-001, 7.091159961542091e-002, 6.531418528645896e-002, 3.458763121213154e-001, 1.860488445616068e-001, 1.952922144798495e-001, 9.788044042993774e-002
 2.310000000000000e+000,-5.756460909253333e-001, 1.275884492022554e-001,-3.492592610710350e-001,-3.910189844709522e-001, 7.076575538940919e-002, 6.976211768178343e-002, 3.522571119207393e-001, 1.943116104237125e-001, 1.980408619494429e-001, 1.017222042462862e-001
 2.320000000000000e+000,-5.739140458703205e-001, 1.330238822210856e-001,-3.492478257294537e-001,-3.744885271947933e-001, 7.046346912393037e-002, 7.447084359633793e-002, 3.593514086466661e-001, 2.035225418806811e-001, 2.002599061632218e-001, 1.065403751947484e-001
 2.330000000000000e+000,-5.722047642600975e-001, 1.388109737574590e-001,-3.492354346117820e-001,-3.570991490025925e-001, 6.997674028554532e-002, 7.951410124058937e-002, 3.670239030468205e-001, 2.137486952394947e-001, 2.019746749026443e-001, 1.123091424691114e-001
 2.340000000000000e+000,-5.706035306437446e-001, 1.448871558604232e-001,-3.492220914028927e-001,-3.388399014733361e-001, 6.929667278092462e-002, 8.494347334874294e-002, 3.751461943941210e-001, 2.249802677908052e-001, 2.032955830340586e-001, 1.189285019783344e-001
 2.350000000000000e+000,-5.691902217181377e-001, 1.511855109527336e-001,-3.492078401429311e-001,-3.196971946175355e-001, 6.843769059955659e-002, 9.078965542727310e-002, 3.835996594667970e-001, 2.371515800619049e-001, 2.044018025661931e-001, 1.262374915939767e-001
 2.360000000000000e+000,-5.680323501018432e-001, 1.576466164302099e-001,-3.491927614574290e-001,-2.996652569372089e-001, 6.741438662986622e-002, 9.706217039498932e-002, 3.923029113714832e-001, 2.500456620701796e-001, 2.055406653561260e-001, 1.339870451239592e-001
 2.370000000000000e+000,-5.671690011450860e-001, 1.642333818998689e-001,-3.491769696193498e-001,-2.787462113145578e-001, 6.626205957059822e-002, 1.037639532708467e-001, 4.011678653865496e-001, 2.634979431479628e-001, 2.069390625499337e-001, 1.419299683496538e-001
 2.380000000000000e+000,-5.666159904611202e-001, 1.709332695841206e-001,-3.491605991951627e-001,-2.569610431111733e-001, 6.501151618485845e-002, 1.108895503157930e-001, 4.101232089673315e-001, 2.772894724073942e-001, 2.087995251984744e-001, 1.498045554782662e-001
 2.390000000000000e+000,-5.663685955027975e-001, 1.777560306364412e-001,-3.491437938835821e-001,-2.343510067303325e-001, 6.369335204252236e-002, 1.184275326309499e-001, 4.191035113530522e-001, 2.911931951181821e-001, 2.112631728274157e-001, 1.573745217996907e-001
 2.400000000000000e+000,-5.664087303407901e-001, 1.847269576439075e-001,-3.491266988688041e-001,-2.109746874086274e-001, 6.233865968736988e-002, 1.263606027660093e-001, 4.280462856604610e-001, 3.049869095392293e-001, 2.143929357848451e-001, 1.644497344512948e-001
 2.410000000000000e+000,-5.667134855362540e-001, 1.918768796682648e-001,-3.491094553657890e-001,-1.869032604137626e-001, 6.097462789801385e-002, 1.346649572294451e-001, 4.368965839940742e-001, 3.184411436921941e-001, 2.181747467287551e-001, 1.708876275997318e-001
 2.420000000000000e+000,-5.672515786383783e-001, 1.992329883788528e-001,-3.490921996456327e-001,-1.622103084357818e-001, 5.964698068827016e-002, 1.433136828263970e-001, 4.455853004438106e-001, 3.314626116549042e-001, 2.224979640334350e-001, 1.766270145962176e-001
 2.430000000000000e+000,-5.679981441484446e-001, 2.068063769063093e-001,-3.490750510226522e-001,-1.369792615075642e-001, 5.838211314969499e-002, 1.522698874042234e-001, 4.540795854909713e-001, 3.438857648207039e-001, 2.272141505688912e-001, 1.816074427308322e-001
 2.440000000000000e+000,-5.689271383691850e-001, 2.145928484056843e-001,-3.490581133702096e-001,-1.112959752943512e-001, 5.721066288040461e-002, 1.614913336028713e-001, 4.623585544483774e-001, 3.556056111059057e-001, 2.321275322641265e-001, 1.857963314847740e-001
 2.450000000000000e+000,-5.700162915503760e-001, 2.225755341703102e-001,-3.490414745729590e-001,-8.524947391462834e-002, 5.615894368690774e-002, 1.709312898871561e-001, 4.704215690442667e-001, 3.665264589661331e-001, 2.370280427216811e-001, 1.891698327645955e-001
 2.460000000000000e+000,-5.712487689848231e-001, 2.307294409283553e-001,-3.490252093629477e-001,-5.893091297902653e-002, 5.524634033761006e-002, 1.805412951067415e-001, 4.782842419398771e-001, 3.765591702579294e-001, 2.417164774142315e-001, 1.917161308444985e-001
 2.470000000000000e+000,-5.726114971976528e-001, 2.390259510761097e-001,-3.490093815702359e-001,-3.243280788361336e-002, 5.448259232184163e-002, 1.902724826559983e-001, 4.859727579628917e-001, 3.856265431531775e-001, 2.460244274426986e-001, 1.934393254533876e-001
 2.480000000000000e+000,-5.740936212898251e-001, 2.474366944950492e-001,-3.489940445822055e-001,-5.849513919245819e-003, 5.386693151150133e-002, 2.000756589779527e-001, 4.935197152336537e-001, 3.936712975108707e-001, 2.498262328511751e-001, 1.943576962077386e-001
 2.490000000000000e+000,-5.756873568380663e-001, 2.559357619159859e-001,-3.489792379686221e-001, 2.072048395504478e-002, 5.338901435573325e-002, 2.099019708870538e-001, 5.009629588116087e-001, 4.006627711739418e-001, 2.530438552815610e-001, 1.945004112590753e-001
 2.500000000000000e+000,-5.773887717718481e-001, 2.645004385695289e-001,-3.489649824554000e-001, 4.717154647273403e-002, 5.303001026438083e-002, 2.197043741982115e-001, 5.083462846405069e-001, 4.065979076643995e-001, 2.556462929875440e-001, 1.939104367371768e-001
 2.510000000000000e+000,-5.791975502003937e-001, 2.731109604156690e-001,-3.489512813679887e-001, 7.338934402563924e-002, 5.276350667164827e-002, 2.294391798513034e-001, 5.157205847620607e-001, 4.114954726579545e-001, 2.576442052695289e-001, 1.926534223463869e-001
 2.520000000000000e+000,-5.811167063239869e-001, 2.817483849042703e-001,-3.489381283958351e-001, 9.925248349325111e-002, 5.255717074900718e-002, 2.390678148424719e-001, 5.231451385928770e-001, 4.153945138723240e-001, 2.590774944086871e-001, 1.908222059046509e-001
 2.530000000000000e+000,-5.831517888979904e-001, 2.903910915900918e-001,-3.489255133999995e-001, 1.246372691958371e-001, 5.237533412815226e-002, 2.485589152426096e-001, 5.306877723034360e-001, 4.183664857084313e-001, 2.599945662845369e-001, 1.885302789916807e-001
 2.540000000000000e+000,-5.853080704646461e-001, 2.990126674813078e-001,-3.489134283554964e-001, 1.494235946605096e-001, 5.218128307450770e-002, 2.578895014092243e-001, 5.384223097993378e-001, 4.205324190377820e-001, 2.604317375558038e-001, 1.859005972334073e-001
 2.550000000000000e+000,-5.875860348500792e-001, 3.075812261008721e-001,-3.489018790664603e-001, 1.734991705278759e-001, 5.193802050043560e-002, 2.670434414804641e-001, 5.464257613135516e-001, 4.220676591905030e-001, 2.604051162990362e-001, 1.830562468110004e-001
 2.560000000000000e+000,-5.899785497062738e-001, 3.160578790953734e-001,-3.488908939068873e-001, 1.967613292138541e-001, 5.160806037693041e-002, 2.760075582144101e-001, 5.547780970209743e-001, 4.231866563925401e-001, 2.599146384280837e-001, 1.801116763736907e-001
 2.570000000000000e+000,-5.924712789369555e-001, 3.243946462057692e-001,-3.488805208818362e-001, 2.191177030520368e-001, 5.115390904471477e-002, 2.847676954917633e-001, 5.635624967004032e-001, 4.241161406010098e-001, 2.589482397916925e-001, 1.771661331435442e-001
 2.580000000000000e+000,-5.950435928704358e-001, 3.325336452982011e-001,-3.488708202467243e-001, 2.404863118958163e-001, 5.053969047087059e-002, 2.933060283571048e-001, 5.728630248942238e-001, 4.250715767571072e-001, 2.574791342720380e-001, 1.743028010549560e-001
 2.590000000000000e+000,-5.976690822943582e-001, 3.404080103558038e-001,-3.488618625106358e-001, 2.607951030114855e-001, 4.973318072222341e-002, 3.015993873398561e-001, 5.827594336559806e-001, 4.262441928645805e-001, 2.554626625665353e-001, 1.715912641268896e-001
 2.600000000000000e+000,-6.003180941181094e-001, 3.479441466473587e-001,-3.488537303750732e-001, 2.799819405968909e-001, 4.870769020635671e-002, 3.096184703840821e-001, 5.933204939309464e-001, 4.277943269926655e-001, 2.528421661933753e-001, 1.690910584832785e-001
 2.610000000000000e+000,-6.029618608307880e-001, 3.550655082608190e-001,-3.488465178904529e-001, 2.979951113274708e-001, 4.744407755460153e-002, 3.173283547979580e-001, 6.045982189735989e-001, 4.298463829770207e-001, 2.495614488853262e-001, 1.668569322613257e-001
 2.620000000000000e+000,-6.055747539624246e-001, 3.616987335332942e-001,-3.488403233451938e-001, 3.147923534213171e-001, 4.593309813133836e-002, 3.246903206856252e-001, 6.166250797763027e-001, 4.324891368212370e-001, 2.455741177774471e-001, 1.649436050391875e-001
 2.630000000000000e+000,-6.081337655396190e-001, 3.677818700849138e-001,-3.488352343876938e-001, 3.303367649770517e-001, 4.417655605595940e-002, 3.316642572213522e-001, 6.294144548283837e-001, 4.357853128627217e-001, 2.408465745957200e-001, 1.634069745701280e-001
 2.640000000000000e+000,-6.106166892176305e-001, 3.732729700245832e-001,-3.488313084138851e-001, 3.445900591998556e-001, 4.218587158883053e-002, 3.382108274335277e-001, 6.429630788934002e-001, 4.397859283593208e-001, 2.353584632056891e-001, 1.623038600539674e-001
 2.650000000000000e+000,-6.130001836314921e-001, 3.781571979388156e-001,-3.488285569649091e-001, 3.575058259845454e-001, 3.997887766191724e-002, 3.442929995697331e-001, 6.572538760831416e-001, 4.445409180012854e-001, 2.291049494925779e-001, 1.616923145409319e-001
 2.660000000000000e+000,-6.152592837619698e-001, 3.824497898168744e-001,-3.488269397308094e-001, 3.690267741561155e-001, 3.757575723451397e-002, 3.498765833004990e-001, 6.722571830904075e-001, 4.500984686005048e-001, 2.221020421764948e-001, 1.616298317131519e-001
 2.670000000000000e+000,-6.173687861570091e-001, 3.861910888898394e-001,-3.488263695497273e-001, 3.790881914196236e-001, 3.499459791355378e-002, 3.549287111147234e-001, 6.879289326971267e-001, 4.564902635707291e-001, 2.143913955735761e-001, 1.621703314006636e-001
 2.680000000000000e+000,-6.193048520276059e-001, 3.894311427096415e-001,-3.488267292830858e-001, 3.876259633554819e-001, 3.224825584999158e-002, 3.594137313125015e-001, 7.042069619100385e-001, 4.637084317136616e-001, 2.060392733072756e-001, 1.633626632321326e-001
 2.690000000000000e+000,-6.210458957849732e-001, 3.922058967245814e-001,-3.488278971047756e-001, 3.945855677322181e-001, 2.934454942367891e-002, 3.632878777484476e-001, 7.210075944143772e-001, 4.716855404992308e-001, 1.971305069380871e-001, 1.652461184533458e-001
 2.700000000000000e+000,-6.225730897665570e-001, 3.945134098108405e-001,-3.488297701226575e-001, 3.999288914574919e-001, 2.629009708898656e-002, 3.664954362017728e-001, 7.382230324096566e-001, 4.802897297491982e-001, 1.877623067721006e-001, 1.678411392511533e-001
 2.710000000000000e+000,-6.238704663869638e-001, 3.963017657249561e-001,-3.488322744868123e-001, 4.036359199919006e-001, 2.309610471166134e-002, 3.689690409983671e-001, 7.557207878125019e-001, 4.893413490169549e-001, 1.780365461468501e-001, 1.711420973673959e-001
 2.720000000000000e+000,-6.249243868524056e-001, 3.974755804155061e-001,-3.488353570578078e-001, 4.056994817198494e-001, 1.978338178389971e-002, 3.706343065203452e-001, 7.733475957699811e-001, 4.986424520649615e-001, 1.680493100003975e-001, 1.751158175951059e-001
 2.730000000000000e+000,-6.257229474752887e-001, 3.979178854105605e-001,-3.488389648480431e-001, 4.061152852380072e-001, 1.638410212843964e-002, 3.714162618318601e-001, 7.909369059708985e-001, 5.080010610984813e-001, 1.578856518944716e-001, 1.797054469504882e-001
 2.740000000000000e+000,-6.262562906599412e-001, 3.975173813300632e-001,-3.488430242467976e-001, 4.048730261350408e-001, 1.293954551652257e-002, 3.712451871602774e-001, 8.083149339725515e-001, 5.172421516441432e-001, 1.476246282377944e-001, 1.848393529742669e-001
 2.750000000000000e+000,-6.265178944699222e-001, 3.961924692394461e-001,-3.488474295944350e-001, 4.019526568159071e-001, 9.495343692978615e-003, 3.700612533588774e-001, 8.253013473904737e-001, 5.262133836003290e-001, 1.373475532520621e-001, 1.904411226023658e-001
 2.760000000000000e+000,-6.265060334438326e-001, 3.939086773031508e-001,-3.488520445561904e-001, 3.973257438464495e-001, 6.096627569748062e-003, 3.678183219582308e-001, 8.417054892501065e-001, 5.347940114768194e-001, 1.271412912018073e-001, 1.964362593437557e-001
 2.770000000000000e+000,-6.262247217181511e-001, 3.906881548144892e-001,-3.488567150542086e-001, 3.909615340087700e-001, 2.784634789339473e-003, 3.644862078342280e-001, 8.573206098503834e-001, 5.429029229624126e-001, 1.170973781022620e-001, 2.027560405545519e-001
 2.780000000000000e+000,-6.256839199180859e-001, 3.866096298164099e-001,-3.488612878775905e-001, 3.828387330016547e-001,-4.044583591721221e-004, 3.600495336323924e-001, 8.719166677718881e-001, 5.505001607452533e-001, 1.073120454803418e-001, 2.093406310267478e-001
 2.790000000000000e+000,-6.248991391394957e-001, 3.817992882959045e-001,-3.488656260828456e-001, 3.729616364989090e-001,-3.438096130198495e-003, 3.545033805779680e-001, 8.852337804796380e-001, 5.575848571029052e-001, 9.788906101675732e-002, 2.161396755181561e-001
 2.800000000000000e+000,-6.238909568151249e-001, 3.764170105868165e-001,-3.488696170049390e-001, 3.613754783983181e-001,-6.284116592550926e-003, 3.478492857003149e-001, 8.969813266839051e-001, 5.641899964036999e-001, 8.894311018484569e-002, 2.231063028061565e-001
 2.810000000000000e+000,-6.226846945507442e-001, 3.706444598626408e-001,-3.488731739994782e-001, 3.481753339026785e-001,-8.907947931809948e-003, 3.400955842459477e-001, 9.068453867378344e-001, 5.703702678119396e-001, 8.059997931275365e-002, 2.301850125098506e-001
 2.820000000000000e+000,-6.213082467667569e-001, 3.646781658194560e-001,-3.488762320395660e-001, 3.335063473835986e-001,-1.127223968619811e-002, 3.312625550255872e-001, 9.145027187135246e-001, 5.761871589049645e-001, 7.299039232410576e-002, 2.372990598527975e-001
 2.830000000000000e+000,-6.197849776471688e-001, 3.587220770050856e-001,-3.488787392758257e-001, 3.175578202922600e-001,-1.333924497547161e-002, 3.213876860064792e-001, 9.196382239420348e-001, 5.816970172801973e-001, 6.623684840375255e-002, 2.443425949023662e-001
 2.840000000000000e+000,-6.181239387862233e-001, 3.529694389231115e-001,-3.488806550182880e-001, 3.005556252454016e-001,-1.507432673767884e-002, 3.105262802772145e-001, 9.219630505243406e-001, 5.869407126290148e-001, 6.043883883882817e-002, 2.511797472001509e-001
 2.850000000000000e+000,-6.163199304415901e-001, 3.475680656528626e-001,-3.488820674884374e-001, 2.827582497944001e-001,-1.644951221044376e-002, 2.987503889698652e-001, 9.212292426009995e-001, 5.919334896746276e-001, 5.566640196551509e-002, 2.576491772368881e-001
 2.860000000000000e+000,-6.143457244617815e-001, 3.426129205781836e-001,-3.488827875175204e-001, 2.644391102980754e-001,-1.743693782610379e-002, 2.861376412588975e-001, 9.172422770313174e-001, 5.966644432830844e-001, 5.195119008294591e-002, 2.635839218587688e-001
 2.870000000000000e+000,-6.121917660898990e-001, 3.381030373378515e-001,-3.488830474825397e-001, 2.458969667477282e-001,-1.801502634397763e-002, 2.727800914673804e-001, 9.098619391149101e-001, 6.010920392608257e-001, 4.930012972319919e-002, 2.688112076038398e-001
 2.880000000000000e+000,-6.098611838619569e-001, 3.339733829181042e-001,-3.488830371457114e-001, 2.274295235245756e-001,-1.815782960684387e-002, 2.587706483699447e-001, 8.990105863693159e-001, 6.051578980589739e-001, 4.769170543512979e-002, 2.731654394988982e-001
 2.890000000000000e+000,-6.073749591324881e-001, 3.301114859026275e-001,-3.488830104548156e-001, 2.093158936308266e-001,-1.783249030630294e-002, 2.442009236480223e-001, 8.846815533231440e-001, 6.087982837002649e-001, 4.709308535777645e-002, 2.764826121757980e-001
 2.900000000000000e+000,-6.047627757623726e-001, 3.263845102260454e-001,-3.488832454535623e-001, 1.917909439995020e-001,-1.699735337481682e-002, 2.291611986107336e-001, 8.669523699447004e-001, 6.119442864684024e-001, 4.748711655171678e-002, 2.785966107509978e-001
 2.910000000000000e+000,-6.020521452506549e-001, 3.226641563725199e-001,-3.488839935415474e-001, 1.750206422300622e-001,-1.560500271132489e-002, 2.137469733335588e-001, 8.459965308973083e-001, 6.144971591922863e-001, 4.890445081112826e-002, 2.793467287745580e-001
 2.920000000000000e+000,-5.992631016470610e-001, 3.188428077837455e-001,-3.488854428642326e-001, 1.590849593836996e-001,-1.361063849973775e-002, 1.980696599560429e-001, 8.220871040838669e-001, 6.162882285937429e-001, 5.145020039811410e-002, 2.785990282951780e-001
 2.930000000000000e+000,-5.964093977596029e-001, 3.148378716011560e-001,-3.488877139025013e-001, 1.439736905202231e-001,-1.098303390552854e-002, 1.822653173316331e-001, 7.955879269574061e-001, 6.170530546582100e-001, 5.531429302674851e-002, 2.762733575897189e-001
 2.940000000000000e+000,-5.935031596853608e-001, 3.105871810868504e-001,-3.488908842170436e-001, 1.295949849189864e-001,-7.714787104261009e-003, 1.664969323325470e-001, 7.669355321502898e-001, 6.164377970110200e-001, 6.075679071873696e-002, 2.723661752083526e-001
 2.950000000000000e+000,-5.905606177570690e-001, 3.060401656051606e-001,-3.488950234065368e-001, 1.157914986962445e-001,-3.829834317249825e-003, 1.509497455291218e-001, 7.366197431944678e-001, 6.140325795045453e-001, 6.806464450734584e-002, 2.669639386824239e-001
 2.960000000000000e+000,-5.876080067839360e-001, 3.011486492918436e-001,-3.489002199233990e-001, 1.023599187225606e-001, 6.135811063106316e-004, 1.358212563529632e-001, 7.051667293477625e-001, 6.094235945246170e-001, 7.748576744339175e-002, 2.602460550809236e-001
 2.970000000000000e+000,-5.846860941350764e-001, 2.958617265460266e-001,-3.489065911661283e-001, 8.907120811842351e-002, 5.524830817510736e-003, 1.213086498964139e-001, 6.731233747828053e-001, 6.022555430237973e-001, 8.915600149996461e-002, 2.524764811527211e-001
 2.980000000000000e+000,-5.818509300035123e-001, 2.901278805685887e-001,-3.489142739288426e-001, 7.568962724766015e-002, 1.078504698248899e-002, 1.075966234297808e-001, 6.410402074331855e-001, 5.922884784826480e-001, 1.030383949400862e-001, 2.439846682490609e-001
 2.990000000000000e+000,-5.791694263691818e-001, 2.839027369442591e-001,-3.489233949591206e-001, 6.199047380647738e-002, 1.625234893566946e-002, 9.484659652633021e-002, 6.094496632827887e-001, 5.794392178959136e-001, 1.188884460746082e-001, 2.351401389067665e-001
 3.000000000000000e+000,-5.767102784966226e-001, 2.771584932322393e-001,-3.489340298887798e-001, 4.777688488660870e-002, 2.177094106349871e-002, 8.318692843071440e-002, 5.788395717384615e-001, 5.638102720927910e-001, 1.362505022075535e-001, 2.263210760242327e-001
 3.010000000000000e+000,-5.745329120095329e-001, 2.698923030034452e-001,-3.489461671969253e-001, 3.289387631036789e-002, 2.718398933000266e-002, 7.270541777891902e-002, 5.496267524593829e-001, 5.457018416349758e-001, 1.544902951339331e-001, 2.178752806917028e-001
 3.020000000000000e+000,-5.726786199796523e-001, 2.621316460148657e-001,-3.489596921319994e-001, 1.723665806996189e-002, 3.234568389116942e-002, 6.344611335854308e-002, 5.221369491566587e-001, 5.255895397474745e-001, 1.728640769487397e-001, 2.100818045527066e-001
 3.030000000000000e+000,-5.711669479866780e-001, 2.539357557377391e-001,-3.489743947077054e-001, 7.524687612621150e-004, 3.713036283491516e-002, 5.541077545281769e-002, 4.965949200335188e-001, 5.040645403755295e-001, 1.906077941578694e-001, 2.031245892360601e-001
 3.040000000000000e+000,-5.699975457867721e-001, 2.453935686092774e-001,-3.489899955560346e-001,-1.656240475804593e-002, 4.143997181966263e-002, 4.856424807570549e-002, 4.731257468104367e-001, 4.817596714600857e-001, 2.070219356814995e-001, 1.970794598172859e-001
 3.050000000000000e+000,-5.691552643876622e-001, 2.366179877735222e-001,-3.490061822150076e-001,-3.466949358002913e-002, 4.521073520493424e-002, 4.284243532232206e-002, 4.517669367676933e-001, 4.592903335857280e-001, 2.215362601116020e-001, 1.919121571736957e-001
 3.060000000000000e+000,-5.686154959537549e-001, 2.277362635258424e-001,-3.490226499828339e-001,-5.349908670950443e-002, 4.841799110061004e-002, 3.816106001301466e-002, 4.324885736967102e-001, 4.372221800179820e-001, 2.337490640222049e-001, 1.874869922038689e-001
 3.070000000000000e+000,-5.683486936584525e-001, 2.188786890398926e-001,-3.490391384805205e-001,-7.296364696478541e-002, 5.107643868254636e-002, 3.442376094573754e-002, 4.152157627025928e-001, 4.160527166198531e-001, 2.434430548945565e-001, 1.835871826027400e-001
 3.080000000000000e+000,-5.683257910125167e-001, 2.101692199295069e-001,-3.490554548177466e-001,-9.296945328251027e-002, 5.323399199693302e-002, 3.152874583579222e-002, 3.998484475787334e-001, 3.961819673030741e-001, 2.505830710123678e-001, 1.799506063058110e-001
 3.090000000000000e+000,-5.685250039736346e-001, 2.017199187513534e-001,-3.490714803764988e-001,-1.134225347856195e-001, 5.496077512477636e-002, 2.937369703832188e-002, 3.862760568083320e-001, 3.778714172305254e-001, 2.552979558358166e-001, 1.763176461306686e-001
 3.100000000000000e+000,-5.689359895606608e-001, 1.936279719050462e-001,-3.490871628539209e-001,-1.342287622493681e-001, 5.633653697331525e-002, 2.785857300758646e-002, 3.743842561673454e-001, 3.612203555558430e-001, 2.578470264651602e-001, 1.724775116393886e-001
 3.110000000000000e+000,-5.695544154758221e-001, 1.859730407437548e-001,-3.491024957819474e-001,-1.552913317817180e-001, 5.743856322602627e-002, 2.688518344971405e-002, 3.640522312075735e-001, 3.461786480953630e-001, 2.585750703952796e-001, 1.683022472719324e-001
 3.120000000000000e+000,-5.703669980487622e-001, 1.788141805951409e-001,-3.491174923200762e-001,-1.765088351336315e-001, 5.833173760201703e-002, 2.635463747966258e-002, 3.551456170910983e-001, 3.325834778106558e-001, 2.578635572199528e-001, 1.637624828406603e-001
 3.130000000000000e+000,-5.713437058330093e-001, 1.721871756770177e-001,-3.491321661761548e-001,-1.977753599415439e-001, 5.906415846209529e-002, 2.616788205394542e-002, 3.475168676494564e-001, 3.201976432022701e-001, 2.560873948599531e-001, 1.589189890968908e-001
 3.140000000000000e+000,-5.724483130841432e-001, 1.661039400838582e-001,-3.491465260276562e-001,-2.189826192451974e-001, 5.966995608539054e-002, 2.623083891215744e-002, 3.410168538239239e-001, 3.087472905386447e-001, 2.535842804969168e-001, 1.538920098407832e-001
 3.150000000000000e+000,-5.736523161570725e-001, 1.605551106766474e-001,-3.491605772650674e-001,-2.400231814542337e-001, 6.017531325049876e-002, 2.645912015055910e-002, 3.355067922907166e-001, 2.979632129809635e-001, 2.506364604293208e-001, 1.488244023468304e-001
 3.160000000000000e+000,-5.749382876874557e-001, 1.555152485243199e-001,-3.491743239969504e-001,-2.607937427958107e-001, 6.060268977977458e-002, 2.677973228664296e-002, 3.308627673908293e-001, 2.876112870101055e-001, 2.474609991862877e-001, 1.438541651291835e-001
 3.170000000000000e+000,-5.762971855275619e-001, 1.509487698387069e-001,-3.491877692678391e-001,-2.811980584166562e-001, 6.097230144982917e-002, 2.713147368231493e-002, 3.269763324804745e-001, 2.775035253415909e-001, 2.442078551015450e-001, 1.390981007397008e-001
 3.180000000000000e+000,-5.777252294526560e-001, 1.468149002561012e-001,-3.492009129360236e-001,-3.011496536477027e-001, 6.130208266398436e-002, 2.746487091074482e-002, 3.237548325538402e-001, 2.674987800705737e-001, 2.409656908270954e-001, 1.346429059872915e-001
 3.190000000000000e+000,-5.792235955640804e-001, 1.430699183168152e-001,-3.492137501766952e-001,-3.205760663563748e-001, 6.160100457022769e-002, 2.773934556444836e-002, 3.211307336376278e-001, 2.574630160196670e-001, 2.377811857958820e-001, 1.305285649210835e-001
 3.200000000000000e+000,-5.807841284235066e-001, 1.396728933641196e-001,-3.492262732441530e-001,-3.394108007969403e-001, 6.189026966844007e-002, 2.792833892540777e-002, 3.190240050796892e-001, 2.473989267682006e-001, 2.346412769978130e-001, 1.267962520584269e-001
 3.210000000000000e+000,-5.824007262319052e-001, 1.365829829341938e-001,-3.492384770999679e-001,-3.576022126817140e-001, 6.217624297790964e-002, 2.800898426707667e-002, 3.173785679627005e-001, 2.372771167301780e-001, 2.315233493805391e-001, 1.234383897058460e-001
 3.220000000000000e+000,-5.840586430774281e-001, 1.337639595468447e-001,-3.492503615503378e-001,-3.751061935107185e-001, 6.246618549222142e-002, 2.796466555881349e-002, 3.161328246113394e-001, 2.271211052052773e-001, 2.283860914201459e-001, 1.204361056494908e-001
 3.230000000000000e+000,-5.857344899223645e-001, 1.311849262940676e-001,-3.492619338062049e-001,-3.918861102163294e-001, 6.277167628880545e-002, 2.778447359233624e-002, 3.152134415381818e-001, 2.170182626901133e-001, 2.251737503543425e-001, 1.177675636775890e-001
 3.240000000000000e+000,-5.874069717347347e-001, 1.288170991346471e-001,-3.492732033102686e-001,-4.079190735937153e-001, 6.308602894352963e-002, 2.745510915078173e-002, 3.145690695319439e-001, 2.069663396725343e-001, 2.218601092132151e-001, 1.153593220907884e-001
 3.250000000000000e+000,-5.890500142188057e-001, 1.266366305557920e-001,-3.492841714019384e-001,-4.231838965504111e-001, 6.341409973648444e-002, 2.697536235495004e-002, 3.141205806228071e-001, 1.970725860959987e-001, 2.184048223147901e-001, 1.131574829735392e-001
 3.260000000000000e+000,-5.906429960864741e-001, 1.246215206199652e-001,-3.492948116666063e-001,-4.376610919155484e-001, 6.375165007621950e-002, 2.635645387008883e-002, 3.137916191142534e-001, 1.874261070627723e-001, 2.147891218661475e-001, 1.110896040336591e-001
 3.270000000000000e+000,-5.921688306539988e-001, 1.227524419426909e-001,-3.493050634126653e-001,-4.513224470617994e-001, 6.408942330078286e-002, 2.563348680288291e-002, 3.135017557754925e-001, 1.781241617192108e-001, 2.110123852440597e-001, 1.090811260741782e-001
 3.280000000000000e+000,-5.936106488826237e-001, 1.210143042739824e-001,-3.493148324536885e-001,-4.641193619681010e-001, 6.441293853881461e-002, 2.487606058682143e-002, 3.131668165777051e-001, 1.692669960705248e-001, 2.070960805193827e-001, 1.070616827052532e-001
 3.290000000000000e+000,-5.949477707951623e-001, 1.193976657257732e-001,-3.493239857830068e-001,-4.759739928472191e-001, 6.470275465547569e-002, 2.419576825372407e-002, 3.127035426754618e-001, 1.609542692352492e-001, 2.030864898852836e-001, 1.049673658124850e-001
 3.300000000000000e+000,-5.961548059031093e-001, 1.178988582325193e-001,-3.493323462568183e-001,-4.867800958885720e-001, 6.493005747557808e-002, 2.374274802106386e-002, 3.120493896529810e-001, 1.532405377735273e-001, 1.990664947886101e-001, 1.027259785487868e-001
 3.310000000000000e+000,-5.971908678819385e-001, 1.165258440815524e-001,-3.493397050127694e-001,-4.964031841371406e-001, 6.508494932745929e-002, 2.370484531239336e-002, 3.111274758919506e-001, 1.463160934019500e-001, 1.951004622473296e-001, 1.003199508829204e-001
 3.320000000000000e+000,-5.980135941497721e-001, 1.152995182204937e-001,-3.493458507584250e-001,-5.047044132622280e-001, 6.514410410405183e-002, 2.427101434630634e-002, 3.099122121608390e-001, 1.402553832429603e-001, 1.913038128006570e-001, 9.770307898618365e-002
 3.330000000000000e+000,-5.985746843606572e-001, 1.142623018595874e-001,-3.493505998093734e-001,-5.115517701802663e-001, 6.509527267805486e-002, 2.561567221731317e-002, 3.083936552964782e-001, 1.351727211734554e-001, 1.877934721559795e-001, 9.485982388484766e-002
 3.340000000000000e+000,-5.988264878895788e-001, 1.134794379147917e-001,-3.493538195758624e-001,-5.168367007395744e-001, 6.493298749195503e-002, 2.787399972285345e-002, 3.065885572158060e-001, 1.311768778381572e-001, 1.846904539505605e-001, 9.179617315810786e-002
 3.350000000000000e+000,-5.987270519631681e-001, 1.130347626649602e-001,-3.493554379774773e-001,-5.204815256642785e-001, 6.465890727652011e-002, 3.112654020400732e-002, 3.045406869856749e-001, 1.283662872380962e-001, 1.821093555101272e-001, 8.854053596621807e-002
 3.360000000000000e+000,-5.982471722676070e-001, 1.130198969008143e-001,-3.493554335550669e-001,-5.224395240376603e-001, 6.428143273904421e-002, 3.539028580110704e-002, 3.023214150151264e-001, 1.268232675357079e-001, 1.801508733359836e-001, 8.514045993146979e-002
 3.370000000000000e+000,-5.973786884931874e-001, 1.135191683113301e-001,-3.493538185290586e-001,-5.226902096140598e-001, 6.381546144530700e-002, 4.061510706528811e-002, 3.000297978998831e-001, 1.266039632168185e-001, 1.788972967286315e-001, 8.165654085845549e-002
 3.380000000000000e+000,-5.961413274981936e-001, 1.145946645360145e-001,-3.493506326807322e-001,-5.212330620455516e-001, 6.328285598734529e-002, 4.668604823635019e-002, 2.977897796676816e-001, 1.277286929596576e-001, 1.784076873677174e-001, 7.815594616552074e-002
 3.390000000000000e+000,-5.945871072879323e-001, 1.162757568595614e-001,-3.493459516514924e-001,-5.180841113725720e-001, 6.271302176495980e-002, 5.343216058880423e-002, 2.957445443393943e-001, 1.301761322788051e-001, 1.787124794861545e-001, 7.470739763372099e-002
 3.400000000000000e+000,-5.928017613725028e-001, 1.185548961056806e-001,-3.493399028050157e-001,-5.132779143428907e-001, 6.214219411262019e-002, 6.064140878392631e-002, 2.940488405339813e-001, 1.338776564287596e-001, 1.798107503239754e-001, 7.137772616373786e-002
 3.410000000000000e+000,-5.909007354818899e-001, 1.213884687688549e-001,-3.493326801055743e-001,-5.068742299121687e-001, 6.161090129543286e-002, 6.808044975186361e-002, 2.928580324086055e-001, 1.387130979234314e-001, 1.816694339559108e-001, 6.823178107012190e-002
 3.420000000000000e+000,-5.890179421197187e-001, 1.247006691779005e-001,-3.493245484481875e-001,-4.989668878697928e-001, 6.116003055402779e-002, 7.551735390166564e-002, 2.923119869951422e-001, 1.445147974991961e-001, 1.842196971365226e-001, 6.533784092061017e-002
 3.430000000000000e+000,-5.872879914093304e-001, 1.283894641360301e-001,-3.493158343918145e-001,-4.896920284374831e-001, 6.082602782527453e-002, 8.274435320613491e-002, 2.925148596865848e-001, 1.510810994949279e-001, 1.873508442240435e-001, 6.277260039505156e-002
 3.440000000000000e+000,-5.858245406668372e-001, 1.323348979151462e-001,-3.493069101244231e-001,-4.792345008191172e-001, 6.063635438461476e-002, 8.959671993384523e-002, 2.935153961621397e-001, 1.581948554810034e-001, 1.909072574468476e-001, 6.061654252587459e-002
 3.450000000000000e+000,-5.847001526246481e-001, 1.364091891763983e-001,-3.492981732525378e-001,-4.678322798848467e-001, 6.060661922271453e-002, 9.596305482207836e-002, 2.952917090928445e-001, 1.656408927772960e-001, 1.946924359561615e-001, 5.894161356332858e-002
 3.460000000000000e+000,-5.839360506784298e-001, 1.404851265327509e-001,-3.492900169345359e-001,-4.557782471158807e-001, 6.073981840261815e-002, 1.017832219691913e-001, 2.977438282298163e-001, 1.732163239498650e-001, 1.984819548658932e-001, 5.779872318193911e-002
 3.470000000000000e+000,-5.835076112940547e-001, 1.444392437013398e-001,-3.492827900185622e-001,-4.434190584856654e-001, 6.102679525235941e-002, 1.070346161722497e-001, 3.006992695652694e-001, 1.807307675213524e-001, 2.020470802469339e-001, 5.720363216660454e-002
 3.480000000000000e+000,-5.833587215155780e-001, 1.481423724850937e-001,-3.492767461520105e-001,-4.311725688529589e-001, 6.144580843223695e-002, 1.116868095807395e-001, 3.039479267360943e-001, 1.879719437049600e-001, 2.051923539845726e-001, 5.713493454985356e-002
 3.490000000000000e+000,-5.834258271674829e-001, 1.514899334081030e-001,-3.492720537514136e-001,-4.194629293261774e-001, 6.196396514622590e-002, 1.157739762735071e-001, 3.072037254832356e-001, 1.947732187107372e-001, 2.077676725593427e-001, 5.746772609541294e-002
 3.500000000000000e+000,-5.836590804686465e-001, 1.544737558863392e-001,-3.492686794773451e-001,-4.084039664172523e-001, 6.255776982243587e-002, 1.194334828562911e-001, 3.102588559427367e-001, 2.011563033967581e-001, 2.097490901703218e-001, 5.803393004642481e-002
