Main.Studies.MarkerTracking.t,Main.Studies.MarkerTracking.JointAngleOutputs.OutputFile_RightArm.SternoClavicularProtraction,Main.Studies.MarkerTracking.JointAngleOutputs.OutputFile_RightArm.SternoClavicularElevation,Main.Studies.MarkerTracking.JointAngleOutputs.OutputFile_RightArm.SternoClavicularAxialRotation,Main.Studies.MarkerTracking.JointAngleOutputs.OutputFile_RightArm.AcromioClavicularProtraction,Main.Studies.MarkerTracking.JointAngleOutputs.OutputFile_RightArm.AcromioClavicularMedialRotation,Main.Studies.MarkerTracking.JointAngleOutputs.OutputFile_RightArm.AcromioClavicularPosteriorTilt,Main.Studies.MarkerTracking.JointAngleOutputs.OutputFile_RightArm.ScapulaHumerus_PlaneOfElevation,Main.Studies.MarkerTracking.JointAngleOutputs.OutputFile_RightArm.ScapulaHumerus_Elevation,Main.Studies.MarkerTracking.JointAngleOutputs.OutputFile_RightArm.ScapulaHumerus_InternalAxialRotation,Main.Studies.MarkerTracking.JointAngleOutputs.OutputFile_RightArm.ElbowFlexion,Main.Studies.MarkerTracking.JointAngleOutputs.OutputFile_RightArm.ElbowPronation,Main.Studies.MarkerTracking.JointAngleOutputs.OutputFile_RightArm.WristFlexion,Main.Studies.MarkerTracking.JointAngleOutputs.OutputFile_RightArm.WristAbduction
  1.600000000000000e+00, -4.063236653126973e-01,  1.048286809777426e-01,  1.964495859996594e-02,  7.194882009158570e-01, -2.897908716586501e-01,  1.964495859982464e-02,  7.314249144779466e-01, -4.615707298180365e-01, -1.110063151207971e+00,  5.490689676346051e-01,  7.081409386925079e-01,  2.778668615540052e-01,  1.439208294116089e-02
  1.610000000000000e+00, -4.054745422616623e-01,  1.071189590955035e-01,  2.063537712945477e-02,  7.194318217048700e-01, -2.900415970565859e-01,  2.063537709962486e-02,  7.277297858240246e-01, -4.586756965886595e-01, -1.108956076814007e+00,  5.419966279411644e-01,  7.105381530850491e-01,  2.828591161872196e-01,  1.399805429094538e-02
  1.620000000000000e+00, -4.044900172768299e-01,  1.100351725087527e-01,  2.190876345768681e-02,  7.193514227331996e-01, -2.903675096214260e-01,  2.190876342991478e-02,  7.226557985556069e-01, -4.558820087380646e-01, -1.106501509232667e+00,  5.347464215880873e-01,  7.136331278069732e-01,  2.878702782730311e-01,  1.360619888271466e-02
  1.630000000000000e+00, -4.034224854407352e-01,  1.135470244487125e-01,  2.345930398868587e-02,  7.192449110486425e-01, -2.907681869396539e-01,  2.345930398826463e-02,  7.160173937830434e-01, -4.532577796838862e-01, -1.102467676458148e+00,  5.275101097765089e-01,  7.173421829118218e-01,  2.928632949817944e-01,  1.322349378395001e-02
  1.640000000000000e+00, -4.023357281982403e-01,  1.175896411151984e-01,  2.526665865071046e-02,  7.191113594114914e-01, -2.912393564750440e-01,  2.526665865036330e-02,  7.077162466639161e-01, -4.508706682215309e-01, -1.096685244864072e+00,  5.205536788613045e-01,  7.214558774711578e-01,  2.977556603260805e-01,  1.285002718682391e-02
  1.650000000000000e+00, -4.012851909643201e-01,  1.220646655560980e-01,  2.729445179322619e-02,  7.189529305655641e-01, -2.917716884557864e-01,  2.729445179292515e-02,  6.977765256574395e-01, -4.487765698166578e-01, -1.089119724740514e+00,  5.141843353917156e-01,  7.258772919691396e-01,  3.024285328197365e-01,  1.249727923286486e-02
  1.660000000000000e+00, -4.003174897791390e-01,  1.268546769940042e-01,  2.949595880004636e-02,  7.187736004802507e-01, -2.923526836386288e-01,  2.949595879977531e-02,  6.863426086843711e-01, -4.470255184834661e-01, -1.079845688754622e+00,  5.087491242579023e-01,  7.304625522993364e-01,  3.067296063323246e-01,  1.217561770268505e-02
  1.670000000000000e+00, -3.994651175671474e-01,  1.318438320783351e-01,  3.182275464079934e-02,  7.185782240427040e-01, -2.929690751543730e-01,  3.182275464053415e-02,  6.736549618826756e-01, -4.456603307731838e-01, -1.069029627987028e+00,  5.045962447531235e-01,  7.350806484928259e-01,  3.104874386265954e-01,  1.189669850740943e-02
  1.680000000000000e+00, -3.987474986994924e-01,  1.369405808852036e-01,  3.423540770444149e-02,  7.183710013925109e-01, -2.936099558448602e-01,  3.423540770417553e-02,  6.600112571507907e-01, -4.447173059483784e-01, -1.056892127338664e+00,  5.020392373410617e-01,  7.396283396289006e-01,  3.135231808754821e-01,  1.167391024015354e-02
  1.690000000000000e+00, -3.981745278418702e-01,  1.420924341670537e-01,  3.671129712775542e-02,  7.181544259131856e-01, -2.942690217440558e-01,  3.671129712751041e-02,  6.457313197114605e-01, -4.442248632985807e-01, -1.043676348970904e+00,  5.013274273865019e-01,  7.440453727165608e-01,  3.156614508675073e-01,  1.152262638089291e-02
  1.700000000000000e+00, -3.977533422096745e-01,  1.472863604163797e-01,  3.924616429661263e-02,  7.179288419650204e-01, -2.949451091379878e-01,  3.924616429640041e-02,  6.311328076887804e-01, -4.441969705703783e-01, -1.029626755914685e+00,  5.026258146786106e-01,  7.483259862423440e-01,  3.167445506633224e-01,  1.145842694278211e-02
  1.710000000000000e+00, -3.974955154730460e-01,  1.525357530134814e-01,  4.184911871761628e-02,  7.176926667868957e-01, -2.956409450467077e-01,  4.184911871744115e-02,  6.165117656823912e-01, -4.446214684535839e-01, -1.014971192186552e+00,  5.060039954653763e-01,  7.525166058502242e-01,  3.166529482593172e-01,  1.149440889366571e-02
  1.720000000000000e+00, -3.974207186320880e-01,  1.578605144289651e-01,  4.453358005746259e-02,  7.174432120727844e-01, -2.963607114562532e-01,  4.453358005733292e-02,  6.021250971807470e-01, -4.454485914398503e-01, -9.999042222953425e-01,  5.114347646519128e-01,  7.566983271602835e-01,  3.153304748137049e-01,  1.164051951837633e-02
  1.730000000000000e+00, -3.975565713936769e-01,  1.632673793533412e-01,  4.730743689344091e-02,  7.171776886311606e-01, -2.971073590997022e-01,  4.730743689335875e-02,  5.881793624893421e-01, -4.465855929211756e-01, -9.845762580488375e-01,  5.188042252028046e-01,  7.609689422401554e-01,  3.128111049065008e-01,  1.190442277419250e-02
  1.740000000000000e+00, -3.979370749388190e-01,  1.687354843255222e-01,  5.016510387254892e-02,  7.168938764291554e-01, -2.978805099985313e-01,  5.016510386594215e-02,  5.748288812212644e-01, -4.479000767149184e-01, -9.690893001667022e-01,  5.279383052836719e-01,  7.654060782502571e-01,  3.092255293039681e-01,  1.228925639104389e-02
  1.750000000000000e+00, -3.985915011386323e-01,  1.742130421847174e-01,  5.308410471153294e-02,  7.165912392314197e-01, -2.986752013987288e-01,  5.308410470752595e-02,  5.621773218812783e-01, -4.492233048526386e-01, -9.535312898986058e-01,  5.386105031317009e-01,  7.702444628391039e-01,  3.047818698833318e-01,  1.280444627949142e-02
  1.760000000000000e+00, -3.995399577462296e-01,  1.796260588621366e-01,  5.602828880862711e-02,  7.162707169931629e-01, -2.994827241848093e-01,  5.602828880650972e-02,  5.502672932865088e-01, -4.503789882562828e-01, -9.379448514783578e-01,  5.506030959947764e-01,  7.756055393023775e-01,  2.996789680421270e-01,  1.344788006634591e-02
  1.770000000000000e+00, -4.007808167270670e-01,  1.848977029641627e-01,  5.895646151745901e-02,  7.159352039829096e-01, -3.002923901589307e-01,  5.895646151658850e-02,  5.390699948608534e-01, -4.512015658649554e-01, -9.223461488055940e-01,  5.637065324758341e-01,  7.816103129489270e-01,  2.940663144775986e-01,  1.421553943146873e-02
  1.780000000000000e+00, -4.022941135237375e-01,  1.899655262548863e-01,  6.183179624230725e-02,  7.155885178127882e-01, -3.010941316958118e-01,  6.183179624215992e-02,  5.284899343645686e-01, -4.515602699394275e-01, -9.067140277460163e-01,  5.777393232796618e-01,  7.882632261648773e-01,  2.880253368156980e-01,  1.509770802287273e-02
  1.790000000000000e+00, -4.040500884042699e-01,  1.947907641715356e-01,  6.462804407020527e-02,  7.152342885456775e-01, -3.018803953068079e-01,  6.462804407044936e-02,  5.183891466846533e-01, -4.513710045061311e-01, -8.910009833363264e-01,  5.925504331704571e-01,  7.954526042866354e-01,  2.815954620278669e-01,  1.608033328981399e-02
  1.800000000000000e+00, -4.060173362730485e-01,  1.993609084367154e-01,  6.733239999727918e-02,  7.148752328649085e-01, -3.026470973492557e-01,  6.733239999772965e-02,  5.086098181691516e-01, -4.505988046188066e-01, -8.751454315193006e-01,  6.080148203288167e-01,  8.029932740287333e-01,  2.748107017486789e-01,  1.714271768526368e-02
  1.810000000000000e+00, -4.081665953423138e-01,  2.036892671493202e-01,  6.994643690302502e-02,  7.145130401344562e-01, -3.033938711991360e-01,  6.994643690360325e-02,  4.989822328775800e-01, -4.492569081427539e-01, -8.590732754802837e-01,  6.240332612021275e-01,  8.106264928602592e-01,  2.677035118126223e-01,  1.824933127326813e-02
  1.820000000000000e+00, -4.104664318116625e-01,  2.078109328262105e-01,  7.248425614856849e-02,  7.141492371537019e-01, -3.041232664049458e-01,  7.248425620001960e-02,  4.893320957460000e-01, -4.474026917545818e-01, -8.427101276798752e-01,  6.405313020746879e-01,  8.180302225975847e-01,  2.602856643362106e-01,  1.934955274983128e-02
  1.830000000000000e+00, -4.128836499499993e-01,  2.117725271019144e-01,  7.496720696570164e-02,  7.137855661845369e-01, -3.048393872065112e-01,  7.496720696649171e-02,  4.794880766538853e-01, -4.451231462971211e-01, -8.259814049924286e-01,  6.574633802999474e-01,  8.247784255298263e-01,  2.525463216537820e-01,  2.038361563637157e-02
  1.840000000000000e+00, -4.153660128511465e-01,  2.156221088011783e-01,  7.741678946919012e-02,  7.134262054146773e-01, -3.055453493594398e-01,  7.741678947012752e-02,  4.693291305249292e-01, -4.425211111974096e-01, -8.088935999446358e-01,  6.747739052721893e-01,  8.306796883695117e-01,  2.445127004702625e-01,  2.131751145800745e-02
  1.850000000000000e+00, -4.178599431311752e-01,  2.193973610912665e-01,  7.984913230655215e-02,  7.130759461620411e-01, -3.062428169001350e-01,  7.984913230765729e-02,  4.587846677181870e-01, -4.396946140146026e-01, -7.914933856005507e-01,  6.924183608473186e-01,  8.356063614844913e-01,  2.362550976866207e-01,  2.213388525404897e-02
  1.860000000000000e+00, -4.203097042779275e-01,  2.231200081426545e-01,  8.227127198548093e-02,  7.127402539379400e-01, -3.069311416915437e-01,  8.227127198677922e-02,  4.478476284769540e-01, -4.367274506115852e-01, -7.738838875884848e-01,  7.103519752031070e-01,  8.395842221589550e-01,  2.278829886284652e-01,  2.283674500297906e-02
  1.870000000000000e+00, -4.226662900430061e-01,  2.267951574585583e-01,  8.468107901488948e-02,  7.124241314611957e-01, -3.076078279520069e-01,  8.468107901637406e-02,  4.365569894431174e-01, -4.336826575638303e-01, -7.561924934818791e-01,  7.285291620753278e-01,  8.427326433642340e-01,  2.195221118436017e-01,  2.344414957378331e-02
  1.880000000000000e+00, -4.248957687284071e-01,  2.304159361661413e-01,  8.707039697412451e-02,  7.121310065917742e-01, -3.082697006636017e-01,  8.707039697577527e-02,  4.249762873712664e-01, -4.306024305443621e-01, -7.385394640584475e-01,  7.468989541813923e-01,  8.452258260220684e-01,  2.112989535348946e-01,  2.398374551120375e-02
  1.890000000000000e+00, -4.269853830573716e-01,  2.339692216189442e-01,  8.942887320084303e-02,  7.118619392259458e-01, -3.089140869001401e-01,  8.942887320260950e-02,  4.131797351380825e-01, -4.275131288166865e-01, -7.210194220289027e-01,  7.654080280519916e-01,  8.472419077306604e-01,  2.033216772432425e-01,  2.448670333615267e-02
  1.900000000000000e+00, -4.289435880651009e-01,  2.374399690633728e-01,  9.174660219988544e-02,  7.116155843921885e-01, -3.095394101979325e-01,  9.174660220168375e-02,  4.012480015143862e-01, -4.244306776102955e-01, -7.037006818996197e-01,  7.840062012119048e-01,  8.489339927005761e-01,  1.956712907733773e-01,  2.498141216577973e-02
  1.910000000000000e+00, -4.307944843849020e-01,  2.408154304273893e-01,  9.401631795670871e-02,  7.113888084392112e-01, -3.101454154822907e-01,  9.401631795842352e-02,  3.892672923177556e-01, -4.213648548182741e-01, -6.866337775775421e-01,  8.026469581840756e-01,  8.504393736237567e-01,  1.884096097099714e-01,  2.549008189168950e-02
  1.920000000000000e+00, -4.325683565358983e-01,  2.440916362345238e-01,  9.623672840012260e-02,  7.111777383015864e-01, -3.107334803280830e-01,  9.623672846329057e-02,  3.773326176975993e-01, -4.183276578152718e-01, -6.698665121886224e-01,  8.212859886568228e-01,  8.518889304867385e-01,  1.815818946355960e-01,  2.602717196696740e-02
  1.930000000000000e+00, -4.343022433256298e-01,  2.472739264865902e-01,  9.841318210938353e-02,  7.109777893335978e-01, -3.113067506875054e-01,  9.841318215547860e-02,  3.655379157240054e-01, -4.153329953876643e-01, -6.534414639597322e-01,  8.398820424556770e-01,  8.533808407803559e-01,  1.752177162546456e-01,  2.659806262952253e-02
  1.940000000000000e+00, -4.360207879001737e-01,  2.503817532321961e-01,  1.005591240236910e-01,  7.107857936309987e-01, -3.118695970863568e-01,  1.005591240463899e-01,  3.539998572274162e-01, -4.124107843038442e-01, -6.374313471101537e-01,  8.583948685111547e-01,  8.549725105425851e-01,  1.693208684127563e-01,  2.720122904843596e-02
  1.950000000000000e+00, -4.377386200969972e-01,  2.534383124220010e-01,  1.026899324919116e-01,  7.105998296758281e-01, -3.124263017943241e-01,  1.026899324848155e-01,  3.428445846337156e-01, -4.095940681724287e-01, -6.219267540073066e-01,  8.767853933874415e-01,  8.566508861321366e-01,  1.638778343163303e-01,  2.782969665013412e-02
  1.960000000000000e+00, -4.394513842038200e-01,  2.564627678248990e-01,  1.048169935529877e-01,  7.104201627551434e-01, -3.129793471470625e-01,  1.048169935518173e-01,  3.321985023094626e-01, -4.069115406244813e-01, -6.070325586225717e-01,  8.950147423727662e-01,  8.583373893878203e-01,  1.588543954803323e-01,  2.847317163457881e-02
  1.970000000000000e+00, -4.411381307160160e-01,  2.594678016768510e-01,  1.069461265041437e-01,  7.102489052192614e-01, -3.135292104534022e-01,  1.069461265019491e-01,  3.221932203292084e-01, -4.043867455356813e-01, -5.928708304080064e-01,  9.130443619796544e-01,  8.599043716697474e-01,  1.541827741947692e-01,  2.911785449073341e-02
  1.980000000000000e+00, -4.427595989111145e-01,  2.624530565719467e-01,  1.090728211173806e-01,  7.100900738421269e-01, -3.140732766085890e-01,  1.090728211140853e-01,  3.129279843802676e-01, -4.020269045830586e-01, -5.795493988182228e-01,  9.308340526711707e-01,  8.611990859123921e-01,  1.497538714232336e-01,  2.974827670890882e-02
  1.990000000000000e+00, -4.442697674816328e-01,  2.654089241644351e-01,  1.111855201922225e-01,  7.099482601843131e-01, -3.146071244000630e-01,  1.111855201920604e-01,  3.044854075242017e-01, -3.998280725091238e-01, -5.671660795023236e-01,  9.483362291597827e-01,  8.620874928026471e-01,  1.454442193655894e-01,  3.035147460492328e-02
  2.000000000000000e+00, -4.456176920446633e-01,  2.683181458158757e-01,  1.132666130885642e-01,  7.098283680964148e-01, -3.151248574109649e-01,  1.132666130883442e-01,  2.969310280115334e-01, -3.977757359625071e-01, -5.558022355035838e-01,  9.654902609921262e-01,  8.625039305687051e-01,  1.411592398260240e-01,  3.092286334993463e-02
  2.010000000000000e+00, -4.467660336172625e-01,  2.711623244572072e-01,  1.152985975792837e-01,  7.097336944247821e-01, -3.156212630402577e-01,  1.152985975789846e-01,  2.903340445159350e-01, -3.958544394306709e-01, -5.455303330408471e-01,  9.822228131097493e-01,  8.624504189186283e-01,  1.368499771762202e-01,  3.146478056104798e-02
  2.020000000000000e+00, -4.476886924130559e-01,  2.739317802168983e-01,  1.172705916545344e-01,  7.096663167248786e-01, -3.160931154878348e-01,  1.172705916541122e-01,  2.847679680743091e-01, -3.940623064316363e-01, -5.364199743525080e-01,  9.984510151017386e-01,  8.619723819829557e-01,  1.324760382777903e-01,  3.198069958052873e-02
  2.030000000000000e+00, -4.483715982276492e-01,  2.766361690995345e-01,  1.191859695372505e-01,  7.096272433689715e-01, -3.165408309376936e-01,  1.191859695372290e-01,  2.803131101666762e-01, -3.924268767375452e-01, -5.285466806328140e-01,  1.014084363273350e+00,  8.611367053546352e-01,  1.279754562543913e-01,  3.247117009453671e-02
  2.040000000000000e+00, -4.488217761404397e-01,  2.793115730257965e-01,  1.210687426773304e-01,  7.096157433087302e-01, -3.169701710300281e-01,  1.210687426772946e-01,  2.770664695908742e-01, -3.910166044029375e-01, -5.220013445430647e-01,  1.029023599015720e+00,  8.600310769787350e-01,  1.232826354064398e-01,  3.293455252516604e-02
  2.050000000000000e+00, -4.490560668936457e-01,  2.820201712630079e-01,  1.229627494263673e-01,  7.096307052931189e-01, -3.173915155018512e-01,  1.229627494263048e-01,  2.751407896861724e-01, -3.899433350775961e-01, -5.168951792874403e-01,  1.043159290163086e+00,  8.587880231966257e-01,  1.183648457576589e-01,  3.337084854999146e-02
  2.060000000000000e+00, -4.491043970313907e-01,  2.848364775463086e-01,  1.249230450782016e-01,  7.096702623548057e-01, -3.178180738966381e-01,  1.249230450780973e-01,  2.746570944106870e-01, -3.893478625209831e-01, -5.133476077089089e-01,  1.056375526678496e+00,  8.575724698606808e-01,  1.132468068366990e-01,  3.378275038802658e-02
  2.070000000000000e+00, -4.490034109718946e-01,  2.878188125397467e-01,  1.269955835155243e-01,  7.097320438542436e-01, -3.182612037324104e-01,  1.269955835153753e-01,  2.757041966845127e-01, -3.893660034137882e-01, -5.114441875009185e-01,  1.068555681091866e+00,  8.565449213764726e-01,  1.079930443271142e-01,  3.417552704929556e-02
  2.080000000000000e+00, -4.487919668829289e-01,  2.909695825418250e-01,  1.291884435737688e-01,  7.098127774461568e-01, -3.187240741042654e-01,  1.291884435735680e-01,  2.782778002350052e-01, -3.900780162068860e-01, -5.111694992392808e-01,  1.079584967341858e+00,  8.558251150976710e-01,  1.026892998529636e-01,  3.455689789223623e-02
  2.090000000000000e+00, -4.485093217882800e-01,  2.941960866309037e-01,  1.314424571257322e-01,  7.099072287342436e-01, -3.191954454045374e-01,  1.314424571257110e-01,  2.822211126987357e-01, -3.914550691706750e-01, -5.123384907967010e-01,  1.089349373658273e+00,  8.554779028774806e-01,  9.744616245439963e-02,  3.493618517107477e-02
  2.100000000000000e+00, -4.481849362718904e-01,  2.972930958608675e-01,  1.336150617716557e-01,  7.100080585033867e-01, -3.196460563731809e-01,  1.336150617716315e-01,  2.871955592869161e-01, -3.933298672685487e-01, -5.145673944167143e-01,  1.097735062491692e+00,  8.555228048665641e-01,  9.239879573628040e-02,  3.532143887859372e-02
  2.110000000000000e+00, -4.478458995733636e-01,  2.999654312836018e-01,  1.354947460417425e-01,  7.101047888803470e-01, -3.200322718086062e-01,  1.354947460417187e-01,  2.927287489050441e-01, -3.954171981809840e-01, -5.173233872661270e-01,  1.104631320582750e+00,  8.559381632380895e-01,  8.770006394154284e-02,  3.571498036399327e-02
  2.120000000000000e+00, -4.475093919668965e-01,  3.018870553860282e-01,  1.368421531243854e-01,  7.101858204778116e-01, -3.203045591273512e-01,  1.368421531243609e-01,  2.983133424769048e-01, -3.973846680448176e-01, -5.200412284948055e-01,  1.109934669589010e+00,  8.566811161739996e-01,  8.349699780735542e-02,  3.611295628427195e-02
  2.130000000000000e+00, -4.471864109971029e-01,  3.027688967827067e-01,  1.374421700227435e-01,  7.102405564844173e-01, -3.204184388618729e-01,  1.374421700227216e-01,  3.035209695961028e-01, -3.989403075456850e-01, -5.222515429611401e-01,  1.113551799132384e+00,  8.577031969964164e-01,  7.991628957335517e-02,  3.650748348514462e-02
  2.140000000000000e+00, -4.468864027850256e-01,  3.024078786674322e-01,  1.371447152813679e-01,  7.102616224031600e-01, -3.203428675782496e-01,  1.371447152813403e-01,  3.080795040648419e-01, -3.998988588418108e-01, -5.236680792710362e-01,  1.115400910989958e+00,  8.589653464476985e-01,  7.706003864793254e-02,  3.688926943821288e-02
  2.150000000000000e+00, -4.466219727831411e-01,  3.007086966542354e-01,  1.358852572938977e-01,  7.102462216797411e-01, -3.200643798212974e-01,  1.358852572938682e-01,  3.118993861644939e-01, -4.002108658987272e-01, -5.242171396367774e-01,  1.115411118148791e+00,  8.604423479118726e-01,  7.501121849562242e-02,  3.724947443464383e-02
  2.160000000000000e+00, -4.464105232169476e-01,  2.976848275889388e-01,  1.336871600001061e-01,  7.101964524716384e-01, -3.195875078690296e-01,  1.336871600000712e-01,  3.150539879150436e-01, -3.999593646614512e-01, -5.240171524013186e-01,  1.113518648740961e+00,  8.621196216129510e-01,  7.384040936034730e-02,  3.758083736998236e-02
  2.170000000000000e+00, -4.462719882053744e-01,  2.934466439606873e-01,  1.306508347126834e-01,  7.101186815322998e-01, -3.189325587791667e-01,  1.306508347126357e-01,  3.177284585320376e-01, -3.993345138555620e-01, -5.233259434653602e-01,  1.109661726564168e+00,  8.639929257436565e-01,  7.360913522303547e-02,  3.787810592060571e-02
  2.180000000000000e+00, -4.462241123593020e-01,  2.881817034391678e-01,  1.269344131346085e-01,  7.100221974077804e-01, -3.181317357973359e-01,  1.269344131345506e-01,  3.201571450026414e-01, -3.985962231786874e-01, -5.224756324970927e-01,  1.103778853224607e+00,  8.660656701775172e-01,  7.436765684043545e-02,  3.813766828701508e-02
  2.190000000000000e+00, -4.462746768862459e-01,  2.821330581196075e-01,  1.227317545870386e-01,  7.099178147994754e-01, -3.172246695625525e-01,  1.227317545869742e-01,  3.225643120880166e-01, -3.980353558785487e-01, -5.218104567912492e-01,  1.095812703220078e+00,  8.683382297010408e-01,  7.613772928567131e-02,  3.835607979254960e-02
  2.200000000000000e+00, -4.464090735723167e-01,  2.755814449316265e-01,  1.182533786490212e-01,  7.098171792141128e-01, -3.162543399096223e-01,  1.182533786489449e-01,  3.251168766827002e-01, -3.979425334789508e-01, -5.216384061693473e-01,  1.085718783217676e+00,  8.708018978471915e-01,  7.888135622070713e-02,  3.852811405472738e-02
  2.210000000000000e+00, -4.465780082952829e-01,  2.688285218635835e-01,  1.137099682151045e-01,  7.097325654028159e-01, -3.152633985471065e-01,  1.137099682150203e-01,  3.279007701318950e-01, -3.985828935067922e-01, -5.222040336169606e-01,  1.073479344532390e+00,  8.734427452640754e-01,  8.247735294239389e-02,  3.864632869975992e-02
  2.220000000000000e+00, -4.466978585748266e-01,  2.621703802809510e-01,  1.092931872540360e-01,  7.096760136205986e-01, -3.142901761010735e-01,  1.092931872539495e-01,  3.309217019850342e-01, -4.001642974687358e-01, -5.236726216897097e-01,  1.059121681414799e+00,  8.762404723115224e-01,  8.671677158480273e-02,  3.870233292485842e-02
  2.230000000000000e+00, -4.466699038622602e-01,  2.558602584673078e-01,  1.051542496048837e-01,  7.096573916495101e-01, -3.133646468339324e-01,  1.051542496047970e-01,  3.341142175767574e-01, -4.027970484919042e-01, -5.261079656028811e-01,  1.042734231868850e+00,  8.791545634633490e-01,  9.130695988741144e-02,  3.868767898351337e-02
  2.240000000000000e+00, -4.464068841628797e-01,  2.500747226498630e-01,  1.013881054355629e-01,  7.096826259365900e-01, -3.125056233313703e-01,  1.013881054354752e-01,  3.373549282996856e-01, -4.064641000373502e-01, -5.294546674466997e-01,  1.024475193286520e+00,  8.821152074262451e-01,  9.588712988658310e-02,  3.859533519732115e-02
  2.250000000000000e+00, -4.458519846985601e-01,  2.448970366486460e-01,  9.802920455367432e-02,  7.097532323170048e-01, -3.117200478941737e-01,  9.802920455358698e-02,  3.404941046228512e-01, -4.110209018074406e-01, -5.335558434722705e-01,  1.004573971054334e+00,  8.850455567792317e-01,  1.000789512950480e-01,  3.842480466538056e-02
  2.260000000000000e+00, -4.449871858912969e-01,  2.403215541240395e-01,  9.505923753752123e-02,  7.098668427123453e-01, -3.110045692807932e-01,  9.505923753743818e-02,  3.434057743583821e-01, -4.162268446613849e-01, -5.382101979235592e-01,  9.833248580188244e-01,  8.879160737521675e-01,  1.035714779365045e-01,  3.818881010541451e-02
  2.270000000000000e+00, -4.438319439356855e-01,  2.362758799909446e-01,  9.242370969244620e-02,  7.100181937106776e-01, -3.103489009797600e-01,  9.242370969236562e-02,  3.460331519753254e-01, -4.217966376472979e-01, -5.432399985893218e-01,  9.610716499717143e-01,  8.907912794951219e-01,  1.061938750052065e-01,  3.791526775030558e-02
  2.280000000000000e+00, -4.424312899536398e-01,  2.326531699194125e-01,  9.005216014544433e-02,  7.102005866304920e-01, -3.097397887010751e-01,  9.005216014537148e-02,  3.484098585363486e-01, -4.274554780670710e-01, -5.485431776914591e-01,  9.381863282018745e-01,  8.938294314876990e-01,  1.079339064499030e-01,  3.764146781529639e-02
  2.290000000000000e+00, -4.408371470420268e-01,  2.293451820173671e-01,  8.787687129370308e-02,  7.104075968514677e-01, -3.091645216070427e-01,  8.787687129363983e-02,  3.506572289931726e-01, -4.329840768920675e-01, -5.541206688461500e-01,  9.150458326936340e-01,  8.972371164015949e-01,  1.089139072348471e-01,  3.740342758073825e-02
  2.300000000000000e+00, -4.390921788746195e-01,  2.262669290028896e-01,  8.584583931107308e-02,  7.106343207784656e-01, -3.086133323038993e-01,  8.584583931103035e-02,  3.529680897444323e-01, -4.382439399940767e-01, -5.600789265899280e-01,  8.920088339119412e-01,  9.012027080656045e-01,  1.093604707421170e-01,  3.722606336738755e-02
  2.310000000000000e+00, -4.372228038594096e-01,  2.233661220407746e-01,  8.392698534614498e-02,  7.108777116202230e-01, -3.080801961101489e-01,  8.392698534611187e-02,  3.555844792321158e-01, -4.431786252082861e-01, -5.666100504152775e-01,  8.693962438629380e-01,  9.058295138298794e-01,  1.095755960652884e-01,  3.711740779566933e-02
  2.320000000000000e+00, -4.352395184512270e-01,  2.206174656216433e-01,  8.210393434561958e-02,  7.111363569406755e-01, -3.075619621555932e-01,  8.210393434518502e-02,  3.587707799931228e-01, -4.477950892659776e-01, -5.739559883046176e-01,  8.474803704505721e-01,  9.110899419093674e-01,  1.098967404303739e-01,  3.706703809124971e-02
  2.330000000000000e+00, -4.331494865914456e-01,  2.180094067808791e-01,  8.036866839025782e-02,  7.114091362651652e-01, -3.070572479048459e-01,  8.036866838995081e-02,  3.627888472365819e-01, -4.521364016258979e-01, -5.823655006830682e-01,  8.264833548503395e-01,  9.168047045208393e-01,  1.106498249038477e-01,  3.704780544912729e-02
  2.340000000000000e+00, -4.309562325414562e-01,  2.155318075961739e-01,  7.871393581620911e-02,  7.116953856407258e-01, -3.065646578551835e-01,  7.871393581599732e-02,  3.678666425413034e-01, -4.562568206080289e-01, -5.920536452991989e-01,  8.065798046575217e-01,  9.226625207915001e-01,  1.120935090554780e-01,  3.702226539903764e-02
  2.350000000000000e+00, -4.286741890198220e-01,  2.131671412851701e-01,  7.712932180144037e-02,  7.119934558080483e-01, -3.060824973755103e-01,  7.712932180130205e-02,  3.741839385197115e-01, -4.602036892339090e-01, -6.031701617872477e-01,  7.879004687556324e-01,  9.282493758454712e-01,  1.143848449789773e-01,  3.695150496046009e-02
  2.360000000000000e+00, -4.263311309144192e-01,  2.108851361651589e-01,  7.559842178634768e-02,  7.123005716400401e-01, -3.056081981045984e-01,  7.559842178625947e-02,  3.818648673787242e-01, -4.640079242509104e-01, -6.157852981265672e-01,  7.705356510401711e-01,  9.331089662101542e-01,  1.175640625769525e-01,  3.680425569832103e-02
  2.370000000000000e+00, -4.239656272064617e-01,  2.086427835683735e-01,  7.409879163691183e-02,  7.126131558376814e-01, -3.051381747045812e-01,  7.409879163685933e-02,  3.909774669221351e-01, -4.676844966684079e-01, -6.298916103995407e-01,  7.545371253040893e-01,  9.368170353817962e-01,  1.215595481194911e-01,  3.656124551248018e-02
  2.380000000000000e+00, -4.216208056589119e-01,  2.063904034697757e-01,  7.260507171166161e-02,  7.129274273719958e-01, -3.046682802018437e-01,  7.260507171163100e-02,  4.015320968017054e-01, -4.712396840137378e-01, -6.454115185948649e-01,  7.399157718733709e-01,  9.390484949915570e-01,  1.262076238442935e-01,  3.621531454137090e-02
  2.390000000000000e+00, -4.193397368867671e-01,  2.040789563556509e-01,  7.109286039258995e-02,  7.132397646090923e-01, -3.041945275319469e-01,  7.109286039256651e-02,  4.134798406856061e-01, -4.746760223918332e-01, -6.622047523500862e-01,  7.266376755085397e-01,  9.396286608725749e-01,  1.312867859880014e-01,  3.577114938888255e-02
  2.400000000000000e+00, -4.171654257157941e-01,  2.016646147389545e-01,  6.954129257620449e-02,  7.135465881182745e-01, -3.037137216926959e-01,  6.954129257568362e-02,  4.267163191523073e-01, -4.779912358196636e-01, -6.800778805649649e-01,  7.146242067094707e-01,  9.385641007773197e-01,  1.365590754302284e-01,  3.524485240188054e-02
  2.410000000000000e+00, -4.151342004691138e-01,  1.991129685241759e-01,  6.793478694980838e-02,  7.138449747606740e-01, -3.032235947171817e-01,  6.793478694947475e-02,  4.410843715812768e-01, -4.811771253910214e-01, -6.987968919056176e-01,  7.037561318699074e-01,  9.360405971737754e-01,  1.418020692290709e-01,  3.466151408850184e-02
  2.420000000000000e+00, -4.132858768236395e-01,  1.964037856858709e-01,  6.626639412517209e-02,  7.141313346847383e-01, -3.027241264234846e-01,  6.626639412496922e-02,  4.563890740182659e-01, -4.842229715016630e-01, -7.180981936775945e-01,  6.938832461777011e-01,  9.323539356046202e-01,  1.468298152160954e-01,  3.404765191473644e-02
  2.430000000000000e+00, -4.116561678315244e-01,  1.935360290521899e-01,  6.453969575905770e-02,  7.144020372176427e-01, -3.022177131873278e-01,  6.453969575894752e-02,  4.724016746654232e-01, -4.871211314950779e-01, -7.377010191942809e-01,  6.848361059521137e-01,  9.278466565142441e-01,  1.514873163414296e-01,  3.342361926620417e-02
  2.440000000000000e+00, -4.102754461597883e-01,  1.905283500394344e-01,  6.276860645066452e-02,  7.146534183085056e-01, -3.017091229460500e-01,  6.276860645063267e-02,  4.888705736688616e-01, -4.898693155248908e-01, -7.573229811792445e-01,  6.764350837845261e-01,  9.228823019372915e-01,  1.556640262462146e-01,  3.280168407142727e-02
  2.450000000000000e+00, -4.091629311254386e-01,  1.874152665479898e-01,  6.097443449919977e-02,  7.148824426575141e-01, -3.012045462711517e-01,  6.097443449923257e-02,  5.055329551933916e-01, -4.924695009028722e-01, -7.766981536918549e-01,  6.684945885234944e-01,  9.178501443349437e-01,  1.593259238264075e-01,  3.219148670959700e-02
  2.460000000000000e+00, -4.083219950201806e-01,  1.842419766919776e-01,  5.918241440694390e-02,  7.150873229737660e-01, -3.007105396584167e-01,  5.918241440703213e-02,  5.221273882696637e-01, -4.949280365043660e-01, -7.955907219728851e-01,  6.608310149214514e-01,  9.131312128418142e-01,  1.625274010788227e-01,  3.160335045634014e-02
  2.470000000000000e+00, -4.077397668500236e-01,  1.810594766956768e-01,  5.741890405835030e-02,  7.152676862678079e-01, -3.002333100299124e-01,  5.741890405848186e-02,  5.384072909049646e-01, -4.972574895611541e-01, -8.138032618251864e-01,  6.532757700185676e-01,  9.090345443643308e-01,  1.653938656390315e-01,  3.104709617466342e-02
  2.480000000000000e+00, -4.073895009001762e-01,  1.779191031133300e-01,  5.570863262361832e-02,  7.154244889674309e-01, -2.997781187698789e-01,  5.570863262377784e-02,  5.541540266242223e-01, -4.994765625115175e-01, -8.311836066970981e-01,  6.456875512272656e-01,  9.057574265475929e-01,  1.680905523016130e-01,  3.053160713313527e-02
  2.490000000000000e+00, -4.072337287359670e-01,  1.748663584448871e-01,  5.407176719476331e-02,  7.155599172485411e-01, -2.993486526717850e-01,  5.407176719493587e-02,  5.691882107875326e-01, -5.016073904393599e-01, -8.476298446682522e-01,  6.379626117785226e-01,  9.033758057686990e-01,  1.707809703207752e-01,  3.006444676364449e-02
  2.500000000000000e+00, -4.072271313407951e-01,  1.719359786631780e-01,  5.252174281280642e-02,  7.156773185561756e-01, -2.989465562652680e-01,  5.252174281296291e-02,  5.833779871540942e-01, -5.036731769372718e-01, -8.630914096198883e-01,  6.300413423726623e-01,  9.018522049684372e-01,  1.735853493427548e-01,  2.964804826920457e-02
  2.510000000000000e+00, -4.073187021710559e-01,  1.691490935951903e-01,  5.106420955373428e-02,  7.157811596761871e-01, -2.985712076290015e-01,  5.106420955382782e-02,  5.966420568842983e-01, -5.056969394124232e-01, -8.775664137225575e-01,  6.219083342813700e-01,  9.010598068140785e-01,  1.765565768749728e-01,  2.927515219754496e-02
  2.520000000000000e+00, -4.074556050854561e-01,  1.665110091780648e-01,  4.969643360176661e-02,  7.158767694663828e-01, -2.982196927424612e-01,  4.969643360172191e-02,  6.089482589236775e-01, -5.076983411094022e-01, -8.910945561889685e-01,  6.135889422397074e-01,  9.008185768292372e-01,  1.796815601451425e-01,  2.892981802544892e-02
  2.530000000000000e+00, -4.075893823824739e-01,  1.640106848610472e-01,  4.840772086339686e-02,  7.159697313185565e-01, -2.978871664256852e-01,  4.840772082007669e-02,  6.203086850616050e-01, -5.096884242623930e-01, -9.037441297039918e-01,  6.051452155490827e-01,  9.009317405681784e-01,  1.829029634741894e-01,  2.859473598928675e-02
  2.540000000000000e+00, -4.076883905791456e-01,  1.616153080154195e-01,  4.717769798028792e-02,  7.160647546481894e-01, -2.975669582640323e-01,  4.717769792463340e-02,  6.307856124031725e-01, -5.116661053301340e-01, -9.156021426053690e-01,  5.966748120087307e-01,  9.011936800162691e-01,  1.861469591599070e-01,  2.825765973271634e-02
  2.550000000000000e+00, -4.077356420243337e-01,  1.592813698227986e-01,  4.598203684164828e-02,  7.161655050374203e-01, -2.972519471236446e-01,  4.598203677053152e-02,  6.404702967439070e-01, -5.136189382597093e-01, -9.267571598091803e-01,  5.882977800053759e-01,  9.014151590203867e-01,  1.893375602625580e-01,  2.791531997988912e-02
  2.560000000000000e+00, -4.077344910411337e-01,  1.569542934230828e-01,  4.479271787552523e-02,  7.162739871367440e-01, -2.969348948290120e-01,  4.479271787350699e-02,  6.494821768236871e-01, -5.155254232594222e-01, -9.372966780125046e-01,  5.801495549843485e-01,  9.014363512295624e-01,  1.924027677483187e-01,  2.757011330380181e-02
  2.570000000000000e+00, -4.077073668036401e-01,  1.545851801140168e-01,  4.358650079050833e-02,  7.163899223395830e-01, -2.966106433419164e-01,  4.358650078741508e-02,  6.579464275249316e-01, -5.173593805075773e-01, -9.472956166506931e-01,  5.723658983552340e-01,  9.011587395543155e-01,  1.952796630422342e-01,  2.722745302042194e-02
  2.580000000000000e+00, -4.076893716959668e-01,  1.521261629856590e-01,  4.234201483118569e-02,  7.165116872327238e-01, -2.962750494657074e-01,  4.234201482670067e-02,  6.659935744555540e-01, -5.190938742760602e-01, -9.568211788179837e-01,  5.650808960486888e-01,  9.005262378216452e-01,  1.979149940972844e-01,  2.689240284029805e-02
  2.590000000000000e+00, -4.077235123782280e-01,  1.495431979148192e-01,  4.104581933842074e-02,  7.166362260001129e-01, -2.959264016270817e-01,  4.104581933224927e-02,  6.737443274239078e-01, -5.207088187282283e-01, -9.659268792912529e-01,  5.584175587389609e-01,  8.995018509657555e-01,  2.002680595386801e-01,  2.656847040929580e-02
  2.600000000000000e+00, -4.078528450109984e-01,  1.468182111545675e-01,  3.969274852438706e-02,  7.167597951564521e-01, -2.955651752219108e-01,  3.969274851621196e-02,  6.813044400781665e-01, -5.221957188255928e-01, -9.746556303377246e-01,  5.524836720659253e-01,  8.980518929183355e-01,  2.023099084029185e-01,  2.625667154162119e-02
  2.610000000000000e+00, -4.081128993007683e-01,  1.439512736306003e-01,  3.828625824137799e-02,  7.168786596854371e-01, -2.951938069378912e-01,  3.828625823098258e-02,  6.887567138664832e-01, -5.235589153167125e-01, -9.830397813431901e-01,  5.473656864720337e-01,  8.961509003953498e-01,  2.040259654374363e-01,  2.595575784129971e-02
  2.620000000000000e+00, -4.085260355782259e-01,  1.409605058887837e-01,  3.683774733553033e-02,  7.169896635490154e-01, -2.948162889087811e-01,  3.683774732275488e-02,  6.961524647034631e-01, -5.248141220848698e-01, -9.910977570878328e-01,  5.431226868777411e-01,  8.937857888758463e-01,  2.054227165797586e-01,  2.566338413431545e-02
  2.630000000000000e+00, -4.090998110093442e-01,  1.378779336327585e-01,  3.536416703696563e-02,  7.170905443860695e-01, -2.944374851380105e-01,  3.536416702173636e-02,  7.035094034107817e-01, -5.259847366193072e-01, -9.988322439119149e-01,  5.397842373061202e-01,  8.909546248087604e-01,  2.065303115678052e-01,  2.537840649274313e-02
  2.640000000000000e+00, -4.098300230554910e-01,  1.347413200133254e-01,  3.388406229103252e-02,  7.171799489857669e-01, -2.940622234902432e-01,  3.388406227336862e-02,  7.108193279486603e-01, -5.270962238841053e-01, -1.006233458474986e+00,  5.373521661702023e-01,  8.876677863424820e-01,  2.073936678845636e-01,  2.510248536313399e-02
  2.650000000000000e+00, -4.107051765517763e-01,  1.315859940389748e-01,  3.241385842245303e-02,  7.172573414401097e-01, -2.936944906819940e-01,  3.241385840248091e-02,  7.180576599623166e-01, -5.281708811543830e-01, -1.013284006378302e+00,  5.358027319952139e-01,  8.839519231399189e-01,  2.080598164834386e-01,  2.483953874240085e-02
  2.660000000000000e+00, -4.117096899927400e-01,  1.284409759902816e-01,  3.096627888510657e-02,  7.173228701946934e-01, -2.933371292313134e-01,  3.096627886299630e-02,  7.251867042803640e-01, -5.292251407375134e-01, -1.019960092416212e+00,  5.350872874508301e-01,  8.798535695185777e-01,  2.085737617857628e-01,  2.459439148875859e-02
  2.670000000000000e+00, -4.128266352638752e-01,  1.253298107042906e-01,  2.955104077736282e-02,  7.173770363912118e-01, -2.929921406038405e-01,  2.955104075334103e-02,  7.321544837508658e-01, -5.302681833997028e-01, -1.026230109901041e+00,  5.351320469745591e-01,  8.754444788973540e-01,  2.089791065664641e-01,  2.437125991560191e-02
  2.680000000000000e+00, -4.140402449605500e-01,  1.222732812141931e-01,  2.817639755671134e-02,  7.174202668681517e-01, -2.926612247825464e-01,  2.817639753104109e-02,  7.388960669862817e-01, -5.312990137087258e-01, -1.032056083135108e+00,  5.358388941787090e-01,  8.708217327517231e-01,  2.093156849336344e-01,  2.417223901886084e-02
  2.690000000000000e+00, -4.153357118704486e-01,  1.192917699765448e-01,  2.685029011494454e-02,  7.174528094955618e-01, -2.923460882249811e-01,  2.685029008802334e-02,  7.453401278420096e-01, -5.323017504363270e-01, -1.037400657907352e+00,  5.370893013560349e-01,  8.660925637458390e-01,  2.096195953553324e-01,  2.399743299679762e-02
  2.700000000000000e+00, -4.166945843279206e-01,  1.164079153870483e-01,  2.558133088815415e-02,  7.174751154305689e-01, -2.920484957154807e-01,  2.558133086039265e-02,  7.514165780206257e-01, -5.332423294094852e-01, -1.042237619639982e+00,  5.387519069131125e-01,  8.613573556212304e-01,  2.099288589574959e-01,  2.384659368420646e-02
  2.710000000000000e+00, -4.180883671814281e-01,  1.136513501257301e-01,  2.438062573349415e-02,  7.174882823307642e-01, -2.917704834824488e-01,  2.438062570540864e-02,  7.570592826469043e-01, -5.340702463844197e-01, -1.046559959312227e+00,  5.406922297372504e-01,  8.567095557437282e-01,  2.102846510606560e-01,  2.371994162253489e-02
  2.720000000000000e+00, -4.194741021400592e-01,  1.110650412160084e-01,  2.326441230013594e-02,  7.174941305661325e-01, -2.915149212359509e-01,  2.326441227226858e-02,  7.622025332041319e-01, -5.347267785903108e-01, -1.050380370001001e+00,  5.427815006793972e-01,  8.522456678209613e-01,  2.107211279723711e-01,  2.361710083950509e-02
  2.730000000000000e+00, -4.207934435087962e-01,  1.087095603295689e-01,  2.225589877563990e-02,  7.174949774960248e-01, -2.912860289231636e-01,  2.225589874855042e-02,  7.667758464863620e-01, -5.351576980033796e-01, -1.053724624645011e+00,  5.449026627919681e-01,  8.480663943575135e-01,  2.112515866292239e-01,  2.353568699918375e-02
  2.740000000000000e+00, -4.219763555591992e-01,  1.066618345183319e-01,  2.138483961214278e-02,  7.174932421934207e-01, -2.910894580209626e-01,  2.138483958627089e-02,  7.707019392707430e-01, -5.353253777220091e-01, -1.056620287558506e+00,  5.469537124309805e-01,  8.442647668283374e-01,  2.118643473002919e-01,  2.347147196470379e-02
  2.750000000000000e+00, -4.229492770450675e-01,  1.050087464149501e-01,  2.068510003389817e-02,  7.174909242330966e-01, -2.909319753748307e-01,  2.068510000963643e-02,  7.738975328490630e-01, -5.352163563480530e-01, -1.059082789487764e+00,  5.488484055810372e-01,  8.409134673089634e-01,  2.125340331692114e-01,  2.341958287607173e-02
  2.760000000000000e+00, -4.236447406501145e-01,  1.038385097738246e-01,  2.019142538151439e-02,  7.174891420146366e-01, -2.908209415883412e-01,  2.019142535918901e-02,  7.762738392557910e-01, -5.348439386345204e-01, -1.061102521361507e+00,  5.505147446511730e-01,  8.380612402114088e-01,  2.132405610520804e-01,  2.337506335476862e-02
  2.770000000000000e+00, -4.240096284926572e-01,  1.032318498879783e-01,  1.993616942723186e-02,  7.174879161446011e-01, -2.907636703769119e-01,  1.993616940700431e-02,  7.777368957597548e-01, -5.342458281505608e-01, -1.062637985979317e+00,  5.518937495674335e-01,  8.357342735080650e-01,  2.139817381303939e-01,  2.333281003830219e-02
  2.780000000000000e+00, -4.240109952020472e-01,  1.032537876558781e-01,  1.994622997283354e-02,  7.174862333377474e-01, -2.907667079221725e-01,  1.994622995484835e-02,  7.781908775127634e-01, -5.334763943033753e-01, -1.063618026079263e+00,  5.529407619580751e-01,  8.339361517404679e-01,  2.147754241828270e-01,  2.328805225262448e-02
  2.790000000000000e+00, -4.236387094789620e-01,  1.039470659629775e-01,  2.024053846218053e-02,  7.174823578521761e-01, -2.908351247039560e-01,  2.024053844649743e-02,  7.775445454799125e-01, -5.325950195718747e-01, -1.063951271119821e+00,  5.536288863056085e-01,  8.326490415622474e-01,  2.156593914956335e-01,  2.323735639651638e-02
  2.800000000000000e+00, -4.229044430193432e-01,  1.053284135228536e-01,  2.082852820724074e-02,  7.174743140293107e-01, -2.909719502471741e-01,  2.082852819381808e-02,  7.757168385774443e-01, -5.316544279222768e-01, -1.063537856973853e+00,  5.539527828500488e-01,  8.318381870416957e-01,  2.166905559248815e-01,  2.317853542137611e-02
  2.810000000000000e+00, -4.218386407298285e-01,  1.073882467956500e-01,  2.170988012577912e-02,  7.174602738609279e-01, -2.911779390158891e-01,  2.170988011456345e-02,  7.726392188599854e-01, -5.306944652213382e-01, -1.062278583776261e+00,  5.539325441791655e-01,  8.314579330659825e-01,  2.179379586203913e-01,  2.310877164924634e-02
  2.820000000000000e+00, -4.204884805795465e-01,  1.100932584926124e-01,  2.287545440593896e-02,  7.174385300309902e-01, -2.914517913133698e-01,  2.287545439676050e-02,  7.682587749557881e-01, -5.297451338618894e-01, -1.060080358311849e+00,  5.536199873690991e-01,  8.314583564836771e-01,  2.194729844687726e-01,  2.302290710085864e-02
  2.830000000000000e+00, -4.189169325991595e-01,  1.133903321881995e-01,  2.430874350982061e-02,  7.174071720813326e-01, -2.917906254042562e-01,  2.430874350251241e-02,  7.625495691044479e-01, -5.288365336689029e-01, -1.056864526118383e+00,  5.531094330718360e-01,  8.317854054391771e-01,  2.213604532556375e-01,  2.291397533871418e-02
  2.840000000000000e+00, -4.171995749416289e-01,  1.172098316963117e-01,  2.598680857306631e-02,  7.173640243763307e-01, -2.921902140438610e-01,  2.598680856741348e-02,  7.555359499345413e-01, -5.280076897866304e-01, -1.052586817491510e+00,  5.525507654067568e-01,  8.323667669603784e-01,  2.236473145110716e-01,  2.277581381087516e-02
  2.850000000000001e+00, -4.154169585159675e-01,  1.214672908575045e-01,  2.788013030337860e-02,  7.173071925210405e-01, -2.926447022758389e-01,  2.788013029915301e-02,  7.473211948536127e-01, -5.273070030507626e-01, -1.047265725816527e+00,  5.521571662282390e-01,  8.330922643636697e-01,  2.263514974543654e-01,  2.260618946585332e-02
  2.860000000000000e+00, -4.136449181220447e-01,  1.260661109815693e-01,  2.995273138000353e-02,  7.172357830104014e-01, -2.931463122790285e-01,  2.995273137693773e-02,  7.381048901841718e-01, -5.267840063958333e-01, -1.041002075519170e+00,  5.521987316053945e-01,  8.338074661046899e-01,  2.294531470388272e-01,  2.240845973132207e-02
  2.870000000000000e+00, -4.119508077193804e-01,  1.309066356607227e-01,  3.216570960045047e-02,  7.171495723725692e-01, -2.936862946822116e-01,  3.216570954279580e-02,  7.281771022059830e-01, -5.264787721839606e-01, -1.033973747079548e+00,  5.529794741997652e-01,  8.343258673844410e-01,  2.328864863510089e-01,  2.219078756362121e-02
  2.880000000000000e+00, -4.103843101141112e-01,  1.358914879833852e-01,  3.447883852810495e-02,  7.170496475695463e-01, -2.942550101849262e-01,  3.447883848522842e-02,  7.178925144599725e-01, -5.264113406919061e-01, -1.026418132422801e+00,  5.548054808752705e-01,  8.344713798266775e-01,  2.365319583338412e-01,  2.196475774281726e-02
  2.890000000000000e+00, -4.089968545788101e-01,  1.409461609107063e-01,  3.686170437899255e-02,  7.169349400051891e-01, -2.948459991704540e-01,  3.686170434782478e-02,  7.076324998360124e-01, -5.265788475047956e-01, -1.018587168114863e+00,  5.579486819846419e-01,  8.341071094196946e-01,  2.402344899703732e-01,  2.174278076883507e-02
  2.900000000000000e+00, -4.078347544125009e-01,  1.460155425350158e-01,  3.929197819119834e-02,  7.168034157342452e-01, -2.954550533139226e-01,  3.929197816891015e-02,  6.977641709968555e-01, -5.269488837121734e-01, -1.010721432756397e+00,  5.626193186849235e-01,  8.331796007998300e-01,  2.438174071071693e-01,  2.153763027491352e-02
  2.910000000000000e+00, -4.069434216287463e-01,  1.510599235004952e-01,  4.175410625323236e-02,  7.166519704526735e-01, -2.960799598199950e-01,  4.175410623749209e-02,  6.886036012587090e-01, -5.274553887995966e-01, -1.003020706155348e+00,  5.689462690517589e-01,  8.317244247153390e-01,  2.471014166881011e-01,  2.136243288929803e-02
  2.920000000000000e+00, -4.063667304905161e-01,  1.560452951327003e-01,  4.423470722630828e-02,  7.164771342342987e-01, -2.967191412244066e-01,  4.423470721525131e-02,  6.803886823878506e-01, -5.279969065395215e-01, -9.956245119268322e-01,  5.769670737028809e-01,  8.298506882218658e-01,  2.499221265055447e-01,  2.123096769600187e-02
  2.930000000000000e+00, -4.061444497659539e-01,  1.609373312870046e-01,  4.671942190028065e-02,  7.162757162237116e-01, -2.973706554278073e-01,  4.671942189254515e-02,  6.732638549567805e-01, -5.284434200225222e-01, -9.886033214725310e-01,  5.866283441479999e-01,  8.277088604235174e-01,  2.521495353974905e-01,  2.115683449080602e-02
  2.940000000000000e+00, -4.063077187278772e-01,  1.657012734491428e-01,  4.919247724704302e-02,  7.160453435894706e-01, -2.980318623445568e-01,  4.919247724160847e-02,  6.672786449977333e-01, -5.286533789225705e-01, -9.819652019328148e-01,  5.977992513458908e-01,  8.254540002874120e-01,  2.537049343213171e-01,  2.115101755310535e-02
  2.950000000000000e+00, -4.068756627559411e-01,  1.703085503532058e-01,  5.163983922046672e-02,  7.157845814662959e-01, -2.987000911937598e-01,  5.163983897588031e-02,  6.623972054402311e-01, -5.284957793369884e-01, -9.756753348004612e-01,  6.102924423604696e-01,  8.232326165961406e-01,  2.545687374802974e-01,  2.121886833992796e-02
  2.960000000000000e+00, -4.078400469752950e-01,  1.747353196220851e-01,  5.404739370508126e-02,  7.154948281369828e-01, -2.993714125248834e-01,  5.404739351246904e-02,  6.585131075132524e-01, -5.278658796285967e-01, -9.696767378209239e-01,  6.238947384319772e-01,  8.211288888121892e-01,  2.547611360589688e-01,  2.135554892888539e-02
  2.970000000000000e+00, -4.091793918344273e-01,  1.789816072103305e-01,  5.641224681419799e-02,  7.151779789964370e-01, -3.000442292938643e-01,  5.641224666227228e-02,  6.554666189108249e-01, -5.266986705547767e-01, -9.639034040880960e-01,  6.383778026184529e-01,  8.192204887683419e-01,  2.543385221367533e-01,  2.154994047198356e-02
  2.980000000000000e+00, -4.108487900825217e-01,  1.830631916294034e-01,  5.873813141661827e-02,  7.148380924362286e-01, -3.007175212857467e-01,  5.873813129694247e-02,  6.530628068808765e-01, -5.249686516386260e-01, -9.582872624331066e-01,  6.535238296482581e-01,  8.175228015926771e-01,  2.533654546054653e-01,  2.178518687141033e-02
  2.990000000000000e+00, -4.127861578557644e-01,  1.870111380555197e-01,  6.103593271775454e-02,  7.144807757779600e-01, -3.013912436079953e-01,  6.103593262396681e-02,  6.510885841799054e-01, -5.226867238120262e-01, -9.527613602773108e-01,  6.691359263331954e-01,  8.160070667149161e-01,  2.519123120146594e-01,  2.204276650691687e-02
  3.000000000000000e+00, -4.149183977604757e-01,  1.908661493934207e-01,  6.332136881165133e-02,  7.141127430001969e-01, -3.020660022477859e-01,  6.332136873875414e-02,  6.493309782282158e-01, -5.198924035445192e-01, -9.472631979683555e-01,  6.850464385575156e-01,  8.146213532176637e-01,  2.500616692550222e-01,  2.230633939095696e-02
  3.010000000000000e+00, -4.171702444219973e-01,  1.946707096978739e-01,  6.561151615527613e-02,  7.137410839630112e-01, -3.027425880555197e-01,  6.561151609911682e-02,  6.475965771454937e-01, -5.166426370094226e-01, -9.417393850167564e-01,  7.011238101523625e-01,  8.133078110802281e-01,  2.479096049062666e-01,  2.256386859107183e-02
  3.020000000000000e+00, -4.194723226061701e-01,  1.984605920749576e-01,  6.792072483264652e-02,  7.133725837801767e-01, -3.034213457572645e-01,  6.792072478965164e-02,  6.457257435443786e-01, -5.129994506074818e-01, -9.361494339973920e-01,  7.172744696298196e-01,  8.120065087848940e-01,  2.455526753000066e-01,  2.280559921903078e-02
  3.030000000000000e+00, -4.217657371568792e-01,  2.022584892595289e-01,  7.025723615136269e-02,  7.130133147908357e-01, -3.041015811881140e-01,  7.025723611848750e-02,  6.435973078919560e-01, -5.090204174965417e-01, -9.304660172967705e-01,  7.334372011214239e-01,  8.106521910795208e-01,  2.430713477131101e-01,  2.302060071372268e-02
  3.040000000000000e+00, -4.240038301302330e-01,  2.060702343683185e-01,  7.262086735115519e-02,  7.126684312811019e-01, -3.047811210862510e-01,  7.262086732597066e-02,  6.411280682537297e-01, -5.047529863845509e-01, -9.246736455737508e-01,  7.495766957968322e-01,  8.091647325370595e-01,  2.405141767486243e-01,  2.319567426307197e-02
  3.050000000000000e+00, -4.261526784238486e-01,  2.098836000349906e-01,  7.500195905941949e-02,  7.123420114365503e-01, -3.054561364161623e-01,  7.500195904024254e-02,  6.382703491246701e-01, -5.002319562661375e-01, -9.187675809145136e-01,  7.656798576978934e-01,  8.074312936555743e-01,  2.378805409836620e-01,  2.331647150948938e-02
  3.060000000000000e+00, -4.281934901315865e-01,  2.136700568249181e-01,  7.738217248412338e-02,  7.120366175413421e-01, -3.061214992331847e-01,  7.738217248494056e-02,  6.350078096397623e-01, -4.954794595588355e-01, -9.127506658536890e-01,  7.817496364875066e-01,  8.053005557859819e-01,  2.351223038140589e-01,  2.337001907534534e-02
  3.070000000000000e+00, -4.301153044323394e-01,  2.173913798422757e-01,  7.973738498159465e-02,  7.117538671440440e-01, -3.067711866135652e-01,  7.973738498273898e-02,  6.313523785218573e-01, -4.905121273533187e-01, -9.066387075680219e-01,  7.977909802387266e-01,  8.026440319781305e-01,  2.321751962404477e-01,  2.334986908106846e-02
  3.080000000000000e+00, -4.319221127031820e-01,  2.210018470410029e-01,  8.203942333947627e-02,  7.114935535748460e-01, -3.073990295997160e-01,  8.203942334097332e-02,  6.273396610472335e-01, -4.853387323060849e-01, -9.004533077244350e-01,  8.137987353813820e-01,  7.994147963567148e-01,  2.290149343186150e-01,  2.326062883865920e-02
  3.090000000000000e+00, -4.336199164621968e-01,  2.244562720536825e-01,  8.425966317104670e-02,  7.112549298427234e-01, -3.079989794350313e-01,  8.425966317286850e-02,  6.230185352312444e-01, -4.799678434246112e-01, -8.942257504546545e-01,  8.297459460592057e-01,  7.957281568693840e-01,  2.256889676087024e-01,  2.312241084216909e-02
  3.100000000000000e+00, -4.352113346277888e-01,  2.277167466735723e-01,  8.637272899769903e-02,  7.110372474277584e-01, -3.085657148072294e-01,  8.637272899977623e-02,  6.184334110034294e-01, -4.744141629037369e-01, -8.879862250434994e-01,  8.455864829024817e-01,  7.918381531519636e-01,  2.223106917548381e-01,  2.296709160628135e-02
  3.110000000000000e+00, -4.366977894282844e-01,  2.307587769826602e-01,  8.836070377696521e-02,  7.108395389022402e-01, -3.090956794994228e-01,  8.836070377917067e-02,  6.136168527311189e-01, -4.687077421910985e-01, -8.817560402601774e-01,  8.612677999329970e-01,  7.880357958497490e-01,  2.190176388526968e-01,  2.282632673116519e-02
  3.120000000000000e+00, -4.380938820987225e-01,  2.335712786352897e-01,  9.021486072848051e-02,  7.106591995777760e-01, -3.095880538539979e-01,  9.021486073068512e-02,  6.086092267053405e-01, -4.628971307564633e-01, -8.755560990071823e-01,  8.767452145828256e-01,  7.845471771556515e-01,  2.159343471345172e-01,  2.272070071780666e-02
  3.130000000000000e+00, -4.394360808980179e-01,  2.361510383466636e-01,  9.193346267530864e-02,  7.104912404848209e-01, -3.100445569201058e-01,  9.193346267735363e-02,  6.034837252561903e-01, -4.570430352500884e-01, -8.694231374977315e-01,  8.919911181758815e-01,  7.814886692335645e-01,  2.131575808529000e-01,  2.265688572047198e-02
  3.140000000000000e+00, -4.407691839204391e-01,  2.384987651192267e-01,  9.351829377103385e-02,  7.103298652588522e-01, -3.104680097231587e-01,  9.351829377281365e-02,  5.983423210676758e-01, -4.512098205715286e-01, -8.634124656897256e-01,  9.069956970136641e-01,  7.788677610964275e-01,  2.107518804575645e-01,  2.263113629121018e-02
  3.150000000000000e+00, -4.421257927907991e-01,  2.406186442547695e-01,  9.497251454858284e-02,  7.101707015792167e-01, -3.108609392960511e-01,  9.497251455000998e-02,  5.932937967414342e-01, -4.454606988865908e-01, -8.575890152619504e-01,  9.217603313526339e-01,  7.766042036072958e-01,  2.087510435685216e-01,  2.263510347794629e-02
  3.160000000000000e+00, -4.435185500866833e-01,  2.425173461310766e-01,  9.629927716165632e-02,  7.100116253683889e-01, -3.112249386673469e-01,  9.629927716268744e-02,  5.884411054592082e-01, -4.398540214934631e-01, -8.520204501153555e-01,  9.362887096479442e-01,  7.745648871005711e-01,  2.071615721227869e-01,  2.265993998315580e-02
  3.170000000000000e+00, -4.449431645518190e-01,  2.442007541745768e-01,  9.749989048528310e-02,  7.098524251892787e-01, -3.115604001597547e-01,  9.749989048590695e-02,  5.838800427410197e-01, -4.344379056299399e-01, -8.467744933012846e-01,  9.505806244011290e-01,  7.726065469768091e-01,  2.059616295106341e-01,  2.269783666156594e-02
  3.180000000000000e+00, -4.463837900971317e-01,  2.456706044512122e-01,  9.857212625324632e-02,  7.096942066370820e-01, -3.118663836201840e-01,  9.857212625126306e-02,  5.797022606186575e-01, -4.292458008721507e-01, -8.419176979399349e-01,  9.646301222369260e-01,  7.706124187292478e-01,  2.050982847918636e-01,  2.274284840374323e-02
  3.190000000000000e+00, -4.478266465913092e-01,  2.469238974976828e-01,  9.951108968891252e-02,  7.095379172715721e-01, -3.121414162083025e-01,  9.951108968319416e-02,  5.759939661768836e-01, -4.242946933432368e-01, -8.375061423711527e-01,  9.784233229341686e-01,  7.685066185618602e-01,  2.044932840351332e-01,  2.279119481690824e-02
  3.200000000000000e+00, -4.492503211622498e-01,  2.479608175445414e-01,  1.003133016951108e-01,  7.093853450027017e-01, -3.123840068041410e-01,  1.003133016945787e-01,  5.728271533645867e-01, -4.195981059387436e-01, -8.335830656261647e-01,  9.919299466283003e-01,  7.662685745743424e-01,  2.040485632739939e-01,  2.284205862700983e-02
  3.210000000000000e+00, -4.506486876887926e-01,  2.487920607716074e-01,  1.009836995807100e-01,  7.092367014875631e-01, -3.125952024087360e-01,  1.009836995797100e-01,  5.702646011947377e-01, -4.151799531150190e-01, -8.301752279772995e-01,  1.005097284095207e+00,  7.639078651409615e-01,  2.036754075112568e-01,  2.289699122740578e-02
  3.220000000000000e+00, -4.520185130407925e-01,  2.494446191033020e-01,  1.015382458199826e-01,  7.090919630588269e-01, -3.127786272630466e-01,  1.015382458199059e-01,  5.683466026492147e-01, -4.110844613552472e-01, -8.272905368366719e-01,  1.017847901238569e+00,  7.614673175428908e-01,  2.033025034528781e-01,  2.296131855260973e-02
  3.230000000000000e+00, -4.533540816669187e-01,  2.499609880909288e-01,  1.020029608140846e-01,  7.089514573116944e-01, -3.129400256232409e-01,  1.020029608139221e-01,  5.671033867210310e-01, -4.073821375089474e-01, -8.249347158343595e-01,  1.030086289866644e+00,  7.590149301098299e-01,  2.028788048434638e-01,  2.304243406197481e-02
  3.240000000000000e+00, -4.546563576980370e-01,  2.503916411161833e-01,  1.024099921267327e-01,  7.088149055851301e-01, -3.130867620564648e-01,  1.024099921264232e-01,  5.665723286043718e-01, -4.041644723230914e-01, -8.231236331107212e-01,  1.041708389680043e+00,  7.566261212148635e-01,  2.023751400965865e-01,  2.314672918489051e-02
  3.250000000000000e+00, -4.559246333647859e-01,  2.507835286050719e-01,  1.027893214620769e-01,  7.086822874907497e-01, -3.132256042204729e-01,  1.027893214615153e-01,  5.667935616341505e-01, -4.015303109332132e-01, -8.218821143162689e-01,  1.052605138093818e+00,  7.543807471907680e-01,  2.017784117006922e-01,  2.327840277801731e-02
  3.260000000000000e+00, -4.571562905487023e-01,  2.511647293133823e-01,  1.031587315398893e-01,  7.085538355256205e-01, -3.133604682859288e-01,  1.031587315398290e-01,  5.677966056553408e-01, -3.995652880843939e-01, -8.212286142928759e-01,  1.062661453005616e+00,  7.523548520248554e-01,  2.010925072210650e-01,  2.343907245819038e-02
  3.270000000000000e+00, -4.583556403239281e-01,  2.515260245672619e-01,  1.035126225904139e-01,  7.084290652706069e-01, -3.134902951817657e-01,  1.035126225903118e-01,  5.695859485103296e-01, -3.983166517068593e-01, -8.211547980848128e-01,  1.071755023487888e+00,  7.506075984700973e-01,  2.003423656138723e-01,  2.362732923501612e-02
  3.280000000000000e+00, -4.595222690487763e-01,  2.518038467968571e-01,  1.038095954510821e-01,  7.083079229360789e-01, -3.136057984633704e-01,  1.038095954509299e-01,  5.721135601945064e-01, -3.977683142448055e-01, -8.216047961785437e-01,  1.079755176584479e+00,  7.491899425574644e-01,  1.995676430822229e-01,  2.383975098884666e-02
  3.290000000000000e+00, -4.606560437599513e-01,  2.518714563402988e-01,  1.039670317521512e-01,  7.081902015747513e-01, -3.136884858724274e-01,  1.039670317519159e-01,  5.752677978578603e-01, -3.978269405964454e-01, -8.224647739128595e-01,  1.086523708662789e+00,  7.481473634003269e-01,  1.988283653556535e-01,  2.407135949529628e-02
  3.300000000000000e+00, -4.617546074336142e-01,  2.515458486089590e-01,  1.038654183151479e-01,  7.080758481293334e-01, -3.137115156902390e-01,  1.038654183148095e-01,  5.788729765805957e-01, -3.983278099973344e-01, -8.235670511620437e-01,  1.091916439254080e+00,  7.475288685929289e-01,  1.982070953698596e-01,  2.431595928835449e-02
  3.310000000000000e+00, -4.628153801272589e-01,  2.506114950314409e-01,  1.033647316225505e-01,  7.079650379499156e-01, -3.136433602476352e-01,  1.033647316220835e-01,  5.827121117761009e-01, -3.990634735345726e-01, -8.247142909002588e-01,  1.095787119484300e+00,  7.473876082785414e-01,  1.978064932409223e-01,  2.456526756651157e-02
  3.320000000000000e+00, -4.638383883546720e-01,  2.488569374595413e-01,  1.023300862351797e-01,  7.078584470208232e-01, -3.134534726688187e-01,  1.023300862345493e-01,  5.865653654705871e-01, -3.998309042750242e-01, -8.257185904596119e-01,  1.097993240017212e+00,  7.477798248917487e-01,  1.977414213588093e-01,  2.480838673228497e-02
  3.330000000000000e+00, -4.648295014524736e-01,  2.461150920315611e-01,  1.006601842017284e-01,  7.077576022706020e-01, -3.131185473372422e-01,  1.006601842016599e-01,  5.902513438038089e-01, -4.004848150179174e-01, -8.264423221617593e-01,  1.098402953446849e+00,  7.487612227458398e-01,  1.981303474763059e-01,  2.503273604341335e-02
  3.340000000000000e+00, -4.657923955702405e-01,  2.422957449166476e-01,  9.830884903578430e-02,  7.076661593479150e-01, -3.126268423065346e-01,  9.830884903569494e-02,  5.936504660777466e-01, -4.009783648419399e-01, -8.268244244746309e-01,  1.096901336477379e+00,  7.503831962968324e-01,  1.990803787905409e-01,  2.522641326417676e-02
  3.350000000000001e+00, -4.667381513842481e-01,  2.374039147961737e-01,  9.529727870504796e-02,  7.075887375222238e-01, -3.119813795415560e-01,  9.529727870494178e-02,  5.967172970915379e-01, -4.013799367640541e-01, -8.268849010339981e-01,  1.093395202612276e+00,  7.526705490166808e-01,  2.006782704547543e-01,  2.537914153930552e-02
  3.360000000000000e+00, -4.676752832442739e-01,  2.315441676158330e-01,  9.171293432030404e-02,  7.075310048469472e-01, -3.111996265922923e-01,  9.171293432017191e-02,  5.994592059599454e-01, -4.018626026994211e-01, -8.267037794425103e-01,  1.087813791973423e+00,  7.556192287056891e-01,  2.029687137671692e-01,  2.548311738964834e-02
  3.370000000000000e+00, -4.686076626700476e-01,  2.249110680152129e-01,  8.769848370268923e-02,  7.074983303248330e-01, -3.103115167561312e-01,  8.769848370253712e-02,  6.019084017808952e-01, -4.026708761042027e-01, -8.263880196452187e-01,  1.080110094683067e+00,  7.591905149226665e-01,  2.059350031961560e-01,  2.553237006313103e-02
  3.380000000000000e+00, -4.695297436837067e-01,  2.177674618793319e-01,  8.343235671051978e-02,  7.074945788193329e-01, -3.093555416694209e-01,  8.343235671035458e-02,  6.040941667975037e-01, -4.040735997418960e-01, -8.260378950356450e-01,  1.070265022146759e+00,  7.632971575549996e-01,  2.094814445388145e-01,  2.552198942798823e-02
  3.390000000000000e+00, -4.704205982923533e-01,  2.104143474357469e-01,  7.910530407804947e-02,  7.075214944553538e-01, -3.083737339924817e-01,  7.910530407787386e-02,  6.060260889782810e-01, -4.063156138600567e-01, -8.257237128020860e-01,  1.058295384427800e+00,  7.677760311006271e-01,  2.134197580026518e-01,  2.544794091617404e-02
  3.400000000000000e+00, -4.712385199113726e-01,  2.031546674853661e-01,  7.489608334282737e-02,  7.075790084420616e-01, -3.074061040706091e-01,  7.489608334264040e-02,  6.076960407826039e-01, -4.095755190054083e-01, -8.254811660021689e-01,  1.044266416984114e+00,  7.723576728942104e-01,  2.174590911480812e-01,  2.530753298397358e-02
  3.410000000000000e+00, -4.719204630550407e-01,  1.962535650008863e-01,  7.094884185987684e-02,  7.076662681707178e-01, -3.064851773458832e-01,  7.094884185969673e-02,  6.091012780909696e-01, -4.139324504395211e-01, -8.253266425800067e-01,  1.028305855973443e+00,  7.766526831866939e-01,  2.212121106095282e-01,  2.510190081942906e-02
  3.420000000000000e+00, -4.723894961394580e-01,  1.899026271502240e-01,  6.735642263936628e-02,  7.077828033291736e-01, -3.056318035507430e-01,  6.735642263919968e-02,  6.102785564344337e-01, -4.193475624262745e-01, -8.252823210503457e-01,  1.010611499603274e+00,  7.801729421970518e-01,  2.242363779229728e-01,  2.484344501947745e-02
  3.430000000000000e+00, -4.725697745138054e-01,  1.841986462485328e-01,  6.415411155373991e-02,  7.079291367511651e-01, -3.048535245623780e-01,  6.415411155358405e-02,  6.113283750963089e-01, -4.256683114299813e-01, -8.253922603057481e-01,  9.914483050340658e-01,  7.823679753937541e-01,  2.261050590562554e-01,  2.456596722998131e-02
  3.440000000000000e+00, -4.724057003586974e-01,  1.791432865934741e-01,  6.132529512064030e-02,  7.081063431668619e-01, -3.041460337662139e-01,  6.132529512049900e-02,  6.124137859722000e-01, -4.326582223229559e-01, -8.257152964531478e-01,  9.711385739796451e-01,  7.826283330242824e-01,  2.264778498265270e-01,  2.432964235823770e-02
  3.450000000000000e+00, -4.718798572005344e-01,  1.746620354679360e-01,  5.881632788107358e-02,  7.083146504835582e-01, -3.034970892784403e-01,  5.881632788094893e-02,  6.137371471729943e-01, -4.400445942610316e-01, -8.262983560717031e-01,  9.500478437767176e-01,  7.802454503199172e-01,  2.251577585013798e-01,  2.421826601670590e-02
  3.460000000000000e+00, -4.710214765850301e-01,  1.706348920956220e-01,  5.655538603827896e-02,  7.085520179090968e-01, -3.028913319222883e-01,  5.655538603816897e-02,  6.155101716481376e-01, -4.475709878732123e-01, -8.271496464795042e-01,  9.285681720216308e-01,  7.743588955894092e-01,  2.221301721669291e-01,  2.433339839275679e-02
  3.470000000000000e+00, -4.694944673773669e-01,  1.672805392407759e-01,  5.462918827571943e-02,  7.088445021859967e-01, -3.023372276168588e-01,  5.462918827562387e-02,  6.185774546130727e-01, -4.559255473651411e-01, -8.302216703873878e-01,  9.083981780691180e-01,  7.692195731328773e-01,  2.127598398574082e-01,  2.416967659371439e-02
  3.480000000000000e+00, -4.674657628867459e-01,  1.649774261112837e-01,  5.324479290644493e-02,  7.091562774349144e-01, -3.018960998164650e-01,  5.324479290637608e-02,  6.198770529575538e-01, -4.639361583788676e-01, -8.334421800393697e-01,  8.869580081825267e-01,  7.794221901656279e-01,  2.012331117600656e-01,  2.308614443706045e-02
  3.490000000000000e+00, -4.658626876655892e-01,  1.624037651482373e-01,  5.175644323878899e-02,  7.094357741317578e-01, -3.014447410330297e-01,  5.175644323790267e-02,  6.207522085672743e-01, -4.702899192309512e-01, -8.340498712796748e-01,  8.639407672109002e-01,  7.799481792699179e-01,  1.956891015917772e-01,  2.317402037349452e-02
