Main.Studies.MarkerTracking.t,Main.Studies.MarkerTracking.JointAngleOutputs.OutputFile_LeftLeg.HipFlexion,Main.Studies.MarkerTracking.JointAngleOutputs.OutputFile_LeftLeg.HipAbduction,Main.Studies.MarkerTracking.JointAngleOutputs.OutputFile_LeftLeg.HipExternalRotation,Main.Studies.MarkerTracking.JointAngleOutputs.OutputFile_LeftLeg.KneeFlexion,Main.Studies.MarkerTracking.JointAngleOutputs.OutputFile_LeftLeg.AnklePlantarFlexion,Main.Studies.MarkerTracking.JointAngleOutputs.OutputFile_LeftLeg.SubTalarEversion
  1.600000000000000e+00, -4.988115510532292e-01, -4.109920386309462e-02,  2.235263113521527e-02,  2.499910458937890e-01, -2.300358705768723e-01,  1.429998633411381e-01
  1.610000000000000e+00, -5.007231345203551e-01, -2.828983311895672e-02,  1.910455512879834e-02,  2.670615229690316e-01, -2.103417337146036e-01,  1.249194607421062e-01
  1.620000000000000e+00, -5.010687912345547e-01, -1.528814714167259e-02,  1.569080805507406e-02,  2.866203827238597e-01, -1.869196765494921e-01,  1.068695347645211e-01
  1.630000000000000e+00, -4.997396422555431e-01, -2.456753330427830e-03,  1.210261198125272e-02,  3.091184165813501e-01, -1.598341026544147e-01,  8.887681817822897e-02
  1.640000000000000e+00, -4.965726401773359e-01,  9.868875456969572e-03,  8.395574225536856e-03,  3.350357108619390e-01, -1.292992639578241e-01,  7.090119722763945e-02
  1.650000000000000e+00, -4.913343618288518e-01,  2.141434090304073e-02,  4.685509983231308e-03,  3.648498637983663e-01, -9.571652373748195e-02,  5.288868221798481e-02
  1.660000000000000e+00, -4.837244592226532e-01,  3.199406827065698e-02,  1.132546542619048e-03,  3.989901808941223e-01, -5.971325706553691e-02,  3.485462879944259e-02
  1.670000000000000e+00, -4.734097967422937e-01,  4.152613154179119e-02, -2.095683190945652e-03,  4.377755458120378e-01, -2.217047972805871e-02,  1.699084415591577e-02
  1.680000000000000e+00, -4.600841013258318e-01,  5.002960926991462e-02, -4.873354754632935e-03,  4.813447365795384e-01,  1.577654292864780e-02, -2.392678711550154e-04
  1.690000000000000e+00, -4.435398422366814e-01,  5.760222713553786e-02, -7.158215878659457e-03,  5.295944080494325e-01,  5.278336228353905e-02, -1.606845250175458e-02
  1.700000000000000e+00, -4.237335618516513e-01,  6.438085858898535e-02, -9.007904000643427e-03,  5.821416399973873e-01,  8.739652402860594e-02, -2.949101401947804e-02
  1.710000000000000e+00, -4.008225112500123e-01,  7.049590260894800e-02, -1.056129608214480e-02,  6.383263018509580e-01,  1.181895734208924e-01, -3.941731292870735e-02
  1.720000000000000e+00, -3.751553106292580e-01,  7.603264925608033e-02, -1.199204575640755e-02,  6.972598677215818e-01,  1.438954605802470e-01, -4.486082742044979e-02
  1.730000000000000e+00, -3.472164148409402e-01,  8.100816576749947e-02, -1.345542033794478e-02,  7.579104902831308e-01,  1.635128991535752e-01, -4.509122072862743e-02
  1.740000000000000e+00, -3.175443890319216e-01,  8.536950889898942e-02, -1.504766689877816e-02,  8.191987044872883e-01,  1.763959244668891e-01, -3.972421358613974e-02
  1.750000000000000e+00, -2.866521856893605e-01,  8.901472039283553e-02, -1.678759592125425e-02,  8.800759696682889e-01,  1.823364623201353e-01, -2.875810101071410e-02
  1.760000000000000e+00, -2.549715644153598e-01,  9.182760704355131e-02, -1.862260714358333e-02,  9.395718033266465e-01,  1.816159827442781e-01, -1.257335990925812e-02
  1.770000000000000e+00, -2.228303609344195e-01,  9.370967863964696e-02, -2.045342326702635e-02,  9.968144922812828e-01,  1.749799468888678e-01,  8.097729050192883e-03
  1.780000000000000e+00, -1.904598898486641e-01,  9.459904240661055e-02, -2.216128843756824e-02,  1.051038913998242e+00,  1.635159776218798e-01,  3.222799655687236e-02
  1.790000000000000e+00, -1.580190642066818e-01,  9.447680435880934e-02, -2.362458436500553e-02,  1.101591403257858e+00,  1.484720711098577e-01,  5.857473278091419e-02
  1.800000000000000e+00, -1.256220810531930e-01,  9.336959801481481e-02, -2.473058743195057e-02,  1.147935557948631e+00,  1.310755535081615e-01,  8.578089711224100e-02
  1.810000000000000e+00, -9.336067560230825e-02,  9.134725489618845e-02, -2.538958971293129e-02,  1.189654847321620e+00,  1.123997509784170e-01,  1.124916913709272e-01
  1.820000000000000e+00, -6.132328734050976e-02,  8.851413547177844e-02, -2.554244357276105e-02,  1.226445004233923e+00,  9.329582979282965e-02,  1.374728458208052e-01
  1.830000000000000e+00, -2.960551617029918e-02,  8.499668579698416e-02, -2.515552261995937e-02,  1.258097624845433e+00,  7.438650362103609e-02,  1.597137389789754e-01
  1.840000000000000e+00,  1.674281162170987e-03,  8.093100613254567e-02, -2.420334808111474e-02,  1.284475614464100e+00,  5.610526569226864e-02,  1.785004932135051e-01
  1.850000000000000e+00,  3.239115951285256e-02,  7.645392598859768e-02, -2.266453809828554e-02,  1.305497458924268e+00,  3.875179900124151e-02,  1.934505333640518e-01
  1.860000000000000e+00,  6.239829846224920e-02,  7.169165643929043e-02, -2.050925301260932e-02,  1.321114693187934e+00,  2.254042030922743e-02,  2.045138751055821e-01
  1.870000000000000e+00,  9.154789101971213e-02,  6.675394108836974e-02, -1.770471345229633e-02,  1.331305966078931e+00,  7.624854015965264e-03,  2.119477875017850e-01
  1.880000000000000e+00,  1.196785350915898e-01,  6.173136549882474e-02, -1.420986954354710e-02,  1.336066494076541e+00, -5.893796845609626e-03,  2.162715513408894e-01
  1.890000000000000e+00,  1.466488395981558e-01,  5.669878179065613e-02, -9.992491584798906e-03,  1.335413345893423e+00, -1.796566206660003e-02,  2.181974694032708e-01
  1.900000000000000e+00,  1.723437320513007e-01,  5.171968113424175e-02, -5.037712739475078e-03,  1.329384043064206e+00, -2.858895305470793e-02,  2.185472415967068e-01
  1.910000000000000e+00,  1.966741905246681e-01,  4.685262978415627e-02,  6.449868849438415e-04,  1.318035204016693e+00, -3.780340145493120e-02,  2.181625906693891e-01
  1.920000000000000e+00,  2.195720126351139e-01,  4.215877845675720e-02,  7.017424344273363e-03,  1.301440374675056e+00, -4.567787338821230e-02,  2.178199745028498e-01
  1.930000000000000e+00,  2.409828301662941e-01,  3.770830156915306e-02,  1.401272488484682e-02,  1.279685829131573e+00, -5.229175384465897e-02,  2.181567673304128e-01
  1.940000000000000e+00,  2.608622386828853e-01,  3.358341576421342e-02,  2.154061844115126e-02,  1.252866035511256e+00, -5.771583989289746e-02,  2.196170043721699e-01
  1.950000000000000e+00,  2.791556525760220e-01,  2.987422472613055e-02,  2.950504684736742e-02,  1.221075304842456e+00, -6.199843332874897e-02,  2.224259094563591e-01
  1.960000000000000e+00,  2.958121564836472e-01,  2.667116831338090e-02,  3.780407296865838e-02,  1.184410503482789e+00, -6.515711609721696e-02,  2.265857354236215e-01
  1.970000000000000e+00,  3.107617443928504e-01,  2.405395233229113e-02,  4.634420469165872e-02,  1.142967362602821e+00, -6.717975345400935e-02,  2.318981492735991e-01
  1.980000000000000e+00,  3.239225967573147e-01,  2.208529419920602e-02,  5.504048719151496e-02,  1.096849111109796e+00, -6.802930398666455e-02,  2.380008698681197e-01
  1.990000000000000e+00,  3.351937276690041e-01,  2.080803473963222e-02,  6.382625491931389e-02,  1.046174840918566e+00, -6.764734994643566e-02,  2.444241226213063e-01
  2.000000000000000e+00,  3.444647228322577e-01,  2.024610632018042e-02,  7.265630758425425e-02,  9.910945501267892e-01, -6.595960079729996e-02,  2.506508328409645e-01
  2.010000000000000e+00,  3.516126467491952e-01,  2.040919401726859e-02,  8.151581769303028e-02,  9.318058183741647e-01, -6.289023302329123e-02,  2.561649947978966e-01
  2.020000000000000e+00,  3.565056198303029e-01,  2.130168565331192e-02,  9.042128862061788e-02,  8.685829636834234e-01, -5.837860381619415e-02,  2.604707657652296e-01
  2.030000000000000e+00,  3.590163855346448e-01,  2.293181320591553e-02,  9.941240339684602e-02,  8.018221622407700e-01, -5.239033114413738e-02,  2.630936196265571e-01
  2.040000000000000e+00,  3.590524005528248e-01,  2.531825427487533e-02,  1.085376574599992e-01,  7.321022100263077e-01, -4.492888559269237e-02,  2.635928339342939e-01
  2.050000000000000e+00,  3.565990302271634e-01,  2.849078702604668e-02,  1.178422823688389e-01,  6.602550576757862e-01, -3.605751093471498e-02,  2.615966855944284e-01
  2.060000000000000e+00,  3.517752628050088e-01,  3.248286826977109e-02,  1.273654430754668e-01,  5.874367226801048e-01, -2.593525215565182e-02,  2.568466600671789e-01
  2.070000000000000e+00,  3.448931122885889e-01,  3.731057119173520e-02,  1.371538397009810e-01,  5.151747124128910e-01, -1.486397263576731e-02,  2.492303071676741e-01
  2.080000000000000e+00,  3.364940733880113e-01,  4.293003921599037e-02,  1.472857268643105e-01,  4.453492642397985e-01, -3.330009518059609e-03,  2.387963022015431e-01
  2.090000000000000e+00,  3.273201240061394e-01,  4.917462177690801e-02,  1.578701146122942e-01,  3.800590529712036e-01,  7.998438604547475e-03,  2.257824338084998e-01
  2.100000000000000e+00,  3.181933700299284e-01,  5.569958678229936e-02,  1.689683699252565e-01,  3.213567355835134e-01,  1.835855577685331e-02,  2.107157778069887e-01
  2.110000000000000e+00,  3.098452056424769e-01,  6.198819231253161e-02,  1.804388367660003e-01,  2.709293472190782e-01,  2.705566430137019e-02,  1.945796753463089e-01
  2.120000000000000e+00,  3.027819212240310e-01,  6.744513958425968e-02,  1.918268329639266e-01,  2.298691908607838e-01,  3.363141020060936e-02,  1.788890234171449e-01
  2.130000000000000e+00,  2.972533777146832e-01,  7.152974149153013e-02,  2.024309624424216e-01,  1.986335924044911e-01,  3.796516661235578e-02,  1.654958132871039e-01
  2.140000000000000e+00,  2.933104803566476e-01,  7.384853382364209e-02,  2.115114136061406e-01,  1.771497276814913e-01,  4.029523508060558e-02,  1.561719504824867e-01
  2.150000000000000e+00,  2.908859532618354e-01,  7.417652264586239e-02,  2.184892897540303e-01,  1.649458757098352e-01,  4.118403845238054e-02,  1.522038756426634e-01
  2.160000000000000e+00,  2.898479064388588e-01,  7.243444925433051e-02,  2.230531393407681e-01,  1.612398442032803e-01,  4.143789887129948e-02,  1.541616858319448e-01
  2.170000000000000e+00,  2.900158061346711e-01,  6.865942897565436e-02,  2.251837879196129e-01,  1.649900138817166e-01,  4.197548165382099e-02,  1.618514082457817e-01
  2.180000000000000e+00,  2.911498804860515e-01,  6.298605052641792e-02,  2.251105214678877e-01,  1.749400365523185e-01,  4.365033241638466e-02,  1.744149575674173e-01
  2.190000000000000e+00,  2.929280052750547e-01,  5.563524382100171e-02,  2.231980200752060e-01,  1.896818633431733e-01,  4.706108060456171e-02,  1.905511249178669e-01
  2.200000000000000e+00,  2.949296996228087e-01,  4.690149781830977e-02,  2.198237790393264e-01,  2.077522105444893e-01,  5.241206961637564e-02,  2.087858616202590e-01
  2.210000000000000e+00,  2.966517506826611e-01,  3.713537127661093e-02,  2.153485386585711e-01,  2.277520475438204e-01,  5.948156701920864e-02,  2.276862241017265e-01
  2.220000000000000e+00,  2.975606788979895e-01,  2.672085539528424e-02,  2.101686846358344e-01,  2.484393107763696e-01,  6.768737223391953e-02,  2.460109612055633e-01
  2.230000000000000e+00,  2.971605089456473e-01,  1.603919139289434e-02,  2.047262982481110e-01,  2.687573190659088e-01,  7.619260095666515e-02,  2.628711556634704e-01
  2.240000000000000e+00,  2.950556706939239e-01,  5.418950057914040e-03,  1.994454127098494e-01,  2.878309864560528e-01,  8.403167511338881e-02,  2.778468310913681e-01
  2.250000000000000e+00,  2.909982173623473e-01, -4.906306180228137e-03,  1.946745906682633e-01,  3.049817053242841e-01,  9.026201702992706e-02,  2.909231375672294e-01
  2.260000000000000e+00,  2.849030975811211e-01, -1.481435721262137e-02,  1.906702747953992e-01,  3.197533208582196e-01,  9.411284674875026e-02,  3.022802246962265e-01
  2.270000000000000e+00,  2.768208374965621e-01, -2.428501570899799e-02,  1.875949789508148e-01,  3.319072754649791e-01,  9.509052909133403e-02,  3.121115422415680e-01
  2.280000000000000e+00,  2.668819855153441e-01, -3.337127232644366e-02,  1.855172981425816e-01,  3.413758811160474e-01,  9.302602211912561e-02,  3.205600075836671e-01
  2.290000000000000e+00,  2.552429910999060e-01, -4.215704163388878e-02,  1.844184032943310e-01,  3.482001793339207e-01,  8.806229322664227e-02,  3.277269335437723e-01
  2.300000000000000e+00,  2.420549659374369e-01, -5.071329201600783e-02,  1.842030574453793e-01,  3.524806727698334e-01,  8.058575516932859e-02,  3.336866329627687e-01
  2.310000000000000e+00,  2.274575957931415e-01, -5.906702499231020e-02,  1.847101009410191e-01,  3.543501876931346e-01,  7.112729551394982e-02,  3.384919824012598e-01
  2.320000000000000e+00,  2.115857553718377e-01, -6.719068095935277e-02,  1.857246007354044e-01,  3.539644123210201e-01,  6.026732045082123e-02,  3.421853650934556e-01
  2.330000000000000e+00,  1.945743626380166e-01, -7.500949576971139e-02,  1.869957081583144e-01,  3.515019171069859e-01,  4.856383713515705e-02,  3.448152063688732e-01
  2.340000000000000e+00,  1.765557606135635e-01, -8.242018985849775e-02,  1.882608608549847e-01,  3.471644412384055e-01,  3.650691744323722e-02,  3.464480274847218e-01
  2.350000000000000e+00,  1.576534895964796e-01, -8.931578112245275e-02,  1.892740598719235e-01,  3.411697408969656e-01,  2.449694160337492e-02,  3.471735580116205e-01
  2.360000000000000e+00,  1.379803577887542e-01, -9.560969699691180e-02,  1.898318726333753e-01,  3.337377812605370e-01,  1.283942305813503e-02,  3.471018820035059e-01
  2.370000000000000e+00,  1.176412000250067e-01, -1.012515094014332e-01,  1.897924122389583e-01,  3.250773672630128e-01,  1.748415343225476e-03,  3.463474570072016e-01
  2.380000000000000e+00,  9.673788098689023e-02, -1.062294081599444e-01,  1.890845150876836e-01,  3.153799008970965e-01, -8.646715872412872e-03,  3.450052833886448e-01
  2.390000000000000e+00,  7.537178492501589e-02, -1.105627314450879e-01,  1.877051587588673e-01,  3.048198930023248e-01, -1.829004007390720e-02,  3.431340750751283e-01
  2.400000000000000e+00,  5.364076845387618e-02, -1.142906373638057e-01,  1.857040777172173e-01,  2.935584553150302e-01, -2.718298130924234e-02,  3.407578900308958e-01
  2.410000000000000e+00,  3.163438799252232e-02, -1.174604306494107e-01,  1.831585784667004e-01,  2.817479380807416e-01, -3.536760047144312e-02,  3.378845947323893e-01
  2.420000000000000e+00,  9.434162182066049e-03, -1.201172980592440e-01,  1.801462078486566e-01,  2.695374425315523e-01, -4.291358784102442e-02,  3.345302917475912e-01
  2.430000000000000e+00, -1.288313852594969e-02, -1.222982035145768e-01,  1.767244710163592e-01,  2.570761930089428e-01, -4.990878633448687e-02,  3.307408529791784e-01
  2.440000000000000e+00, -3.524384327087190e-02, -1.240324636878376e-01,  1.729237521817996e-01,  2.445119296983893e-01, -5.644992127740536e-02,  3.266063354790194e-01
  2.450000000000000e+00, -5.757692379962175e-02, -1.253451552364413e-01,  1.687515378729085e-01,  2.319873224764147e-01, -6.263546540575353e-02,  3.222657958247010e-01
  2.460000000000000e+00, -7.981321021023710e-02, -1.262600233151434e-01,  1.642045365883204e-01,  2.196369721095587e-01, -6.856197985392999e-02,  3.178977339940306e-01
  2.470000000000000e+00, -1.018868110221791e-01, -1.268000675640300e-01,  1.592847760416009e-01,  2.075841769203622e-01, -7.432369912559157e-02,  3.136973542808016e-01
  2.480000000000000e+00, -1.237380816164008e-01, -1.269870779673237e-01,  1.540138296244993e-01,  1.959373114282898e-01, -8.001235778256945e-02,  3.098497164544977e-01
  2.490000000000000e+00, -1.453130657645770e-01, -1.268416966339521e-01,  1.484375938304286e-01,  1.847889861109013e-01, -8.571616227811744e-02,  3.065097782815840e-01
  2.500000000000000e+00, -1.665551433496130e-01, -1.263841531042276e-01,  1.426206384051735e-01,  1.742210469084065e-01, -9.151972090266568e-02,  3.037923824323945e-01
  2.510000000000000e+00, -1.873922005953247e-01, -1.256359252062518e-01,  1.366381454519417e-01,  1.643132396865482e-01, -9.750490295211010e-02,  3.017673080574773e-01
  2.520000000000000e+00, -2.077296210594657e-01, -1.246230733297209e-01,  1.305719227510990e-01,  1.551494945556645e-01, -1.037498614846852e-01,  3.004558093086688e-01
  2.530000000000000e+00, -2.274513334011457e-01, -1.233811161576637e-01,  1.245083548241801e-01,  1.468195607675696e-01, -1.103254526458057e-01,  2.998318388988039e-01
  2.540000000000000e+00, -2.464222937737400e-01, -1.219606823165558e-01,  1.185334809505831e-01,  1.394177033710955e-01, -1.172904258033589e-01,  2.998325747901585e-01
  2.550000000000000e+00, -2.644936225628428e-01, -1.204312903222027e-01,  1.127247588008367e-01,  1.330388669904892e-01, -1.246868988229766e-01,  3.003750528092277e-01
  2.560000000000000e+00, -2.815157756977270e-01, -1.188797721286781e-01,  1.071428631469065e-01,  1.277720351315860e-01, -1.325375857636325e-01,  3.013702131236279e-01
  2.570000000000000e+00, -2.973571097640241e-01, -1.174033626531739e-01,  1.018264738636404e-01,  1.236917084277039e-01, -1.408449583629250e-01,  3.027300832639257e-01
  2.580000000000000e+00, -3.119225035586454e-01, -1.160993928292964e-01,  9.679082867576475e-02,  1.208488408814808e-01, -1.495913565392912e-01,  3.043687283424840e-01
  2.590000000000000e+00, -3.251651880725640e-01, -1.150567839936245e-01,  9.203112839788942e-02,  1.192637398770586e-01, -1.587398800099725e-01,  3.061954193059845e-01
  2.600000000000000e+00, -3.371018239627312e-01, -1.143432401953133e-01,  8.752691348999105e-02,  1.189196734919198e-01, -1.682365736965515e-01,  3.081080731173110e-01
  2.610000000000000e+00, -3.478190604795834e-01, -1.140013228659575e-01,  8.325028498117176e-02,  1.197598939211505e-01, -1.780127898770753e-01,  3.099833507033209e-01
  2.620000000000000e+00, -3.574796790182281e-01, -1.140455508250373e-01,  7.916836698414779e-02,  1.216874209504346e-01, -1.879854158940179e-01,  3.116744945697716e-01
  2.630000000000000e+00, -3.663177285802796e-01, -1.144627330924324e-01,  7.523866578436850e-02,  1.245711450375257e-01, -1.980553629559983e-01,  3.130154138806195e-01
  2.640000000000000e+00, -3.746197070586471e-01, -1.152145884002145e-01,  7.140043287691272e-02,  1.282586545384301e-01, -2.081057205876493e-01,  3.138294496625201e-01
  2.650000000000000e+00, -3.826963533005979e-01, -1.162420312129966e-01,  6.756664126601079e-02,  1.325931090605796e-01, -2.180005819343881e-01,  3.139411073864454e-01
  2.660000000000000e+00, -3.908545025645034e-01, -1.174643137181326e-01,  6.362099018022227e-02,  1.374292220477864e-01, -2.275856657156184e-01,  3.131918185492402e-01
  2.670000000000000e+00, -3.993616426498123e-01, -1.187811327716928e-01,  5.943205206839370e-02,  1.426510167954865e-01, -2.366951537607194e-01,  3.114402397009712e-01
  2.680000000000000e+00, -4.084120688271498e-01, -1.200627507292695e-01,  5.488170267208149e-02,  1.481861180470708e-01, -2.451602636446950e-01,  3.085594177828757e-01
  2.690000000000000e+00, -4.180899199186443e-01, -1.211400798358186e-01,  4.990589158075692e-02,  1.540206492054372e-01, -2.528205688883480e-01,  3.044216603101212e-01
  2.700000000000000e+00, -4.283406647235637e-01, -1.217988680004625e-01,  4.453138902956771e-02,  1.602110888681948e-01, -2.595334370465923e-01,  2.988852376730218e-01
  2.710000000000000e+00, -4.389665982094767e-01, -1.217904376315326e-01,  3.888891702736238e-02,  1.668857049773545e-01, -2.651748832079396e-01,  2.917959145853473e-01
  2.720000000000000e+00, -4.496600557139777e-01, -1.208626502100689e-01,  3.319078897059291e-02,  1.742281786288454e-01, -2.696269600691349e-01,  2.830099906640291e-01
  2.730000000000000e+00, -4.600672008459266e-01, -1.187991942002125e-01,  2.768094128658943e-02,  1.824465985765396e-01, -2.727556858269488e-01,  2.724289444371243e-01
  2.740000000000000e+00, -4.698557116479059e-01, -1.154479532609574e-01,  2.258087032521680e-02,  1.917411285914824e-01, -2.743902024971080e-01,  2.600255663631060e-01
  2.750000000000000e+00, -4.787608222095012e-01, -1.107283427405532e-01,  1.805350143907734e-02,  2.022836460225721e-01, -2.743121328745821e-01,  2.458476606310355e-01
  2.760000000000000e+00, -4.866006144272488e-01, -1.046231361287329e-01,  1.419086538781170e-02,  2.142147230192539e-01, -2.722565652410529e-01,  2.300013435210816e-01
  2.770000000000000e+00, -4.932670467568805e-01, -9.716686476455982e-02,  1.101518623668186e-02,  2.276545781929966e-01, -2.679195101699628e-01,  2.126307400967837e-01
  2.780000000000000e+00, -4.986992116157241e-01, -8.843982063002453e-02,  8.491672947537230e-03,  2.427263231877916e-01, -2.609698874213057e-01,  1.938893887588120e-01
  2.790000000000000e+00, -5.028584677116190e-01, -7.856622676136160e-02,  6.528167077687425e-03,  2.595728951480137e-01, -2.510601587523789e-01,  1.739567169494551e-01
  2.800000000000000e+00, -5.056993217019278e-01, -6.771815415963656e-02,  4.992635363442570e-03,  2.783783886863165e-01, -2.378461969067057e-01,  1.530288531151573e-01
  2.810000000000000e+00, -5.071493888621493e-01, -5.611918564290952e-02,  3.730688426317291e-03,  2.993798459104717e-01, -2.210125095740001e-01,  1.313179097208826e-01
  2.820000000000000e+00, -5.070971498804521e-01, -4.404193819002344e-02,  2.592692033346457e-03,  3.228726846306848e-01, -2.003073584271573e-01,  1.090328482950476e-01
  2.830000000000000e+00, -5.053881680708995e-01, -3.179047179150274e-02,  1.459280078467887e-03,  3.492056949121362e-01, -1.755880500399323e-01,  8.636075172216462e-02
  2.840000000000000e+00, -5.018199357505329e-01, -1.966831871478081e-02,  2.534022431569555e-04,  3.787637450286678e-01, -1.468750106407353e-01,  6.347641460987036e-02
  2.850000000000001e+00, -4.961280346073954e-01, -7.941344988347421e-03, -1.059463804250219e-03,  4.119397199971778e-01, -1.144123455541546e-01,  4.058772048736228e-02
  2.860000000000000e+00, -4.879785251078886e-01,  3.196461432866116e-03, -2.476524710015032e-03,  4.490952655945306e-01, -7.873029978556585e-02,  1.799981693033162e-02
  2.870000000000000e+00, -4.769922078559870e-01,  1.364561862048541e-02, -3.973676886199775e-03,  4.905057447001667e-01, -4.069788430969225e-02, -3.820427366473160e-03
  2.880000000000000e+00, -4.628098625061019e-01,  2.340087641790056e-02, -5.537745906851490e-03,  5.362901661782934e-01, -1.541776161369885e-03, -2.420092254703263e-02
  2.890000000000000e+00, -4.451828794883565e-01,  3.252179420095969e-02, -7.202677676810119e-03,  5.863410369178569e-01,  3.720183272571800e-02, -4.227504411469479e-02
  2.900000000000000e+00, -4.240566976116865e-01,  4.108122772031364e-02, -9.065218762417051e-03,  6.402785377431063e-01,  7.382084826380512e-02, -5.706796671895921e-02
  2.910000000000000e+00, -3.996129669172446e-01,  4.911073510742470e-02, -1.126448095296509e-02,  6.974488460207096e-01,  1.066207827209738e-01, -6.763649839261633e-02
  2.920000000000000e+00, -3.722528957241866e-01,  5.656427891982219e-02, -1.393155424120281e-02,  7.569722618476976e-01,  1.341181460632378e-01, -7.320800287195378e-02
  2.930000000000000e+00, -3.425283093077461e-01,  6.330957406012883e-02, -1.713335495001081e-02,  8.178296720238464e-01,  1.551869381049635e-01, -7.327202194624363e-02
  2.940000000000000e+00, -3.110516224111721e-01,  6.915114573391001e-02, -2.083501897872687e-02,  8.789587998439869e-01,  1.691516719838356e-01, -6.761561174158591e-02
  2.950000000000000e+00, -2.784086496802533e-01,  7.386723899539605e-02, -2.489524830536833e-02,  9.393326605616957e-01,  1.758434875727825e-01, -5.633240463859117e-02
  2.960000000000000e+00, -2.450972394132693e-01,  7.725878782725104e-02, -2.908959932550330e-02,  9.980061584254034e-01,  1.756128238266451e-01, -3.983335887751939e-02
  2.970000000000000e+00, -2.114980775985679e-01,  7.919378741612459e-02, -3.315446604282781e-02,  1.054136684718739e+00,  1.692755817126155e-01, -1.885009719790618e-02
  2.980000000000000e+00, -1.778783464378716e-01,  7.963136887407929e-02, -3.683720783589009e-02,  1.106991217848031e+00,  1.579842831965994e-01,  5.592751263718792e-03
  2.990000000000000e+00, -1.444187876790775e-01,  7.862255573859356e-02, -3.993348137613575e-02,  1.155949868441692e+00,  1.430497374572618e-01,  3.224554876290914e-02
  3.000000000000000e+00, -1.112466097681403e-01,  7.629701064197403e-02, -4.230256434340367e-02,  1.200509211755589e+00,  1.257608214961531e-01,  5.974002646252281e-02
  3.010000000000000e+00, -7.846145558271059e-02,  7.284404942048428e-02, -4.386500969398095e-02,  1.240282246226676e+00,  1.072469022565020e-01,  8.672007262113793e-02
  3.020000000000000e+00, -4.615124537827120e-02,  6.849174331892138e-02, -4.459282068278184e-02,  1.274990738447199e+00,  8.840543760061828e-02,  1.119689673267347e-01
  3.030000000000000e+00, -1.440182917936145e-02,  6.348661297392777e-02, -4.449787490412421e-02,  1.304449011285532e+00,  6.989374286878866e-02,  1.345083630651668e-01
  3.040000000000000e+00,  1.669204164025045e-02,  5.807509614392070e-02, -4.361714474110181e-02,  1.328541435412944e+00,  5.216664452881083e-02,  1.536608584972546e-01
  3.050000000000000e+00,  4.701623437287919e-02,  5.248649372836534e-02, -4.199603617275905e-02,  1.347199693484670e+00,  3.553166049088576e-02,  1.690798400208171e-01
  3.060000000000000e+00,  7.645264942115924e-02,  4.691935092365052e-02, -3.968270357398472e-02,  1.360390961199827e+00,  2.019677994978199e-02,  1.807495850344117e-01
  3.070000000000000e+00,  1.048835229045248e-01,  4.153087298250946e-02, -3.672031468901125e-02,  1.368106296945005e+00,  6.302446578723689e-03,  1.889634493473746e-01
  3.080000000000000e+00,  1.322048504090410e-01,  3.643508413301411e-02, -3.314956679185450e-02,  1.370357117985886e+00, -6.060786348466269e-03,  1.942743682407309e-01
  3.090000000000000e+00,  1.583157137013192e-01,  3.170475177109378e-02, -2.900605121146372e-02,  1.367169346384155e+00, -1.684132015033906e-02,  1.974259983949197e-01
  3.100000000000000e+00,  1.831061044269954e-01,  2.737685712530658e-02, -2.431799800812117e-02,  1.358580454515682e+00, -2.601930846722572e-02,  1.992684160675868e-01
  3.110000000000000e+00,  2.064502028155128e-01,  2.346296566617734e-02, -1.910547364738016e-02,  1.344640006642700e+00, -3.360421311230583e-02,  2.006664059520637e-01
  3.120000000000000e+00,  2.282076553192351e-01,  1.996312537266487e-02, -1.338230509008462e-02,  1.325413322985304e+00, -3.963683391627280e-02,  2.024110540949955e-01
  3.130000000000000e+00,  2.482291154987855e-01,  1.687784901061140e-02, -7.161036722265506e-03,  1.300985696899932e+00, -4.418783126149699e-02,  2.051423439714046e-01
  3.140000000000000e+00,  2.663625599632546e-01,  1.421515057787803e-02, -4.603179255144442e-04,  1.271465447128377e+00, -4.734534674893064e-02,  2.092845966460789e-01
  3.150000000000000e+00,  2.824617174772784e-01,  1.199203379951475e-02,  6.688709885985209e-03,  1.236986431393192e+00, -4.919812811933474e-02,  2.150017992730355e-01
  3.160000000000000e+00,  2.963961162251318e-01,  1.022955147397187e-02,  1.424073777645244e-02,  1.197710474644454e+00, -4.982782677019942e-02,  2.221838559349741e-01
  3.170000000000000e+00,  3.080598542242553e-01,  8.944410289475124e-03,  2.213937631886901e-02,  1.153829694580663e+00, -4.931480175018219e-02,  2.304673400123119e-01
  3.180000000000000e+00,  3.173761735798891e-01,  8.142824891995248e-03,  3.032252960078386e-02,  1.105569856288147e+00, -4.774691958534334e-02,  2.392862444209078e-01
  3.190000000000000e+00,  3.242953940635047e-01,  7.818636922714894e-03,  3.872467921414421e-02,  1.053197334115202e+00, -4.521834344126857e-02,  2.479383343055402e-01
  3.200000000000000e+00,  3.287841359498770e-01,  7.954949593575122e-03,  4.727563474785299e-02,  9.970298346831848e-01, -4.181719672600846e-02,  2.556541631297080e-01
  3.210000000000000e+00,  3.308283589648334e-01,  8.529742774123550e-03,  5.589429666127267e-02,  9.374542350328235e-01, -3.760721887290697e-02,  2.616735182286953e-01
  3.220000000000000e+00,  3.304356508588022e-01,  9.523876814435894e-03,  6.449611358706586e-02,  8.749438550583083e-01, -3.261240446768254e-02,  2.653464964326248e-01
  3.230000000000000e+00,  3.276470252872823e-01,  1.093020790024068e-02,  7.300463632245707e-02,  8.100789309312826e-01, -2.681850729642360e-02,  2.662423475615358e-01
  3.240000000000000e+00,  3.225563614044310e-01,  1.275590909032509e-02,  8.135646717239754e-02,  7.435727705236248e-01, -2.019339986784606e-02,  2.642266823130066e-01
  3.250000000000000e+00,  3.153370731333020e-01,  1.501560075198327e-02,  8.950114385014692e-02,  6.763029507078179e-01, -1.272170916183952e-02,  2.594855511216489e-01
  3.260000000000000e+00,  3.062712394240744e-01,  1.771485314871279e-02,  9.740822039618301e-02,  6.093359232125363e-01, -4.447498451459474e-03,  2.524959154131870e-01
  3.270000000000000e+00,  2.957658407356352e-01,  2.082543413995674e-02,  1.050919641617680e-01,  5.439267192206558e-01,  4.485374715013167e-03,  2.439483144037026e-01
  3.280000000000000e+00,  2.843416633478085e-01,  2.425390884659784e-02,  1.126453692615415e-01,  4.814787458766804e-01,  1.381415341219643e-02,  2.346306084903336e-01
  3.290000000000000e+00,  2.725846128395414e-01,  2.780921391763758e-02,  1.202623272215853e-01,  4.234540436129598e-01,  2.317669537500784e-02,  2.253037988616121e-01
  3.300000000000000e+00,  2.610701714962039e-01,  3.118262594442878e-02,  1.282187947574842e-01,  3.712413430999539e-01,  3.217571365677042e-02,  2.166220667548312e-01
  3.310000000000000e+00,  2.502845850531763e-01,  3.395618629088171e-02,  1.367956365079782e-01,  3.260077356363104e-01,  4.047774607303069e-02,  2.091386594156188e-01
  3.320000000000000e+00,  2.405700677464553e-01,  3.565110522288806e-02,  1.461674557925502e-01,  2.885734417323965e-01,  4.791173011776783e-02,  2.033812244471670e-01
  3.330000000000000e+00,  2.321134275303483e-01,  3.580974985398200e-02,  1.563239740619160e-01,  2.593503373710633e-01,  5.451907274841840e-02,  1.999057389440269e-01
  3.340000000000000e+00,  2.249729072691118e-01,  3.408220805698670e-02,  1.670703526115918e-01,  2.383537598472840e-01,  6.052717858850527e-02,  1.992459812814413e-01
  3.350000000000001e+00,  2.191182613151660e-01,  3.028742582381039e-02,  1.780803024827673e-01,  2.252530399778270e-01,  6.625059569144402e-02,  2.017787034330219e-01
  3.360000000000000e+00,  2.144553271770135e-01,  2.443633233437348e-02,  1.889446413426698e-01,  2.194181238453335e-01,  7.194509329311159e-02,  2.075964092411543e-01
  3.370000000000000e+00,  2.108274476033892e-01,  1.671861326538515e-02,  1.991949836181387e-01,  2.199546156880385e-01,  7.765568713295470e-02,  2.164547643532608e-01
  3.380000000000000e+00,  2.080024576247880e-01,  7.459316443336084e-03,  2.083332522925307e-01,  2.257477228053089e-01,  8.313181273872874e-02,  2.277971195625224e-01
  3.390000000000000e+00,  2.056617146834897e-01, -2.941409944990481e-03,  2.159009768224334e-01,  2.355325653099648e-01,  8.788468515468070e-02,  2.408237811322458e-01
  3.400000000000000e+00,  2.034084499421634e-01, -1.406335299608208e-02,  2.215827510227573e-01,  2.479896103352345e-01,  9.136379390016404e-02,  2.545890817233644e-01
  3.410000000000000e+00,  2.008021439337840e-01, -2.550006228515933e-02,  2.253010168324711e-01,  2.618461235790899e-01,  9.312059723315828e-02,  2.681330246925394e-01
  3.420000000000000e+00,  1.974084391210473e-01, -3.687735122281333e-02,  2.272505213424044e-01,  2.759576707811664e-01,  9.286545963945018e-02,  2.806294869046478e-01
  3.430000000000000e+00,  1.928466176403501e-01, -4.787519794793438e-02,  2.278451491911443e-01,  2.893562838796871e-01,  9.045095742219321e-02,  2.914972753221786e-01
  3.440000000000000e+00,  1.868213280697454e-01, -5.826079661250883e-02,  2.275971782225830e-01,  3.012705684866349e-01,  8.585485081971844e-02,  3.004347930253378e-01
  3.450000000000000e+00,  1.791343911795583e-01, -6.791921083744690e-02,  2.269874421113919e-01,  3.111295621207091e-01,  7.917927362549824e-02,  3.073787324639907e-01
  3.460000000000000e+00,  1.696808151676867e-01, -7.685903393833948e-02,  2.263805477551953e-01,  3.185561000043744e-01,  7.064641516141756e-02,  3.124226311569812e-01
  3.470000000000000e+00,  1.584751236512687e-01, -8.518590669619663e-02,  2.259991811817076e-01,  3.233567835522675e-01,  6.057144947028199e-02,  3.157433898238520e-01
  3.480000000000000e+00,  1.455712867491984e-01, -9.304868482223361e-02,  2.259309774707902e-01,  3.254798110515249e-01,  4.936044898847885e-02,  3.175596189560950e-01
  3.490000000000000e+00,  1.309672151904318e-01, -1.005799226510415e-01,  2.261415836464929e-01,  3.249913619104876e-01,  3.747631156098363e-02,  3.181106837211681e-01
