Main.Studies.MarkerTracking.t,Main.Studies.MarkerTracking.JointAngleOutputs.OutputFile_RightArm.ThoraxClavicula[0],Main.Studies.MarkerTracking.JointAngleOutputs.OutputFile_RightArm.ThoraxClavicula[1],Main.Studies.MarkerTracking.JointAngleOutputs.OutputFile_RightArm.ThoraxClavicula[2],Main.Studies.MarkerTracking.JointAngleOutputs.OutputFile_RightArm.ClaviculaScapula[0],Main.Studies.MarkerTracking.JointAngleOutputs.OutputFile_RightArm.ClaviculaScapula[1],Main.Studies.MarkerTracking.JointAngleOutputs.OutputFile_RightArm.ClaviculaScapula[2],Main.Studies.MarkerTracking.JointAngleOutputs.OutputFile_RightArm.ScapulaHumerus[0],Main.Studies.MarkerTracking.JointAngleOutputs.OutputFile_RightArm.ScapulaHumerus[1],Main.Studies.MarkerTracking.JointAngleOutputs.OutputFile_RightArm.ScapulaHumerus[2],Main.Studies.MarkerTracking.JointAngleOutputs.OutputFile_RightArm.HumerusUlna,Main.Studies.MarkerTracking.JointAngleOutputs.OutputFile_RightArm.UlnaRadius,Main.Studies.MarkerTracking.JointAngleOutputs.OutputFile_RightArm.RadiusWrist,Main.Studies.MarkerTracking.JointAngleOutputs.OutputFile_RightArm.WristHand
  1.600000000000000e+00,  1.109133136953327e-02, -3.425256417273145e-01,  1.704019402916905e-01,  1.048025180525939e-01,  8.306958211035135e-01,  1.355519665129598e-01, -2.243620659031538e-01,  5.720514234112706e-01, -3.869344261668622e-01,  5.333496746578366e-01,  7.523197752452339e-01, -2.552160686559957e-01,  1.674716601051216e-02
  1.610000000000000e+00,  1.152419191882167e-02, -3.411742301009273e-01,  1.724329742798807e-01,  1.055280514483156e-01,  8.307110707604771e-01,  1.354876038994083e-01, -2.228044532172359e-01,  5.748904491747381e-01, -3.837775819422599e-01,  5.263828361067496e-01,  7.550607834878525e-01, -2.599416027973669e-01,  1.631698505299179e-02
  1.620000000000000e+00,  1.208752084598905e-02, -3.396006831995303e-01,  1.750896220691708e-01,  1.064934266382712e-01,  8.307148067286703e-01,  1.354179625773924e-01, -2.217129440150905e-01,  5.777528161665269e-01, -3.802493255857026e-01,  5.192686910848578e-01,  7.584899168601680e-01, -2.646698406797425e-01,  1.588377814911966e-02
  1.630000000000000e+00,  1.278014267590125e-02, -3.378615150653221e-01,  1.783561208665343e-01,  1.076988150437552e-01,  8.307039550765065e-01,  1.353460155844618e-01, -2.212080501259489e-01,  5.805847751443159e-01, -3.763410311777930e-01,  5.121983814428440e-01,  7.625144448721343e-01, -2.693689740686398e-01,  1.545499853369379e-02
  1.640000000000000e+00,  1.359414060467545e-02, -3.360272871407779e-01,  1.821825452001266e-01,  1.091320297189734e-01,  8.306761471700366e-01,  1.352748999156450e-01, -2.213812288669342e-01,  5.833188757955835e-01, -3.720661943044775e-01,  5.054250742063219e-01,  7.670039157369034e-01, -2.739690276142888e-01,  1.503763876528308e-02
  1.650000000000000e+00,  1.451506858183521e-02, -3.341717106647309e-01,  1.864873175056263e-01,  1.107683711144434e-01,  8.306303820046932e-01,  1.352072839002258e-01, -2.222833473264774e-01,  5.858792488733159e-01, -3.674659796583314e-01,  4.992564285192816e-01,  7.718072555692036e-01, -2.783601573272518e-01,  1.464140645763764e-02
  1.660000000000000e+00,  1.552380171916920e-02, -3.323610542843343e-01,  1.911680995373512e-01,  1.125738241807130e-01,  8.305672053719679e-01,  1.351449731055286e-01, -2.239229132205432e-01,  5.881849071631199e-01, -3.626085901443024e-01,  4.940333120383336e-01,  7.767667111066581e-01, -2.824006626317299e-01,  1.427853610706353e-02
  1.670000000000000e+00,  1.660024394281263e-02, -3.306484259231400e-01,  1.961217903796617e-01,  1.145124603540425e-01,  8.304880593134515e-01,  1.350890317874441e-01, -2.262741440553588e-01,  5.901509831688178e-01, -3.575815452410226e-01,  4.900970342102586e-01,  7.817375404163889e-01, -2.859283146974279e-01,  1.396302997583185e-02
  1.680000000000000e+00,  1.772783500752217e-02, -3.290716266481823e-01,  2.012667038585141e-01,  1.165553486166168e-01,  8.303943682058667e-01,  1.350400571978188e-01, -2.292893172923178e-01,  5.916904139709603e-01, -3.524804227482469e-01,  4.877546771851213e-01,  7.866043209113160e-01, -2.887715229792460e-01,  1.371082328458982e-02
  1.690000000000000e+00,  1.889687781062398e-02, -3.276539254772711e-01,  2.065569548935766e-01,  1.186868523685723e-01,  8.302869172464975e-01,  1.349983511827876e-01, -2.329075774665403e-01,  5.927181461301817e-01, -3.473978723089415e-01,  4.872505208819104e-01,  7.912969415300778e-01, -2.907605050457982e-01,  1.353970237839896e-02
  1.700000000000000e+00,  2.010491150082968e-02, -3.264095726840603e-01,  2.119824144388045e-01,  1.209054757722222e-01,  8.301655752404392e-01,  1.349641312629324e-01, -2.370565522462531e-01,  5.931551148862326e-01, -3.424128928352779e-01,  4.887465121733978e-01,  7.958024840692077e-01, -2.917421402939859e-01,  1.346717101011277e-02
  1.710000000000000e+00,  2.135407754073715e-02, -3.253513568797395e-01,  2.175553709964622e-01,  1.232192255919307e-01,  8.300294098932749e-01,  1.349377360099647e-01, -2.416490268863757e-01,  5.929309867247576e-01, -3.375792654182145e-01,  4.923112776841566e-01,  8.001631114540808e-01, -2.916008700870729e-01,  1.350745315327257e-02
  1.720000000000000e+00,  2.264690067065565e-02, -3.244957862877929e-01,  2.232908585282662e-01,  1.256378447689900e-01,  8.298771710599174e-01,  1.349196878374712e-01, -2.465792719828704e-01,  5.919860827081287e-01, -3.329161723862678e-01,  4.979183668548410e-01,  8.044583476726563e-01, -2.902841640834644e-01,  1.367066103884120e-02
  1.730000000000000e+00,  2.398198369455115e-02, -3.238652452986789e-01,  2.291878395203036e-01,  1.281648061404676e-01,  8.297078410889263e-01,  1.349107067531283e-01, -2.517219859873749e-01,  5.902721116347774e-01, -3.284056158793545e-01,  5.054557401439468e-01,  8.087867448006540e-01, -2.878295819965599e-01,  1.396365141666811e-02
  1.740000000000000e+00,  2.535065167016574e-02, -3.234880404641177e-01,  2.352158696058332e-01,  1.307911334491959e-01,  8.295209892731418e-01,  1.349117877347429e-01, -2.569332157805926e-01,  5.877546377657468e-01, -3.239975820949577e-01,  5.147468482284026e-01,  8.132676943616439e-01, -2.843747309207569e-01,  1.439045279066638e-02
  1.750000000000000e+00,  2.673570674686034e-02, -3.233951222865026e-01,  2.413111622996437e-01,  1.334928039494661e-01,  8.293169498056996e-01,  1.349242043903123e-01, -2.620557859092894e-01,  5.844181855109273e-01, -3.196205299026407e-01,  5.255825223517709e-01,  8.180307081713850e-01, -2.801215999554563e-01,  1.495089967855619e-02
  1.760000000000000e+00,  2.811499744253555e-02, -3.236025558204207e-01,  2.473888134175741e-01,  1.362342092988225e-01,  8.290976780568642e-01,  1.349484553036621e-01, -2.669288387736912e-01,  5.802956859325071e-01, -3.151907701738386e-01,  5.377341023553323e-01,  8.233105726289468e-01, -2.752812545891106e-01,  1.564770255993883e-02
  1.770000000000000e+00,  2.946484848393575e-02, -3.241127482543885e-01,  2.533582734443125e-01,  1.389747561366027e-01,  8.288659462030591e-01,  1.349845920140327e-01, -2.714153848424144e-01,  5.754423230290516e-01, -3.106237640623549e-01,  5.509998001895068e-01,  8.292018155796934e-01, -2.699994513633495e-01,  1.647270290702919e-02
  1.780000000000000e+00,  3.076575190582227e-02, -3.249081483715991e-01,  2.591443659421822e-01,  1.416778726747487e-01,  8.286252205085701e-01,  1.350317330865505e-01, -2.754147870801005e-01,  5.699440616234804e-01, -3.058417116768651e-01,  5.652007081659307e-01,  8.357125809953482e-01, -2.643534196686850e-01,  1.741484166725567e-02
  1.790000000000000e+00,  3.200451528073893e-02, -3.259608693760396e-01,  2.646970524970782e-01,  1.443165714233189e-01,  8.283786709300671e-01,  1.350886394991492e-01, -2.788693960030241e-01,  5.638982236766612e-01, -3.007832265870536e-01,  5.801874699505329e-01,  8.427319358124046e-01, -2.583754454772762e-01,  1.845910042506815e-02
  1.800000000000000e+00,  3.317502793986265e-02, -3.272405548999118e-01,  2.699950070590066e-01,  1.468762624359539e-01,  8.281286124142098e-01,  1.351540590831255e-01, -2.817629709364302e-01,  5.574031408617907e-01, -2.954080177727737e-01,  5.958359088919288e-01,  8.500741492015572e-01, -2.520901846375001e-01,  1.958388823707576e-02
  1.810000000000000e+00,  3.427906850800566e-02, -3.287152573665992e-01,  2.750474944976832e-01,  1.493563052989158e-01,  8.278766284264504e-01,  1.352265042002941e-01, -2.841200013246026e-01,  5.505568854524906e-01, -2.896955779290994e-01,  6.120433507127998e-01,  8.575045771832774e-01, -2.455196728245876e-01,  2.075459314527001e-02
  1.820000000000000e+00,  3.532334671045883e-02, -3.303585537986223e-01,  2.798835318068040e-01,  1.517660060152647e-01,  8.276234380389342e-01,  1.353046465884560e-01, -2.860005553366304e-01,  5.434398545251266e-01, -2.836445778444232e-01,  6.287461866248898e-01,  8.646168863365669e-01, -2.386485305046362e-01,  2.191386552324063e-02
  1.830000000000000e+00,  3.632167567576743e-02, -3.321252498980851e-01,  2.845516078488171e-01,  1.541229519187237e-01,  8.273711244933063e-01,  1.353853171425617e-01, -2.874860542447344e-01,  5.361579720077689e-01, -2.772713623673143e-01,  6.458859214674116e-01,  8.710851330404190e-01, -2.314545840204862e-01,  2.300881024348519e-02
  1.840000000000000e+00,  3.728931918683846e-02, -3.339602558866653e-01,  2.890992849245311e-01,  1.564441772411992e-01,  8.271228598053671e-01,  1.354643700145738e-01, -2.886589008724372e-01,  5.288240190083576e-01, -2.706124566610225e-01,  6.634150819836311e-01,  8.766507635895251e-01, -2.239407664738771e-01,  2.399976620125355e-02
  1.850000000000000e+00,  3.824046607719806e-02, -3.358002572371737e-01,  2.935638267027946e-01,  1.587416981544973e-01,  8.268828871452375e-01,  1.355370047809004e-01, -2.895870259334031e-01,  5.215560612753805e-01, -2.637223068015765e-01,  6.812872240976140e-01,  8.812124686656060e-01, -2.161672331753863e-01,  2.487030857801586e-02
  1.860000000000000e+00,  3.918561274121476e-02, -3.375818233831602e-01,  2.979651676453170e-01,  1.610195171164287e-01,  8.266558564317873e-01,  1.355985972696133e-01, -2.903172892924624e-01,  5.144649356633587e-01, -2.566671825606023e-01,  6.994581415528306e-01,  8.848032448854073e-01, -2.082382214627012e-01,  2.562382491767637e-02
  1.870000000000000e+00,  4.013043208629574e-02, -3.392503751087218e-01,  3.023055036887274e-01,  1.632738265855308e-01,  8.264459583762361e-01,  1.356454989442247e-01, -2.908764861998239e-01,  5.076420352594085e-01, -2.495150528136758e-01,  7.178825795053022e-01,  8.875514756826158e-01, -2.002799667070876e-01,  2.627791204530823e-02
  1.880000000000000e+00,  4.107605449377423e-02, -3.407694436786532e-01,  3.065747818376469e-01,  1.654961652768005e-01,  8.262559785471455e-01,  1.356757076278473e-01, -2.912772979668765e-01,  5.011481250645564e-01, -2.423261336871393e-01,  7.365094732274566e-01,  8.896408083077850e-01, -1.924240116852647e-01,  2.685991115677656e-02
  1.890000000000000e+00,  4.201992152148553e-02, -3.421269865042811e-01,  3.107573847944077e-01,  1.676770679720276e-01,  8.260866511111422e-01,  1.356892196459732e-01, -2.915253913869001e-01,  4.950075012624732e-01, -2.351495341803251e-01,  7.552847836445574e-01,  8.912574018366504e-01, -1.847862248237293e-01,  2.740085813755464e-02
  1.900000000000000e+00,  4.295682419063195e-02, -3.433349196919810e-01,  3.148368606590314e-01,  1.698083469087038e-01,  8.259366615991418e-01,  1.356878639343481e-01, -2.916234517775708e-01,  4.892109174489060e-01, -2.280250413272292e-01,  7.741570264552543e-01,  8.925599246005536e-01, -1.774561296661792e-01,  2.792916008235717e-02
  1.910000000000000e+00,  4.388049989928963e-02, -3.444223640142776e-01,  3.188001156924918e-01,  1.718846964610709e-01,  8.258032024705482e-01,  1.356746663984475e-01, -2.915727661894250e-01,  4.837248149945406e-01, -2.209863351439373e-01,  7.930780594392256e-01,  8.936892197603369e-01, -1.705041282216284e-01,  2.846711866242398e-02
  1.920000000000000e+00,  4.478594656586089e-02, -3.454263976328636e-01,  3.226429319046231e-01,  1.739058360043057e-01,  8.256827308539136e-01,  1.356529940876873e-01, -2.913765214696429e-01,  4.785022964289157e-01, -2.140653379759538e-01,  8.120021512180723e-01,  8.947755775419091e-01, -1.639847224481341e-01,  2.902915827774355e-02
  1.930000000000000e+00,  4.567153317285159e-02, -3.463830659844667e-01,  3.263742944874613e-01,  1.758781437160419e-01,  8.255717285884840e-01,  1.356257356334888e-01, -2.910441623341185e-01,  4.734931609512044e-01, -2.072976674517616e-01,  8.308859272714646e-01,  8.959233017919911e-01, -1.579305816581740e-01,  2.962114670992540e-02
  1.940000000000000e+00,  4.653952189429365e-02, -3.473200090934168e-01,  3.300149782594519e-01,  1.778135273098407e-01,  8.254673774178003e-01,  1.355947478547739e-01, -2.905923028625648e-01,  4.686514632336057e-01, -2.007260438537122e-01,  8.496878482759120e-01,  8.971859941524412e-01, -1.523496394650758e-01,  3.024155644914787e-02
  1.950000000000000e+00,  4.739479667249737e-02, -3.482509288118482e-01,  3.335900391235224e-01,  1.797252563041093e-01,  8.253680956673337e-01,  1.355606349961658e-01, -2.900409308976319e-01,  4.639404308707891e-01, -1.943990716480782e-01,  8.683670512145646e-01,  8.985486937368200e-01, -1.472273630085741e-01,  3.088370626957643e-02
  1.960000000000000e+00,  4.824298388789268e-02, -3.491713976108599e-01,  3.371197103607700e-01,  1.816229388732123e-01,  8.252739171605905e-01,  1.355227319284324e-01, -2.894079610861362e-01,  4.593364989511091e-01, -1.883666801865538e-01,  8.868827104470458e-01,  8.999298642129132e-01, -1.425254480346088e-01,  3.153755848287512e-02
  1.970000000000000e+00,  4.908985001136235e-02, -3.500523329691955e-01,  3.406142668683995e-01,  1.835092211288661e-01,  8.251869804171258e-01,  1.354788688036628e-01, -2.887071255318243e-01,  4.548357428068346e-01, -1.826746174617138e-01,  9.051934983204074e-01,  9.012016523603316e-01, -1.381666733869100e-01,  3.219078081144416e-02
  1.980000000000000e+00,  4.993717666041513e-02, -3.508629226641241e-01,  3.440678613464370e-01,  1.853782551056421e-01,  8.251096217705942e-01,  1.354272577392482e-01, -2.879413383394973e-01,  4.504425202653040e-01, -1.773604841196482e-01,  9.232588514403888e-01,  9.022028445696728e-01, -1.340366000049640e-01,  3.282763839040667e-02
  1.990000000000000e+00,  5.078647708906724e-02, -3.515527267739451e-01,  3.474652145373371e-01,  1.872175343654632e-01,  8.250457096877518e-01,  1.353651215467164e-01, -2.871096321027340e-01,  4.461777054923348e-01, -1.724511374460540e-01,  9.410290854913993e-01,  9.028004381202874e-01, -1.300008395143368e-01,  3.343664735090200e-02
  2.000000000000000e+00,  5.163560538971659e-02, -3.520806070805620e-01,  3.507809764716521e-01,  1.890097771650225e-01,  8.249982766886116e-01,  1.352907804128295e-01, -2.862025418598178e-01,  4.420564409257667e-01, -1.679660707328593e-01,  9.584427664089741e-01,  9.029234963640028e-01, -1.259631589485304e-01,  3.401349721679513e-02
  2.010000000000000e+00,  5.248204880787088e-02, -3.524077699349666e-01,  3.539892888302894e-01,  1.907373264858836e-01,  8.249700472088555e-01,  1.352028631498570e-01, -2.852113754376006e-01,  4.380884130709968e-01, -1.639222930215884e-01,  9.754249822847905e-01,  9.025810668472962e-01, -1.218709062136145e-01,  3.456143136578643e-02
  2.020000000000000e+00,  5.332356207755376e-02, -3.525145177631949e-01,  3.570731305994213e-01,  1.923885354383773e-01,  8.249621357501945e-01,  1.351010984439090e-01, -2.841368780245369e-01,  4.342703521679465e-01, -1.603402884479585e-01,  9.918921980529793e-01,  9.018195642085646e-01, -1.176857143176817e-01,  3.508403860664787e-02
  2.030000000000000e+00,  5.416293251699827e-02, -3.523901589222125e-01,  3.600373988396611e-01,  1.939640997741864e-01,  8.249749361360185e-01,  1.349850654846368e-01, -2.830036426263721e-01,  4.305960572139679e-01, -1.572478279309825e-01,  1.007753562648926e+00,  9.007063593228057e-01, -1.133472315336677e-01,  3.558190550512823e-02
  2.040000000000000e+00,  5.501050162423294e-02, -3.520325333305181e-01,  3.629173176149177e-01,  1.954818203638651e-01,  8.250082793315998e-01,  1.348537346581955e-01, -2.818692087499549e-01,  4.270592475386774e-01, -1.546840584866024e-01,  1.022909695732414e+00,  8.993352210751206e-01, -1.087870338602299e-01,  3.605370820199129e-02
  2.050000000000000e+00,  5.588347598309988e-02, -3.514550251310399e-01,  3.657782606600711e-01,  1.969774275703071e-01,  8.250609957558229e-01,  1.347058261961908e-01, -2.808245991724483e-01,  4.236496234586354e-01, -1.527027383849983e-01,  1.037251930565846e+00,  8.978368197157023e-01, -1.039759239581037e-01,  3.649875694213733e-02
  2.060000000000000e+00,  5.680408214037903e-02, -3.506742530218458e-01,  3.687034244757128e-01,  1.984971975657344e-01,  8.251319444004195e-01,  1.345393405238408e-01, -2.799864617440891e-01,  4.203588021806279e-01, -1.513671540094650e-01,  1.050664958404244e+00,  8.963806379772887e-01, -9.894034591770828e-02,  3.691922513221043e-02
  2.070000000000000e+00,  5.779047567075391e-02, -3.497178649489218e-01,  3.717646174183620e-01,  2.000828944057084e-01,  8.252193322479758e-01,  1.343531898070206e-01, -2.794739319121494e-01,  4.171765956851290e-01, -1.507348923198938e-01,  1.063032790750101e+00,  8.951302572983356e-01, -9.374871236674043e-02,  3.731977981039777e-02
  2.080000000000000e+00,  5.884460236123205e-02, -3.486267644906537e-01,  3.749813121814937e-01,  2.017494653038822e-01,  8.253202975847374e-01,  1.341490574697850e-01, -2.793758764583730e-01,  4.140892133584301e-01, -1.508319823293357e-01,  1.074240859840147e+00,  8.942073883881099e-01, -8.849157722014600e-02,  3.770791263901188e-02
  2.090000000000000e+00,  5.993837956952449e-02, -3.474605763675833e-01,  3.782771459330516e-01,  2.034609823735591e-01,  8.254300316597482e-01,  1.339338000151930e-01, -2.797146892776535e-01,  4.110748351689496e-01, -1.516232972547076e-01,  1.084174358890077e+00,  8.936792587566119e-01, -8.328429449756625e-02,  3.809342219681896e-02
  2.100000000000000e+00,  6.100479425815362e-02, -3.463002381492339e-01,  3.814542583167054e-01,  2.051154669638716e-01,  8.255410237575675e-01,  1.337211445707061e-01, -2.804231688438154e-01,  4.081024337867946e-01, -1.529921301469821e-01,  1.092717009019801e+00,  8.935633573194337e-01, -7.827016636817219e-02,  3.848518330240771e-02
  2.110000000000000e+00,  6.194152884183131e-02, -3.452427326417775e-01,  3.842076458557245e-01,  2.065509920712762e-01,  8.256431462598787e-01,  1.335312008013970e-01, -2.813519296928428e-01,  4.051368201594527e-01, -1.547464500855404e-01,  1.099753228581833e+00,  8.938394741633324e-01, -7.360753080572091e-02,  3.888701518610415e-02
  2.120000000000000e+00,  6.262924629131800e-02, -3.443879198518471e-01,  3.861831858763848e-01,  2.075762864679302e-01,  8.257249770956964e-01,  1.333872106452832e-01, -2.823111048489931e-01,  4.021476159490420e-01, -1.566580522389649e-01,  1.105172513304278e+00,  8.944647251831943e-01, -6.944919542693095e-02,  3.929650221951351e-02
  2.130000000000000e+00,  6.295734778899963e-02, -3.438232996771289e-01,  3.870548762200738e-01,  2.080136399146408e-01,  8.257759792649493e-01,  1.333106976228546e-01, -2.831279679173990e-01,  3.991178649964520e-01, -1.585188729102280e-01,  1.108873599998622e+00,  8.953907861329023e-01, -6.592653953210403e-02,  3.970687783475393e-02
  2.140000000000000e+00,  6.284593761683524e-02, -3.436133787321970e-01,  3.865872907230833e-01,  2.077353133455645e-01,  8.257886029287846e-01,  1.333171212735202e-01, -2.836930273050571e-01,  3.960491028815037e-01, -1.601887991443953e-01,  1.110767469207076e+00,  8.965795109618188e-01, -6.314467794078471e-02,  4.010943869543797e-02
  2.150000000000000e+00,  6.225759593684983e-02, -3.437955584879239e-01,  3.846665783512672e-01,  2.066828364958257e-01,  8.257595760522642e-01,  1.334134125983897e-01, -2.839806674289596e-01,  3.929622500723663e-01, -1.616184993139517e-01,  1.110777825571823e+00,  8.980078133334005e-01, -6.118751130213362e-02,  4.049532652859515e-02
  2.160000000000000e+00,  6.119938454882606e-02, -3.443796993530915e-01,  3.813038914704009e-01,  2.048697745172721e-01,  8.256902439768180e-01,  1.335974766938972e-01, -2.840474617770697e-01,  3.898969971812019e-01, -1.628452936940617e-01,  1.108837652844782e+00,  8.996649182748744e-01, -6.012413596943933e-02,  4.085665256203604e-02
  2.170000000000000e+00,  5.971786383925352e-02, -3.453493752137859e-01,  3.766210922306036e-01,  2.023728539725863e-01,  8.255860682914196e-01,  1.338592371297311e-01, -2.840164789621612e-01,  3.869120195816081e-01, -1.639697306904407e-01,  1.104884047844820e+00,  9.015521599441998e-01, -6.001219561196769e-02,  4.118698151152350e-02
  2.180000000000000e+00,  5.788973376088093e-02, -3.466645374147031e-01,  3.708265387894010e-01,  1.993162321375028e-01,  8.254554971169291e-01,  1.341827121657415e-01, -2.840544229445908e-01,  3.840851864445242e-01, -1.651245327320947e-01,  1.098856267951295e+00,  9.036794166154242e-01, -6.089612389011223e-02,  4.148107649452649e-02
  2.190000000000000e+00,  5.581142184236718e-02, -3.482620845827690e-01,  3.641886571682388e-01,  1.958538171790692e-01,  8.253087977916821e-01,  1.345482513409153e-01, -2.843479863448071e-01,  3.815137610765529e-01, -1.664455225651860e-01,  1.090699499437966e+00,  9.060530635055254e-01, -6.279011451565175e-02,  4.173361551032167e-02
  2.200000000000000e+00,  5.359074261587994e-02, -3.500499465624002e-01,  3.570141889355136e-01,  1.921539484775788e-01,  8.251574937965550e-01,  1.349340533929860e-01, -2.850847901713039e-01,  3.793161114930086e-01, -1.680505183117113e-01,  1.080373766237102e+00,  9.086688588767458e-01, -6.564668827818632e-02,  4.193749186952178e-02
  2.210000000000000e+00,  5.133972879465203e-02, -3.518996951362106e-01,  3.496285561730400e-01,  1.883860713087116e-01,  8.250141898549230e-01,  1.353171967849473e-01, -2.864363795792410e-01,  3.776305141524325e-01, -1.700288727527593e-01,  1.067868114628622e+00,  9.115149324635404e-01, -6.933365386052559e-02,  4.208365863488884e-02
  2.220000000000000e+00,  4.916437655623623e-02, -3.536531435423922e-01,  3.423474177232605e-01,  1.847052846984953e-01,  8.248917077621413e-01,  1.356754642684508e-01, -2.885341114250913e-01,  3.766005669676455e-01, -1.724358470553844e-01,  1.053218534044408e+00,  9.145696587807423e-01, -7.363086132113472e-02,  4.216268345597680e-02
  2.230000000000000e+00,  4.715107109524493e-02, -3.551500484155265e-01,  3.354382494796256e-01,  1.812350870337683e-01,  8.248011150666752e-01,  1.359903284387569e-01, -2.914385341910797e-01,  3.763449808295791e-01, -1.752828745301416e-01,  1.036522993736426e+00,  9.177870047765146e-01, -7.823564986005205e-02,  4.216585082931387e-02
  2.240000000000000e+00,  4.535549548502865e-02, -3.562622534550436e-01,  3.290859582139184e-01,  1.780543172991568e-01,  8.247497657079580e-01,  1.362496533077198e-01, -2.951170938619748e-01,  3.769261755459790e-01, -1.785278639991547e-01,  1.017948913811140e+00,  9.210876455030419e-01, -8.278002477976143e-02,  4.208663827488959e-02
  2.250000000000000e+00,  4.379879618809278e-02, -3.569160125224260e-01,  3.233760158278587e-01,  1.751929722133572e-01,  8.247404970300071e-01,  1.364487327083810e-01, -2.994428697309173e-01,  3.783349758702627e-01, -1.820793691681863e-01,  9.977337902127292e-01,  9.243831572340008e-01, -8.688423620056729e-02,  4.192557352993180e-02
  2.260000000000000e+00,  4.247111389055803e-02, -3.570986186375389e-01,  3.182993501552488e-01,  1.726377080183587e-01,  8.247719068856276e-01,  1.365896817008521e-01, -3.042154272235726e-01,  3.804961766743815e-01, -1.858188454414986e-01,  9.761783786418509e-01,  9.276334797044525e-01, -9.024507987362873e-02,  4.169647840462823e-02
  2.270000000000000e+00,  4.134045503810924e-02, -3.568513152113817e-01,  3.137760935561613e-01,  1.703449757472905e-01,  8.248393016203407e-01,  1.366796950486209e-01, -3.091968374139261e-01,  3.832900242070966e-01, -1.896314907809975e-01,  9.536311860217324e-01,  9.308960182350932e-01, -9.270917542887736e-02,  4.142803780495877e-02
  2.280000000000000e+00,  4.036440841906169e-02, -3.562493099098005e-01,  3.096901946623031e-01,  1.682575958667902e-01,  8.249362292247203e-01,  1.367285268729751e-01, -3.141520878567770e-01,  3.865823373288930e-01, -1.934341261133525e-01,  9.304674465030662e-01,  9.343255345434195e-01, -9.428754196654299e-02,  4.115781010559316e-02
  2.290000000000000e+00,  3.950180397244291e-02, -3.553747028930097e-01,  3.059250148489929e-01,  1.663204411468376e-01,  8.250562869542746e-01,  1.367457656275285e-01, -3.188832856206371e-01,  3.902540728207085e-01, -1.971941079855166e-01,  9.070663521167814e-01,  9.381274009213963e-01, -9.512502317358051e-02,  4.092164702137528e-02
  2.300000000000000e+00,  3.872116948707285e-02, -3.542939401816670e-01,  3.023902806318343e-01,  1.644916546006378e-01,  8.251944871316846e-01,  1.367388097128392e-01, -3.232498213413139e-01,  3.942199590487511e-01, -2.009368804040473e-01,  8.837880292684327e-01,  9.424895804002672e-01, -9.546390815878070e-02,  4.074402446367482e-02
  2.310000000000000e+00,  3.800365663864609e-02, -3.530484047551521e-01,  2.990327429559832e-01,  1.627466114143812e-01,  8.253476908447950e-01,  1.367121911950457e-01, -3.271707569894614e-01,  3.984311172885170e-01, -2.047410313233006e-01,  8.609538713435729e-01,  9.475147383187600e-01, -9.561148158597610e-02,  4.063240978367418e-02
  2.320000000000000e+00,  3.734064855238414e-02, -3.516577511375704e-01,  2.958299892061572e-01,  1.610746156165949e-01,  8.255142485508895e-01,  1.366681247242351e-01, -3.306122494704693e-01,  4.028655627960809e-01, -2.087223214165109e-01,  8.388354192575326e-01,  9.531725193449473e-01, -9.590027236231546e-02,  4.057573560786142e-02
  2.330000000000000e+00,  3.672877223060009e-02, -3.501301546275950e-01,  2.927755034836522e-01,  1.594720491421999e-01,  8.256932723200514e-01,  1.366076412487396e-01, -3.335686030471616e-01,  4.075138882565055e-01, -2.130114064641763e-01,  8.176524528215567e-01,  9.592835217134286e-01, -9.664001087793617e-02,  4.054659248223414e-02
  2.340000000000000e+00,  3.616513605820221e-02, -3.484743468880400e-01,  2.898643683104724e-01,  1.579362086090172e-01,  8.258838274286330e-01,  1.365317562866097e-01, -3.360451613469683e-01,  4.123643309466520e-01, -2.177312220581513e-01,  7.975758943030851e-01,  9.655311438648924e-01, -9.807018424325209e-02,  4.050724989043568e-02
  2.350000000000000e+00,  3.564388505705116e-02, -3.467101508792995e-01,  2.870830791559587e-01,  1.564611991781237e-01,  8.260842329201437e-01,  1.364424036177067e-01, -3.380462973784668e-01,  4.173891963611576e-01, -2.229793570380692e-01,  7.787314871277776e-01,  9.714964375779668e-01, -1.003268222805023e-01,  4.041893251434062e-02
  2.360000000000000e+00,  3.515434578135151e-02, -3.448736499939812e-01,  2.844035007541404e-01,  1.550355184943706e-01,  8.262917655875693e-01,  1.363428811407444e-01, -3.395693055064136e-01,  4.225371029670916e-01, -2.288189920990134e-01,  7.612036324610969e-01,  9.767176693201545e-01, -1.034324731096501e-01,  4.025085285284311e-02
  2.370000000000000e+00,  3.468143097542930e-02, -3.430141562251637e-01,  2.817830168017789e-01,  1.536420236697287e-01,  8.265029470654552e-01,  1.362375898028769e-01, -3.406058795886399e-01,  4.277352696524014e-01, -2.352779354831186e-01,  7.450379788594018e-01,  9.807652254786193e-01, -1.073039971031964e-01,  3.998451420197041e-02
  2.380000000000000e+00,  3.420784787608051e-02, -3.411881841301211e-01,  2.791711581641799e-01,  1.522607352920603e-01,  8.267139472038317e-01,  1.361314702331401e-01, -3.411491955351199e-01,  4.328971198950185e-01, -2.423513034707127e-01,  7.302400734353788e-01,  9.833072076388706e-01, -1.117741035518136e-01,  3.961359727027949e-02
  2.390000000000000e+00,  3.371765989304541e-02, -3.394450308953884e-01,  2.765190330450733e-01,  1.508722502798593e-01,  8.269216200957926e-01,  1.360287972846849e-01, -3.412009716015504e-01,  4.379366720896627e-01, -2.500027398752231e-01,  7.167711882132288e-01,  9.841688101061915e-01, -1.166220998777960e-01,  3.914409723445359e-02
  2.400000000000000e+00,  3.319624037111982e-02, -3.378367284977584e-01,  2.737827313925237e-01,  1.494600886374030e-01,  8.271225786353070e-01,  1.359338931721757e-01, -3.407694863154903e-01,  4.427665605942799e-01, -2.581669835786913e-01,  7.045499313786995e-01,  9.833536845872392e-01, -1.216197727523887e-01,  3.859301310400508e-02
  2.410000000000000e+00,  3.263238545961132e-02, -3.364082578833313e-01,  2.709285644711937e-01,  1.480123547126509e-01,  8.273138886668073e-01,  1.358503586673315e-01, -3.398703897022246e-01,  4.473093555405550e-01, -2.667522846818218e-01,  6.934559727236527e-01,  9.810446077403779e-01, -1.265608396337730e-01,  3.798591274019399e-02
  2.420000000000000e+00,  3.201934837190576e-02, -3.351993915734207e-01,  2.679381511879070e-01,  1.465241548562427e-01,  8.274927552735968e-01,  1.357812033293783e-01, -3.385294114139334e-01,  4.514991695948005e-01, -2.756465767505550e-01,  6.833390783404599e-01,  9.775415117229992e-01, -1.312746481340501e-01,  3.734989369747228e-02
  2.430000000000000e+00,  3.135595140375010e-02, -3.342440586294108e-01,  2.648131460240709e-01,  1.449995847082089e-01,  8.276563984299840e-01,  1.357288261122753e-01, -3.367867077204070e-01,  4.552846435037328e-01, -2.847252581219709e-01,  6.740312144372044e-01,  9.731900520849638e-01, -1.356207947005290e-01,  3.670548411301802e-02
  2.440000000000000e+00,  3.064671345085539e-02, -3.335676651829017e-01,  2.615754346469468e-01,  1.434513923119691e-01,  8.278021980617504e-01,  1.356948967485227e-01, -3.346971141754424e-01,  4.586347200604656e-01, -2.938593468325649e-01,  6.653553711446292e-01,  9.683576031848735e-01, -1.395011155533590e-01,  3.606480830633665e-02
  2.450000000000000e+00,  2.990098895749697e-02, -3.331818317696211e-01,  2.582625503754892e-01,  1.418982402266067e-01,  8.279281962516983e-01,  1.356800589405429e-01, -3.323261016616590e-01,  4.615454782609654e-01, -3.029231528136654e-01,  6.571295344910754e-01,  9.634392507989079e-01, -1.428930700731876e-01,  3.543695732341660e-02
  2.460000000000000e+00,  2.913168761768655e-02, -3.330802899239729e-01,  2.549218590896071e-01,  1.403615630812935e-01,  8.280335658953706e-01,  1.356836915265672e-01, -3.297463197040730e-01,  4.640416617108356e-01, -3.118015638629426e-01,  6.491741419876946e-01,  9.588238691116017e-01, -1.458614306037282e-01,  3.483133499292313e-02
  2.470000000000000e+00,  2.835380964005041e-02, -3.332392465238574e-01,  2.516054142849817e-01,  1.388631649916089e-01,  8.281187079515685e-01,  1.357039730940828e-01, -3.270353916548319e-01,  4.661717430366099e-01, -3.203969113020513e-01,  6.413245251836931e-01,  9.548289189251773e-01, -1.485391249277297e-01,  3.425663344914200e-02
  2.480000000000000e+00,  2.758324747186574e-02, -3.336170805941772e-01,  2.483654898190847e-01,  1.374231648443087e-01,  8.281854166293897e-01,  1.357378606305285e-01, -3.242725979340726e-01,  4.680045910158235e-01, -3.286335208404170e-01,  6.334418891932259e-01,  9.516625220058382e-01, -1.510938267317741e-01,  3.372089808311163e-02
  2.490000000000000e+00,  2.683272320229587e-02, -3.341744536843368e-01,  2.452438343660256e-01,  1.360567110038115e-01,  8.282354822788800e-01,  1.357826398694245e-01, -3.215287463252013e-01,  4.696111017024623e-01, -3.364622785100888e-01,  6.254271243677376e-01,  9.493985272149236e-01, -1.536911603735882e-01,  3.322996928796086e-02
  2.500000000000000e+00,  2.611376346353177e-02, -3.348544663279921e-01,  2.422734749567045e-01,  1.347734720230077e-01,  8.282724286204064e-01,  1.358343093203986e-01, -3.188667958893933e-01,  4.710749449105217e-01, -3.438576562815257e-01,  6.172219435548377e-01,  9.480049696072702e-01, -1.564459246136161e-01,  3.278587387396757e-02
  2.510000000000000e+00,  2.543377632574302e-02, -3.356009963353684e-01,  2.394714684242609e-01,  1.335759030569516e-01,  8.283001993067821e-01,  1.358889489730388e-01, -3.163349688362796e-01,  4.724748093591113e-01, -3.508183484542540e-01,  6.088127432752520e-01,  9.473540505925875e-01, -1.594035333694019e-01,  3.238101970870488e-02
  2.520000000000000e+00,  2.479606491325249e-02, -3.363586064583396e-01,  2.368380548011243e-01,  1.324590346955895e-01,  8.283232591853997e-01,  1.359426412935270e-01, -3.139650993241659e-01,  4.738819165904201e-01, -3.573620838430788e-01,  6.002262933929859e-01,  9.472625822334561e-01, -1.625414880800029e-01,  3.199956348159892e-02
  2.530000000000000e+00,  2.419914361753619e-02, -3.370804838757704e-01,  2.343552212994549e-01,  1.314105661712056e-01,  8.283460020594517e-01,  1.359920310513610e-01, -3.117701337506961e-01,  4.753504218634487e-01, -3.635186049147310e-01,  5.915264076340541e-01,  9.475263189881606e-01, -1.657937649899557e-01,  3.162441202744970e-02
  2.540000000000000e+00,  2.363645651500279e-02, -3.377369152383962e-01,  2.319871448363542e-01,  1.304118001331100e-01,  8.283720365957961e-01,  1.360349435656116e-01, -3.097441268350450e-01,  4.769067556896596e-01, -3.693231935938410e-01,  5.828093052759322e-01,  9.479375362714820e-01, -1.690795858335792e-01,  3.124442570023915e-02
  2.550000000000000e+00,  2.309706049534295e-02, -3.383199599483047e-01,  2.296838737218650e-01,  1.294396913833331e-01,  8.284036787796778e-01,  1.360707302355771e-01, -3.078654296196947e-01,  4.785451925367183e-01, -3.748120591074079e-01,  5.741953085839959e-01,  9.482962033456530e-01, -1.723202194482081e-01,  3.085690730062458e-02
  2.560000000000000e+00,  2.256733396831136e-02, -3.388430356253947e-01,  2.273883481008249e-01,  1.284699494835178e-01,  8.284417543441775e-01,  1.361002472070815e-01, -3.061013892538993e-01,  4.802323223876214e-01, -3.800186893837704e-01,  5.658178862877885e-01,  9.484359571231982e-01, -1.754438156273554e-01,  3.046527936630802e-02
  2.570000000000000e+00,  2.203304198274978e-02, -3.393374624340795e-01,  2.250444411096455e-01,  1.274803191386736e-01,  8.284856105974953e-01,  1.361256226491284e-01, -3.044134210159741e-01,  4.819153417905109e-01, -3.849713893487864e-01,  5.578136147565494e-01,  9.482484914670962e-01, -1.783877897866442e-01,  3.007556796762736e-02
  2.580000000000000e+00,  2.148119318631717e-02, -3.398477629748473e-01,  2.226039377529756e-01,  1.264532587544888e-01,  8.285332568758844e-01,  1.361499425306875e-01, -3.027630093551274e-01,  4.835292095920798e-01, -3.896935129425541e-01,  5.503146930469767e-01,  9.476740505491589e-01, -1.811011835137177e-01,  2.969382889004807e-02
  2.590000000000000e+00,  2.090168646501912e-02, -3.404247352623308e-01,  2.200320976387080e-01,  1.253777965709776e-01,  8.285817371781443e-01,  1.361767708007896e-01, -3.011179986491777e-01,  4.850040683244066e-01, -3.942061849432697e-01,  5.434432442248694e-01,  9.466712973220499e-01, -1.835444647022486e-01,  2.932434431471157e-02
  2.600000000000000e+00,  2.028864271659345e-02, -3.411165330115412e-01,  2.173114466140438e-01,  1.242504308762353e-01,  8.286277310729474e-01,  1.362095159104842e-01, -2.994567760664655e-01,  4.862743081305884e-01, -3.985308539022953e-01,  5.373062768268100e-01,  9.452035078838099e-01, -1.856884144262514e-01,  2.896889262453036e-02
  2.610000000000000e+00,  1.964120412104100e-02, -3.419603698304585e-01,  2.144436610019687e-01,  1.230752128713880e-01,  8.286681603832921e-01,  1.362508457561776e-01, -2.977702498894950e-01,  4.872868564853600e-01, -4.026892041964641e-01,  5.319897336193737e-01,  9.432438880329301e-01, -1.875168407813228e-01,  2.862698103209410e-02
  2.620000000000000e+00,  1.896357877225990e-02, -3.429767931250051e-01,  2.114490648912996e-01,  1.218629627595493e-01,  8.287006541551397e-01,  1.363022952494141e-01, -2.960627916784109e-01,  4.880065636374003e-01, -4.067007546629623e-01,  5.275526234253987e-01,  9.407798942889959e-01, -1.890334653729886e-01,  2.829696353030033e-02
  2.630000000000000e+00,  1.826387332378293e-02, -3.441686866324006e-01,  2.083619505530935e-01,  1.206290402912851e-01,  8.287237660780934e-01,  1.363642077650499e-01, -2.943506404583491e-01,  4.884167822905911e-01, -4.105805528286028e-01,  5.240248769904312e-01,  9.378117578043232e-01, -1.902649112077390e-01,  2.797829309416172e-02
  2.640000000000000e+00,  1.755179337510450e-02, -3.455256604425302e-01,  2.052217791849099e-01,  1.193897986933678e-01,  8.287369072153520e-01,  1.364360384096936e-01, -2.926566619619494e-01,  4.885151954149594e-01, -4.143382299885447e-01,  5.214090298246725e-01,  9.343530959395236e-01, -1.912525596274015e-01,  2.767310226494563e-02
  2.650000000000000e+00,  1.683641011578051e-02, -3.470297870760330e-01,  2.020644470574664e-01,  1.181592610532649e-01,  8.287401968998739e-01,  1.365167215811027e-01, -2.910047671988791e-01,  4.883093351468714e-01, -4.179775983406986e-01,  5.196823290262197e-01,  9.304344623290615e-01, -1.920403899562242e-01,  2.738562795851610e-02
  2.660000000000000e+00,  1.612511970107076e-02, -3.486593244806902e-01,  1.989182171522451e-01,  1.169477170795609e-01,  8.287343277251871e-01,  1.366048955352442e-01, -2.894177455147204e-01,  4.878146298218740e-01, -4.214957684854331e-01,  5.187974394810949e-01,  9.261068656347787e-01, -1.926707423485672e-01,  2.712080857052715e-02
  2.670000000000000e+00,  1.542364206101118e-02, -3.503889354098836e-01,  1.958035141328633e-01,  1.157617380419778e-01,  8.287205879624521e-01,  1.366988807801790e-01, -2.879169223852876e-01,  4.870558004257873e-01, -4.248819948018837e-01,  5.186824438934479e-01,  9.214484899043955e-01, -1.931837060050385e-01,  2.688283420096192e-02
  2.680000000000000e+00,  1.473705928732206e-02, -3.522016068342966e-01,  1.927414925037828e-01,  1.146086587676326e-01,  8.286994295226369e-01,  1.367977421975149e-01, -2.865211880070924e-01,  4.860602218130628e-01, -4.281147297622637e-01,  5.192408789599965e-01,  9.165598438201060e-01, -1.936191815717538e-01,  2.667317993269054e-02
  2.690000000000000e+00,  1.406966168769926e-02, -3.540742221327740e-01,  1.897488551257554e-01,  1.134934232644871e-01,  8.286720016541355e-01,  1.369000407152554e-01, -2.852395593543589e-01,  4.848679269395490e-01, -4.311626223900697e-01,  5.203563177733120e-01,  9.115556612709543e-01, -1.940106561530135e-01,  2.649143016713104e-02
  2.700000000000000e+00,  1.342620682343238e-02, -3.559817368509171e-01,  1.868457043011995e-01,  1.124221740675997e-01,  8.286394201929849e-01,  1.370042864743369e-01, -2.840661710293428e-01,  4.835282009910314e-01, -4.339837002571018e-01,  5.218986897089674e-01,  9.065434025410218e-01, -1.943947782846409e-01,  2.633662404154375e-02
  2.710000000000000e+00,  1.281292702921856e-02, -3.578878410252099e-01,  1.840586040093449e-01,  1.114028611517187e-01,  8.286034449505644e-01,  1.371082511044562e-01, -2.829780839455889e-01,  4.821062861926189e-01, -4.365281260742863e-01,  5.237340517273669e-01,  9.016244742495916e-01, -1.948113046052609e-01,  2.620828195473256e-02
  2.720000000000000e+00,  1.223880079292935e-02, -3.597399194518588e-01,  1.814267818718072e-01,  1.104474244802369e-01,  8.285666074315918e-01,  1.372086972688588e-01, -2.819407011696761e-01,  4.806868742704007e-01, -4.387428632068724e-01,  5.257337315536842e-01,  8.969043363342286e-01, -1.952927605144932e-01,  2.610543439018025e-02
  2.730000000000000e+00,  1.171626458866103e-02, -3.614681837371784e-01,  1.790067844171714e-01,  1.095735917008183e-01,  8.285320238291388e-01,  1.373014345054653e-01, -2.809188298095636e-01,  4.793717434968137e-01, -4.405785526259304e-01,  5.277808352450493e-01,  8.924931374117445e-01, -1.958504164051063e-01,  2.602528368785325e-02
  2.740000000000000e+00,  1.126074997123291e-02, -3.629902404182881e-01,  1.768719286860901e-01,  1.088049098140025e-01,  8.285029817053261e-01,  1.373817111707760e-01, -2.798884031786553e-01,  4.782696027981461e-01, -4.419963167800566e-01,  5.297739397717793e-01,  8.884928301055585e-01, -1.964700149761787e-01,  2.596340331589548e-02
  2.750000000000000e+00,  1.088925163940394e-02, -3.642235203341350e-01,  1.751075580113978e-01,  1.081696383075068e-01,  8.284820634666855e-01,  1.374451255421530e-01, -2.788453780158046e-01,  4.774787413200615e-01, -4.429714061292790e-01,  5.316280406265840e-01,  8.849810974487899e-01, -1.971241970021147e-01,  2.591467057621282e-02
  2.760000000000000e+00,  1.061836137620362e-02, -3.650839059800511e-01,  1.737980573068973e-01,  1.076954442252354e-01,  8.284719757314851e-01,  1.374871974620940e-01, -2.778097271242951e-01,  4.770830567666287e-01, -4.434946386540617e-01,  5.332724769342607e-01,  8.820173358424661e-01, -1.977868379574057e-01,  2.587459774237402e-02
  2.770000000000000e+00,  1.046302751266950e-02, -3.655128801482171e-01,  1.730247228792495e-01,  1.074105116071332e-01,  8.284733171691469e-01,  1.375054211441777e-01, -2.768265441522298e-01,  4.771315550681369e-01, -4.435682905984966e-01,  5.346503587106596e-01,  8.796289043687117e-01, -1.984530848203030e-01,  2.583784582843608e-02
  2.780000000000000e+00,  1.043514659087446e-02, -3.654715029360244e-01,  1.728529525069837e-01,  1.073381269732013e-01,  8.284858868415523e-01,  1.374983890193285e-01, -2.759593122283242e-01,  4.776469914385486e-01, -4.432024955820859e-01,  5.357191158391925e-01,  8.778205924383368e-01, -1.991370944837385e-01,  2.579953019292162e-02
  2.790000000000000e+00,  1.054287343217957e-02, -3.649462934741818e-01,  1.733272005221730e-01,  1.074952306919576e-01,  8.285085258338247e-01,  1.374660436968104e-01, -2.752798212939712e-01,  4.786269447667396e-01, -4.424089781629961e-01,  5.364536389688119e-01,  8.765733536179725e-01, -1.998737052870212e-01,  2.575598244096007e-02
  2.800000000000000e+00,  1.079037758594073e-02, -3.639480359854937e-01,  1.744676654741400e-01,  1.078911443414624e-01,  8.285394673583415e-01,  1.374094330546250e-01, -2.748576152526731e-01,  4.800502889242382e-01, -4.411951989178784e-01,  5.368496942778391e-01,  8.758493741501041e-01, -2.007182085876469e-01,  2.570465350793019e-02
  2.810000000000000e+00,  1.117801834475928e-02, -3.625083124508833e-01,  1.762702825231233e-01,  1.085273959394910e-01,  8.285766656670158e-01,  1.373304097763061e-01, -2.747539512295421e-01,  4.818842109930575e-01, -4.395615115647504e-01,  5.369276012814175e-01,  8.755987831469499e-01, -2.017396494769894e-01,  2.564226037765133e-02
  2.820000000000000e+00,  1.170270550971004e-02, -3.606772980303887e-01,  1.787096067357673e-01,  1.093987024340316e-01,  8.286178063535201e-01,  1.372315546884079e-01, -2.750222582788003e-01,  4.840864390470046e-01, -4.375047578245337e-01,  5.367384648918878e-01,  8.757667361411637e-01, -2.030113601784471e-01,  2.556311550266228e-02
  2.830000000000000e+00,  1.235823023283389e-02, -3.585232798062545e-01,  1.817431376185066e-01,  1.104945755949812e-01,  8.286600452663693e-01,  1.371163157380062e-01, -2.757109669814005e-01,  4.866016899853481e-01, -4.350290185508290e-01,  5.363748520190927e-01,  8.762933991217926e-01, -2.046025532087676e-01,  2.545972601947923e-02
  2.840000000000000e+00,  1.313540046434669e-02, -3.561303350422114e-01,  1.853147202559784e-01,  1.118003795439255e-01,  8.286999347168806e-01,  1.369890053569615e-01, -2.768610539060719e-01,  4.893574891829004e-01, -4.321596767950219e-01,  5.359836237228793e-01,  8.770989165730149e-01, -2.065673288817782e-01,  2.532554604929867e-02
  2.850000000000001e+00,  1.402189105194660e-02, -3.535914038645263e-01,  1.893553313132403e-01,  1.132969618099845e-01,  8.287338789092814e-01,  1.368543893795313e-01, -2.784952935556206e-01,  4.922633213870739e-01, -4.289537644277006e-01,  5.357734788012763e-01,  8.780630861450538e-01, -2.089330179988109e-01,  2.515829676710229e-02
  2.860000000000000e+00,  1.500225518374352e-02, -3.509985394729965e-01,  1.937837635062123e-01,  1.149599922380765e-01,  8.287588365108878e-01,  1.367170585552969e-01, -2.806052560954778e-01,  4.952128949358653e-01, -4.255004838421826e-01,  5.360087059595580e-01,  8.790192465705016e-01, -2.116900775399662e-01,  2.496179647392461e-02
  2.870000000000000e+00,  1.605879829267062e-02, -3.484357319302424e-01,  1.985118772435736e-01,  1.167613451742324e-01,  8.287725823874834e-01,  1.365810805601933e-01, -2.831447879345707e-01,  4.980870341146688e-01, -4.219116210278328e-01,  5.369870154846145e-01,  8.797698062403618e-01, -2.147815026715574e-01,  2.474536007164914e-02
  2.880000000000000e+00,  1.717330304488258e-02, -3.459775567368812e-01,  2.034545804043515e-01,  1.186729416402641e-01,  8.287732799764926e-01,  1.364501430733880e-01, -2.860324759087569e-01,  5.007562174331786e-01, -4.183065943035967e-01,  5.390074399464903e-01,  8.801202981862583e-01, -2.180988096130150e-01,  2.452178859231375e-02
  2.890000000000000e+00,  1.832884062668245e-02, -3.436913651424104e-01,  2.085396339275540e-01,  1.206709582397295e-01,  8.287588357179773e-01,  1.363278815199348e-01, -2.891597113754785e-01,  5.030853990881338e-01, -4.147962622078423e-01,  5.423368106646109e-01,  8.799244738140920e-01, -2.214932481183278e-01,  2.430524881919971e-02
  2.900000000000000e+00,  1.951116323342814e-02, -3.416395769300898e-01,  2.137140447121872e-01,  1.227388079271556e-01,  8.287264859672885e-01,  1.362180696025363e-01, -2.924008535890116e-01,  5.049449362029467e-01, -4.114670168379782e-01,  5.471786350878706e-01,  8.791358138308826e-01, -2.247982482862243e-01,  2.411096842943165e-02
  2.910000000000000e+00,  2.070564751384705e-02, -3.398792684517521e-01,  2.189275308600369e-01,  1.248601801170257e-01,  8.286736058850649e-01,  1.361243192606825e-01, -2.956176086587189e-01,  5.062130652418736e-01, -4.083686013004448e-01,  5.536661538983855e-01,  8.777514426158592e-01, -2.278358668134444e-01,  2.395086841831845e-02
  2.920000000000000e+00,  2.189929277639501e-02, -3.384641626814490e-01,  2.241419644272613e-01,  1.270232841775172e-01,  8.285971863831832e-01,  1.360502891392171e-01, -2.986709751132711e-01,  5.067958869672946e-01, -4.055037319695002e-01,  5.618337265396434e-01,  8.758936311390932e-01, -2.304526004578611e-01,  2.384017321775632e-02
  2.930000000000000e+00,  2.307782650923909e-02, -3.374405259447461e-01,  2.293153457247580e-01,  1.292136675277194e-01,  8.284948731443775e-01,  1.359991786850265e-01, -3.014271989082090e-01,  5.066260936618234e-01, -4.028305610890944e-01,  5.716292478342867e-01,  8.737120501473092e-01, -2.325258050703924e-01,  2.379229510567434e-02
  2.940000000000000e+00,  2.422706679972084e-02, -3.368433024819155e-01,  2.344064323246781e-01,  1.314158746432553e-01,  8.283651165408655e-01,  1.359734708469047e-01, -3.037702030309065e-01,  5.056717721330964e-01, -4.002742676011763e-01,  5.829241417481917e-01,  8.713630648557568e-01, -2.339823177933726e-01,  2.381758177804840e-02
  2.950000000000000e+00,  2.533472463525144e-02, -3.366899585901665e-01,  2.393799143684552e-01,  1.336152755321938e-01,  8.282075386233263e-01,  1.359744592349992e-01, -3.056120511766954e-01,  5.039446770882801e-01, -3.977450477058718e-01,  5.955357085963008e-01,  8.689863694843299e-01, -2.348025395904736e-01,  2.391993106096676e-02
  2.960000000000000e+00,  2.639263206959338e-02, -3.369749804464797e-01,  2.442130148761120e-01,  1.358006866821064e-01,  8.280232280954276e-01,  1.360017945567115e-01, -3.068994646331605e-01,  5.015043246631763e-01, -3.951540148647949e-01,  6.092506542975274e-01,  8.666943011302182e-01, -2.350099728078097e-01,  2.409446619343272e-02
  2.970000000000000e+00,  2.739838768148792e-02, -3.376678361159774e-01,  2.489001378730578e-01,  1.379664972699178e-01,  8.278148318713477e-01,  1.360532628249631e-01, -3.076153774457429e-01,  4.984526115436851e-01, -3.924231174365375e-01,  6.238464351105526e-01,  8.645598662387930e-01, -2.346523840718320e-01,  2.432830901270725e-02
  2.980000000000000e+00,  2.835574180187162e-02, -3.387145862249840e-01,  2.534531831722050e-01,  1.401131844516325e-01,  8.275864809193071e-01,  1.361248334228813e-01, -3.077762469801983e-01,  4.949216409005717e-01, -3.894897789586066e-01,  6.391089711316470e-01,  8.626058958410321e-01, -2.337851266667854e-01,  2.460356814886265e-02
  2.990000000000000e+00,  2.927386096450578e-02, -3.400419777396112e-01,  2.578982509813409e-01,  1.422463648925083e-01,  8.273435970096645e-01,  1.362109202662106e-01, -3.074262485749302e-01,  4.910599449134257e-01, -3.863083668085935e-01,  6.548447802031463e-01,  8.608106243650023e-01, -2.324670763147592e-01,  2.490085335884895e-02
  3.000000000000000e+00,  3.016571144717783e-02, -3.415647279601021e-01,  2.622702394503011e-01,  1.443750526528504e-01,  8.270924554531940e-01,  1.363049261534339e-01, -3.066286070630722e-01,  4.870180727931961e-01, -3.828502532111665e-01,  6.708891424412823e-01,  8.591287499690607e-01, -2.307689763612342e-01,  2.520307024535338e-02
  3.010000000000000e+00,  3.104560391348064e-02, -3.431957999305965e-01,  2.666055316206615e-01,  1.465091607075773e-01,  8.268395113584592e-01,  1.364000567843577e-01, -3.054542806000449e-01,  4.829346545280281e-01, -3.791026097328861e-01,  6.871127783128668e-01,  8.575088095821706e-01, -2.287766533054734e-01,  2.549749533313020e-02
  3.020000000000000e+00,  3.192646168854205e-02, -3.448558332930411e-01,  2.709338798171291e-01,  1.486564393712352e-01,  8.265907860697508e-01,  1.364901082141369e-01, -3.039708273178215e-01,  4.789270087601828e-01, -3.750651877761839e-01,  7.034236158509015e-01,  8.558968445969444e-01, -2.265784039919767e-01,  2.577377002734704e-02
  3.030000000000000e+00,  3.281770728362152e-02, -3.464786146560973e-01,  2.752720730405628e-01,  1.508198141721756e-01,  8.263515120593100e-01,  1.365699764470403e-01, -3.022352611655095e-01,  4.750876349104735e-01, -3.707460271305027e-01,  7.197611598555085e-01,  8.542328334074901e-01, -2.242476049617781e-01,  2.602048468940232e-02
  3.040000000000000e+00,  3.372389940120492e-02, -3.480134166008881e-01,  2.796200045430087e-01,  1.529955087898899e-01,  8.261259577519305e-01,  1.366359401432095e-01, -3.002907068035793e-01,  4.714838852339914e-01, -3.661581240712542e-01,  7.360900511059056e-01,  8.524403315424564e-01, -2.218260586450969e-01,  2.622416124604850e-02
  3.050000000000000e+00,  3.464407196098544e-02, -3.494259393121270e-01,  2.839593829273932e-01,  1.551722483671022e-01,  8.259172937425940e-01,  1.366858294609985e-01, -2.981655747105217e-01,  4.681592998721925e-01, -3.613175786690115e-01,  7.523963509212551e-01,  8.504073035847828e-01, -2.193061779890040e-01,  2.637047342224240e-02
  3.060000000000000e+00,  3.557200452442451e-02, -3.506987084192393e-01,  2.882561951659894e-01,  1.573322029355735e-01,  8.257274290642591e-01,  1.367191053946394e-01, -2.958754913478434e-01,  4.651359095736516e-01, -3.562430471331772e-01,  7.686809780251455e-01,  8.479840218899702e-01, -2.166317121146444e-01,  2.644694733085659e-02
  3.070000000000000e+00,  3.649672730429369e-02, -3.518325110372172e-01,  2.924644444572938e-01,  1.594526847496137e-01,  8.255567635765571e-01,  1.367369676928678e-01, -2.934252592182513e-01,  4.624153434571212e-01, -3.509561683422955e-01,  7.849483216924400e-01,  8.450260770348832e-01, -2.137350790052288e-01,  2.644716339668832e-02
  3.080000000000000e+00,  3.740573142006267e-02, -3.528357298158525e-01,  2.965361555559810e-01,  1.615100574412805e-01,  8.254048809859433e-01,  1.367414347315224e-01, -2.908155994825171e-01,  4.599899328026648e-01, -3.454844504649293e-01,  8.011890625943028e-01,  8.414940459983370e-01, -2.105893629521569e-01,  2.637637109143696e-02
  3.090000000000000e+00,  3.828459001319585e-02, -3.537254069351441e-01,  3.004205029735373e-01,  1.634794083303180e-01,  8.252704945309821e-01,  1.367354129657573e-01, -2.880413759232907e-01,  4.578437177805822e-01, -3.398575737672948e-01,  8.173748773323518e-01,  8.375001761570497e-01, -2.072485766174008e-01,  2.625470338916355e-02
  3.100000000000000e+00,  3.912128434295478e-02, -3.545127772246476e-01,  3.040757915448841e-01,  1.653393587230199e-01,  8.251524934221177e-01,  1.367213942168730e-01, -2.851045842921459e-01,  4.559652305902001e-01, -3.341079176328641e-01,  8.334580665731339e-01,  8.333022177796006e-01, -2.038384097908961e-01,  2.611396629815327e-02
  3.110000000000000e+00,  3.990753010431899e-02, -3.552058891886271e-01,  3.074751123382667e-01,  1.670752612277648e-01,  8.250497231644216e-01,  1.367014504601635e-01, -2.820222899677268e-01,  4.543450588234199e-01, -3.282720403324454e-01,  8.493848623410695e-01,  8.291957622002761e-01, -2.005102338879947e-01,  2.598572047973769e-02
  3.120000000000000e+00,  4.063766687908774e-02, -3.558248762937586e-01,  3.106071890106306e-01,  1.686810665439506e-01,  8.249598187770831e-01,  1.366782024254587e-01, -2.788254550417876e-01,  4.529642711516338e-01, -3.223971685212961e-01,  8.651091402252195e-01,  8.254103426777190e-01, -1.973997025674799e-01,  2.589047955368834e-02
  3.130000000000000e+00,  4.130632125530177e-02, -3.564122471366066e-01,  3.134709073209591e-01,  1.701576307016734e-01,  8.248785248977342e-01,  1.366555682842952e-01, -2.755492934737692e-01,  4.517858189849085e-01, -3.165446157722167e-01,  8.806011730693266e-01,  8.220644512985896e-01, -1.946103393593877e-01,  2.583485891688693e-02
  3.140000000000000e+00,  4.190844156118086e-02, -3.570193702435097e-01,  3.160702261608869e-01,  1.715092354032940e-01,  8.248009154939234e-01,  1.366378563385184e-01, -2.722274237027252e-01,  4.507617357352405e-01, -3.107841667285072e-01,  8.958485067565325e-01,  8.191669535962873e-01, -1.922091038226363e-01,  2.581510304344289e-02
  3.150000000000000e+00,  4.244104799086380e-02, -3.576847657420240e-01,  3.184123613739633e-01,  1.727410064103311e-01,  8.247231936030992e-01,  1.366282583956521e-01, -2.688920974974851e-01,  4.498465098081842e-01, -3.051853827807959e-01,  9.108498211773989e-01,  8.166385717299215e-01, -1.902287087284287e-01,  2.582292934349551e-02
  3.160000000000000e+00,  4.290373738381973e-02, -3.584258210631308e-01,  3.205060784604699e-01,  1.738573953506838e-01,  8.246433658079836e-01,  1.366283246712751e-01, -2.655736165681788e-01,  4.490031732758518e-01, -2.998119973802818e-01,  9.256063747847261e-01,  8.143467952602335e-01, -1.886724028288085e-01,  2.584962881728189e-02
  3.170000000000000e+00,  4.329752197722869e-02, -3.592423413763971e-01,  3.223582154324630e-01,  1.748606758408056e-01,  8.245609606781688e-01,  1.366383298952625e-01, -2.622966476633268e-01,  4.482023258562898e-01, -2.947185910522692e-01,  9.401159611720959e-01,  8.121484583967731e-01, -1.875143706935747e-01,  2.588761394989865e-02
  3.180000000000000e+00,  4.362300790414867e-02, -3.601253709368037e-01,  3.239699602299965e-01,  1.757497112039138e-01,  8.244763193589819e-01,  1.366580191478310e-01, -2.590759646022581e-01,  4.474168796067175e-01, -2.899489679243613e-01,  9.543712874492852e-01,  8.099244300153380e-01, -1.866995152732149e-01,  2.593108016212942e-02
  3.190000000000000e+00,  4.388040010562171e-02, -3.610606346267217e-01,  3.253382425064851e-01,  1.765208923894416e-01,  8.243902839090241e-01,  1.366868371039423e-01, -2.559183513746747e-01,  4.466192453875553e-01, -2.855339711487920e-01,  9.683570709422761e-01,  8.076018052855786e-01, -1.861447377222047e-01,  2.597708134942142e-02
  3.200000000000000e+00,  4.407027070913134e-02, -3.620368944468823e-01,  3.264620659828174e-01,  1.771720169064552e-01,  8.243034678831878e-01,  1.367243498598033e-01, -2.528294848194391e-01,  4.457773770912268e-01, -2.814969531698725e-01,  9.820428755914564e-01,  8.051537298655000e-01, -1.857542130343781e-01,  2.602477997801615e-02
  3.210000000000000e+00,  4.419717270664279e-02, -3.630379323694194e-01,  3.273532946842010e-01,  1.777071878050098e-01,  8.242168337595090e-01,  1.367693814604564e-01, -2.498276423986292e-01,  4.448611253443633e-01, -2.778562801615155e-01,  9.953745298533984e-01,  8.025995759209290e-01, -1.854331175557364e-01,  2.607716244106393e-02
  3.220000000000000e+00,  4.426732063131630e-02, -3.640693058160067e-01,  3.280384828297056e-01,  1.781399209892508e-01,  8.241295528575739e-01,  1.368217989871129e-01, -2.469458437592771e-01,  4.438308786361848e-01, -2.746366949969742e-01,  1.008275942617176e+00,  7.999710017074284e-01, -1.851165971607869e-01,  2.613883248418950e-02
  3.230000000000000e+00,  4.429338448574296e-02, -3.651212706141110e-01,  3.285626661018791e-01,  1.784921577635317e-01,  8.240419676756854e-01,  1.368798204427739e-01, -2.442397203600501e-01,  4.426592173767035e-01, -2.718700228800748e-01,  1.020651743825308e+00,  7.973343958573961e-01, -1.847554102570279e-01,  2.621736241899795e-02
  3.240000000000000e+00,  4.429075230180705e-02, -3.661805333573536e-01,  3.289797922823730e-01,  1.787902874320736e-01,  8.239547064768382e-01,  1.369411044968407e-01, -2.417786824864442e-01,  4.413258423227787e-01, -2.696005260822098e-01,  1.032397250954657e+00,  7.947709022408241e-01, -1.843182764220710e-01,  2.631964682184235e-02
  3.250000000000000e+00,  4.427280986109735e-02, -3.672420665266678e-01,  3.293394164968550e-01,  1.790592248084164e-01,  8.238678117989050e-01,  1.370039541255670e-01, -2.396346409894129e-01,  4.398119731187247e-01, -2.678800458326271e-01,  1.043403476670044e+00,  7.923590289088919e-01, -1.837938380845616e-01,  2.644971845468991e-02
  3.260000000000000e+00,  4.424787417928821e-02, -3.683029506323971e-01,  3.296724305308443e-01,  1.793145480164152e-01,  8.237813047700456e-01,  1.370673138302914e-01, -2.378727854676547e-01,  4.381039264207750e-01, -2.667549765374894e-01,  1.053554994813867e+00,  7.901741105746493e-01, -1.831874257864139e-01,  2.660903945124652e-02
  3.270000000000000e+00,  4.421374519519088e-02, -3.693686476408525e-01,  3.299724555745313e-01,  1.795533839971046e-01,  8.236947752039954e-01,  1.371317555829904e-01, -2.365381682827339e-01,  4.361909033189793e-01, -2.662503040895308e-01,  1.062728390784232e+00,  7.882794494954861e-01, -1.825222114170706e-01,  2.679647383011178e-02
  3.280000000000000e+00,  4.415325760026396e-02, -3.704528001900803e-01,  3.301783469799995e-01,  1.797453307810845e-01,  8.236074719720364e-01,  1.371999970747571e-01, -2.356436422000019e-01,  4.340684014875375e-01, -2.663532417119193e-01,  1.070791560685054e+00,  7.867280945536019e-01, -1.818373332695455e-01,  2.700893553238204e-02
  3.290000000000000e+00,  4.403086110687211e-02, -3.715854362167477e-01,  3.301638643209250e-01,  1.798277466246835e-01,  8.235176874996184e-01,  1.372777845361747e-01, -2.351619457258369e-01,  4.317386725344141e-01, -2.670032522880620e-01,  1.077604797242130e+00,  7.855638447749342e-01, -1.811947989259111e-01,  2.724175411065346e-02
  3.300000000000000e+00,  4.379601773021116e-02, -3.727972982370434e-01,  3.297435448099681e-01,  1.797076193799191e-01,  8.234239944392608e-01,  1.373726213500644e-01, -2.350304170967205e-01,  4.292208796313305e-01, -2.680907268454027e-01,  1.083021267944900e+00,  7.848401166903995e-01, -1.806764827129825e-01,  2.748962470346022e-02
  3.310000000000000e+00,  4.338862369983167e-02, -3.741251628104202e-01,  3.286940224460534e-01,  1.792733768105223e-01,  8.233248444814871e-01,  1.374933594248435e-01, -2.351628240478349e-01,  4.265475113452964e-01, -2.694727052408324e-01,  1.086891502137024e+00,  7.846141202388422e-01, -1.803854490185697e-01,  2.774503504307152e-02
  3.320000000000000e+00,  4.274991053980432e-02, -3.756051570675883e-01,  3.267907096082946e-01,  1.784140629069339e-01,  8.232191872931017e-01,  1.376483594258830e-01, -2.354716147111255e-01,  4.237639624753901e-01, -2.710011194641357e-01,  1.089069130604073e+00,  7.849476301310935e-01, -1.804368780829200e-01,  2.799759688493985e-02
  3.330000000000000e+00,  4.183514428869865e-02, -3.772659853341024e-01,  3.238512300332247e-01,  1.770421757595881e-01,  8.231071389152053e-01,  1.378433653015123e-01, -2.358945672184970e-01,  4.209261306595529e-01, -2.725578945105621e-01,  1.089418142102834e+00,  7.859046650420439e-01, -1.809483552982800e-01,  2.823485408836941e-02
  3.340000000000000e+00,  4.062440191438235e-02, -3.791224689739568e-01,  3.197731017795692e-01,  1.751132050168436e-01,  8.229905443311992e-01,  1.380796939989331e-01, -2.364170920707749e-01,  4.180968529715905e-01, -2.740842255153259e-01,  1.087820227368772e+00,  7.875410541829130e-01, -1.820283982106474e-01,  2.844412668216020e-02
  3.350000000000001e+00,  3.912843239609354e-02, -3.811712750861253e-01,  3.145567190653435e-01,  1.726367840876639e-01,  8.228731116436547e-01,  1.383533697650346e-01, -2.370831319289670e-01,  4.153419733534858e-01, -2.755930504834239e-01,  1.084179670020011e+00,  7.898898111459109e-01, -1.837615367595924e-01,  2.861408198668395e-02
  3.360000000000000e+00,  3.738880661431953e-02, -3.833889596606673e-01,  3.083115134411875e-01,  1.696780756334874e-01,  8.227599979792036e-01,  1.386554010388915e-01, -2.379926001643690e-01,  4.127271598588036e-01, -2.771615508883853e-01,  1.078425091692998e+00,  7.929524024971276e-01, -1.861896452922387e-01,  2.873532337592157e-02
  3.370000000000000e+00,  3.547265785858889e-02, -3.857321680602911e-01,  3.012455059043045e-01,  1.663497746578570e-01,  8.226569331241728e-01,  1.389730962612586e-01, -2.392854475471753e-01,  4.103150469267655e-01, -2.789079013363480e-01,  1.070511122531412e+00,  7.966933999314448e-01, -1.892912404541991e-01,  2.880007043038227e-02
  3.380000000000000e+00,  3.346348492189648e-02, -3.881388574174777e-01,  2.936408481782078e-01,  1.627968123620146e-01,  8.225692284519102e-01,  1.392919670819702e-01, -2.411163036532997e-01,  4.081617836221781e-01, -2.809609821100022e-01,  1.060422619951539e+00,  8.010256161100444e-01, -1.929633063923433e-01,  2.880171164597080e-02
  3.390000000000000e+00,  3.145028599862128e-02, -3.905288115990975e-01,  2.858200599914894e-01,  1.591770836137253e-01,  8.225011487879472e-01,  1.395975685729593e-01, -2.436262156009102e-01,  4.063131548771895e-01, -2.834323280134658e-01,  1.048182243555358e+00,  8.057815754089828e-01, -1.970072703662487e-01,  2.873500431651984e-02
  3.400000000000000e+00,  2.951650464291500e-02, -3.928046778188387e-01,  2.781059175077590e-01,  1.556406809336291e-01,  8.224558720758037e-01,  1.398769138831072e-01, -2.469144699202521e-01,  4.048000364716072e-01, -2.863959043221277e-01,  1.033862185337789e+00,  8.106817881071962e-01, -2.011191920404163e-01,  2.859692695501894e-02
  3.410000000000000e+00,  2.772980340984290e-02, -3.948575449805127e-01,  2.707783264582885e-01,  1.523100057206504e-01,  8.224358735707405e-01,  1.401194595970552e-01, -2.510118974016535e-01,  4.036317687789303e-01, -2.898776600603444e-01,  1.017597148734568e+00,  8.153204833369772e-01, -2.048974918850466e-01,  2.838943700754054e-02
  3.420000000000000e+00,  2.613443580060667e-02, -3.965791856193053e-01,  2.640365643931665e-01,  1.492647031231644e-01,  8.224433744855943e-01,  1.403177247188976e-01, -2.558618250420495e-01,  4.027874242684973e-01, -2.938552933960991e-01,  9.995907024794869e-01,  8.191875416995923e-01, -2.078883433059251e-01,  2.812691921107663e-02
  3.430000000000000e+00,  2.474810000775574e-02, -3.978792042846671e-01,  2.579777963369076e-01,  1.465355718219716e-01,  8.224804675735725e-01,  1.404676106943860e-01, -2.613189140528967e-01,  4.022072586343234e-01, -2.982669170636950e-01,  9.801113125886528e-01,  8.217063490581548e-01, -2.096611446900614e-01,  2.784601247546566e-02
  3.440000000000000e+00,  2.356375913942564e-02, -3.987034283238863e-01,  2.525980864567760e-01,  1.441089629466883e-01,  8.225486350640063e-01,  1.405685718425535e-01, -2.671716739535676e-01,  4.017859604039760e-01, -3.030253937757916e-01,  9.594817941723013e-01,  8.222380090306024e-01, -2.098811328323877e-01,  2.761007240136971e-02
  3.450000000000000e+00,  2.255531389057706e-02, -3.990488059310049e-01,  2.478138108042547e-01,  1.419395197898099e-01,  8.226477365267565e-01,  1.406237043259439e-01, -2.731830965771008e-01,  4.013682429998281e-01, -3.080350399156166e-01,  9.380648820945376e-01,  8.200416243170955e-01, -2.083635485319222e-01,  2.750585301038830e-02
  3.460000000000000e+00,  2.168548476595131e-02, -3.989674739473478e-01,  2.434952630418891e-01,  1.399666911769309e-01,  8.227751346037493e-01,  1.406394473295025e-01, -2.791360047559641e-01,  4.007512659330704e-01, -3.132090274458587e-01,  9.162466356311580e-01,  8.142241613959332e-01, -2.051074652669806e-01,  2.763706159303201e-02
  3.470000000000000e+00,  2.105705294309970e-02, -3.979734174023750e-01,  2.400085158318004e-01,  1.383176616846537e-01,  8.229587475613342e-01,  1.405812585254420e-01, -2.852204960082236e-01,  4.013985933629966e-01, -3.194586971343925e-01,  8.957230394910473e-01,  8.117780795057844e-01, -1.950970017677842e-01,  2.730861891418051e-02
  3.480000000000000e+00,  2.074251866257314e-02, -3.960902235074660e-01,  2.377620060031736e-01,  1.371722485514899e-01,  8.231822996036436e-01,  1.404518345593960e-01, -2.910762533016100e-01,  4.045856047570621e-01, -3.251144034642146e-01,  8.740310187445069e-01,  8.294109428970938e-01, -1.823109755145018e-01,  2.573936960477269e-02
  3.490000000000000e+00,  2.025481851643636e-02, -3.949326225219596e-01,  2.349007035599413e-01,  1.358064187190085e-01,  8.233669501792721e-01,  1.403732242674993e-01, -2.959472198905485e-01,  4.046609173256157e-01, -3.292831064816541e-01,  8.508247981410236e-01,  8.302952939291147e-01, -1.764488125290686e-01,  2.583402177662518e-02
