Main.Studies.MarkerTracking.t,Main.Studies.MarkerTracking.JointAngleOutputs.OutputFile_Trunk.PelvisPosX,Main.Studies.MarkerTracking.JointAngleOutputs.OutputFile_Trunk.PelvisPosY,Main.Studies.MarkerTracking.JointAngleOutputs.OutputFile_Trunk.PelvisPosZ,Main.Studies.MarkerTracking.JointAngleOutputs.OutputFile_Trunk.PelvisRotX,Main.Studies.MarkerTracking.JointAngleOutputs.OutputFile_Trunk.PelvisRotY,Main.Studies.MarkerTracking.JointAngleOutputs.OutputFile_Trunk.PelvisRotZ,Main.Studies.MarkerTracking.JointAngleOutputs.OutputFile_Trunk.PelvisThoraxExtension,Main.Studies.MarkerTracking.JointAngleOutputs.OutputFile_Trunk.PelvisThoraxLateralBending,Main.Studies.MarkerTracking.JointAngleOutputs.OutputFile_Trunk.PelvisThoraxRotation,Main.Studies.MarkerTracking.JointAngleOutputs.OutputFile_Trunk.SkullThoraxFlexion,Main.Studies.MarkerTracking.JointAngleOutputs.OutputFile_Trunk.SkullThoraxLateralBending,Main.Studies.MarkerTracking.JointAngleOutputs.OutputFile_Trunk.SkullThoraxRotation
 1.540000000000000e+000,-1.155605053237765e-001, 8.920535408019036e-001,-3.262460311119391e-001, 5.867453531937067e-002, 8.264109540991194e-002, 3.718999516748624e-004,-1.327571364480144e-001,-7.203671353623123e-002,-1.776951155090762e-001,-2.791271010352061e-002,-1.252810418768979e-001, 1.742899999879748e-001
 1.550000000000000e+000,-1.025859044468183e-001, 8.907224844781440e-001,-3.260696825309979e-001, 5.643792177678716e-002, 8.884730616598779e-002,-9.686625885424109e-005,-1.312263992902954e-001,-6.622482164590723e-002,-1.814536279169540e-001,-3.131405536509886e-002,-1.261257413319933e-001, 1.750389976343807e-001
 1.560000000000000e+000,-8.935446375992917e-002, 8.894026019737058e-001,-3.258407829963583e-001, 5.335681510112102e-002, 9.500617435416370e-002,-9.922635485133391e-004,-1.291819155768812e-001,-5.931712622008508e-002,-1.852572004974466e-001,-3.478857820069740e-002,-1.264973095140733e-001, 1.755504784337933e-001
 1.570000000000000e+000,-7.585305970517818e-002, 8.881524651236653e-001,-3.255331721406881e-001, 4.929376248234126e-002, 1.008804116326112e-001,-2.394563512387134e-003,-1.265333806749354e-001,-5.117103047090605e-002,-1.889738481410588e-001,-3.834924493146453e-002,-1.262669820565134e-001, 1.756950430520645e-001
 1.580000000000000e+000,-6.214181013336372e-002, 8.870409448123003e-001,-3.251243585509366e-001, 4.418499536880321e-002, 1.062088735481579e-001,-4.322467559198668e-003,-1.232692978651729e-001,-4.175832408172635e-002,-1.924456119899496e-001,-4.197896195839743e-002,-1.253430439239246e-001, 1.753712330662710e-001
 1.590000000000000e+000,-4.828191357604751e-002, 8.861209511928875e-001,-3.246027977030422e-001, 3.805592386142440e-002, 1.108200458980782e-001,-6.720481055940844e-003,-1.194665401102807e-001,-3.115481520274649e-002,-1.955526668318394e-001,-4.564182451297164e-002,-1.237081977070462e-001, 1.745507603207281e-001
 1.600000000000000e+000,-3.431084519976170e-002, 8.854453506642041e-001,-3.239589962465435e-001, 3.097431758628298e-002, 1.145611617377438e-001,-9.493256665046131e-003,-1.152480725692868e-001,-1.948175490621078e-002,-1.981726349665962e-001,-4.929901780931770e-002,-1.213787146512039e-001, 1.732357530264038e-001
 1.610000000000000e+000,-2.025756422333618e-002, 8.850593144014468e-001,-3.231885976879955e-001, 2.307673791417473e-002, 1.173256895069346e-001,-1.250340694259793e-002,-1.107842754239042e-001,-6.941513300756001e-003,-2.001967321188137e-001,-5.291151126311472e-002,-1.184224520269303e-001, 1.714745283671644e-001
 1.620000000000000e+000,-6.146080912914145e-003, 8.849975258040044e-001,-3.222921512391178e-001, 1.456541573175458e-002, 1.190625213045429e-001,-1.557966898527070e-002,-1.062812696097221e-001, 6.183919793289878e-003,-2.015333153105652e-001,-5.645005247127728e-002,-1.149563728346311e-001, 1.693647417281477e-001
 1.630000000000000e+000, 8.001551099437509e-003, 8.852816691997565e-001,-3.212747151732547e-001, 5.687660140471463e-003, 1.197883187106352e-001,-1.853452660897570e-002,-1.019600789700102e-001, 1.955659136517196e-002,-2.021279025056984e-001,-5.990254131893964e-002,-1.111308149174211e-001, 1.670390132339542e-001
 1.640000000000000e+000, 2.216250368739370e-002, 8.859189738297719e-001,-3.201462667124460e-001,-3.287173141839095e-003, 1.195890402388182e-001,-2.119091853908966e-002,-9.802695026787907e-002, 3.281547656214399e-002,-2.019527789981564e-001,-6.328049446323615e-002,-1.071068709074241e-001, 1.646683851236047e-001
 1.650000000000000e+000, 3.631036970111126e-002, 8.869011122013794e-001,-3.189207828607539e-001,-1.210536712554836e-002, 1.186137942327448e-001,-2.341986746648071e-002,-9.463387816088535e-002, 4.562321869724734e-002,-2.010203337064308e-001,-6.661522851075165e-002,-1.030296246307760e-001, 1.624331824055741e-001
 1.660000000000000e+000, 5.041402551093004e-002, 8.882045003716304e-001,-3.176151953080677e-001,-2.055698372805991e-002, 1.170548130807940e-001,-2.516492130307754e-002,-9.185271698845363e-002, 5.770415534741807e-002,-1.993582950275160e-001,-6.995255609125128e-002,-9.901020726703583e-002, 1.605199593673614e-001
 1.670000000000000e+000, 6.443822978703689e-002, 8.897920136495996e-001,-3.162483144234734e-001,-2.849805949058186e-002, 1.151229509589078e-001,-2.644806375488231e-002,-8.966975056579860e-002, 6.887361261030381e-002,-1.970177188133754e-001,-7.334205228794069e-002,-9.510945691478168e-002, 1.590831763213889e-001
 1.680000000000000e+000, 7.834614316790675e-002, 8.916166877917731e-001,-3.148402400397891e-001,-3.585606431968696e-002, 1.130178361776195e-001,-2.735413497051114e-002,-8.800143450090348e-002, 7.905024655161788e-002,-1.940464727756099e-001,-7.682944250299134e-002,-9.133257818880973e-002, 1.582404016449676e-001
 1.690000000000000e+000, 9.210334717613480e-002, 8.936270798823134e-001,-3.134119298751013e-001,-4.262389990679532e-002, 1.109005280111775e-001,-2.799853729291556e-002,-8.672737566145777e-002, 8.825206006642129e-002,-1.904779655885928e-001,-8.044815685641070e-002,-8.763103873351004e-002, 1.580582115339620e-001
 1.700000000000000e+000, 1.056826288542900e-001, 8.957733505425007e-001,-3.119846992067417e-001,-4.883960178496461e-002, 1.088751450309820e-001,-2.848569166614747e-002,-8.573221329667141e-002, 9.657097110935771e-002,-1.863193346294162e-001,-8.421346706186758e-002,-8.391766021743413e-002, 1.585510751358388e-001
 1.710000000000000e+000, 1.190678943774094e-001, 8.980125643099625e-001,-3.105792426541819e-001,-5.455831590320836e-002, 1.069838969490884e-001,-2.887233970474999e-002,-8.494299377504025e-002, 1.041323082635483e-001,-1.815485388114333e-001,-8.812033736257859e-002,-8.009167440773482e-002, 1.596891203461369e-001
 1.720000000000000e+000, 1.322556571948169e-001, 9.003117194465198e-001,-3.092142138825347e-001,-5.982536363611678e-002, 1.052144678928564e-001,-2.915107853912674e-002,-8.434609248011424e-002, 1.110520956720862e-001,-1.761190193834541e-001,-9.214393466438513e-002,-7.606603692370190e-002, 1.614149586689673e-001
 1.730000000000000e+000, 1.452536978111169e-001, 9.026477328576714e-001,-3.079048837501123e-001,-6.465742189520658e-002, 1.035154155602807e-001,-2.926040294814056e-002,-8.397751683902242e-002, 1.174037781060663e-001,-1.699867965229520e-001,-9.623960224384644e-002,-7.178544184324745e-002, 1.636460168400001e-001
 1.740000000000000e+000, 1.580775793409175e-001, 9.050047471540874e-001,-3.066619378742221e-001,-6.903496795665313e-002, 1.018142565062135e-001,-2.911462684462896e-002,-8.389208006896515e-002, 1.232017750644382e-001,-1.631084644074838e-001,-1.003472543999401e-001,-6.724006367900777e-002, 1.663046178714004e-001
 1.750000000000000e+000, 1.707462937602313e-001, 9.073703637349447e-001,-3.054909389431132e-001,-7.291030164866355e-002, 1.000339417810110e-001,-2.863744260531893e-002,-8.413322179518387e-002, 1.284066704480154e-001,-1.554719596643966e-001,-1.043972373039824e-001,-6.246127975680563e-002, 1.693083408005848e-001
 1.760000000000000e+000, 1.832782096786110e-001, 9.097322113738301e-001,-3.043922439989644e-001,-7.622462956451306e-002, 9.810507667116708e-002,-2.778648373372640e-002,-8.471368874648387e-002, 1.329456275360313e-001,-1.471069026231285e-001,-1.083204832597022e-001,-5.751114617753338e-002, 1.725731657619502e-001
 1.770000000000000e+000, 1.956884598840018e-001, 9.120757950657475e-001,-3.033616745686162e-001,-7.892527137880527e-002, 9.597208557563564e-002,-2.656274828957279e-002,-8.561143932778645e-002, 1.367368791108569e-001,-1.380875491624784e-001,-1.120583844030659e-001,-5.246679152483685e-002, 1.760142934342651e-001
 1.780000000000000e+000, 2.079884373216487e-001, 9.143838208554110e-001,-3.023918613299987e-001,-8.097608719538277e-002, 9.359087016235312e-002,-2.500651963301370e-002,-8.677571319459214e-002, 1.397092012612415e-001,-1.285194254298132e-001,-1.155694017380207e-001,-4.740550153056119e-002, 1.795510315462691e-001
 1.790000000000000e+000, 2.201869236651032e-001, 9.166366892904637e-001,-3.014738218907608e-001,-8.236139793172809e-002, 9.092159420452139e-002,-2.318496501685373e-002,-8.813814630805340e-002, 1.418142001238545e-001,-1.185205812887382e-001,-1.188307911453826e-001,-4.239218047588689e-002, 1.831098886727506e-001
 1.800000000000000e+000, 2.322912995680662e-001, 9.188137412994805e-001,-3.005983714946576e-001,-8.308554729526070e-002, 8.792938766801606e-002,-2.117559816877304e-002,-8.962800836458376e-002, 1.430299659007866e-001,-1.081987424700223e-001,-1.218401753860243e-001,-3.747925786324595e-002, 1.866386408628994e-001
 1.810000000000000e+000, 2.443081977169889e-001, 9.208944483803373e-001,-2.997574843680327e-001,-8.317474326297725e-002, 8.459387643879568e-002,-1.905359105026652e-002,-9.118548714481028e-002, 1.433676334075695e-001,-9.767146585823461e-002,-1.246135522156210e-001,-3.269532760831475e-002, 1.900868359913199e-001
 1.820000000000000e+000, 2.562436713885515e-001, 9.228597528416073e-001,-2.989449616413938e-001,-8.267297929855570e-002, 8.091730093813965e-002,-1.687883011317050e-002,-9.277563356003793e-002, 1.428659761957695e-001,-8.705450653073836e-002,-1.271875366855713e-001,-2.805633094223128e-002, 1.934168155475912e-001
 1.830000000000000e+000, 2.681032794912363e-001, 9.246929144054433e-001,-2.981565054199190e-001,-8.163623722492373e-002, 7.692088336367631e-002,-1.469028059758413e-002,-9.439377467555574e-002, 1.415834448169653e-001,-7.645991327819589e-002,-1.296168702152188e-001,-2.357156829573432e-002, 1.965959729538657e-001
 1.840000000000000e+000, 2.798919619029310e-001, 9.263799317602423e-001,-2.973893722186244e-001,-8.012610665687608e-002, 7.263461242213309e-002,-1.250795295874735e-002,-9.606097346579609e-002, 1.395885850506857e-001,-6.598484976573611e-002,-1.319686211346872e-001,-1.925104377593419e-002, 1.995958757929800e-001
 1.850000000000000e+000, 2.916140762152671e-001, 9.279097085232214e-001,-2.966420296140691e-001,-7.820350790835431e-002, 6.808798067830901e-002,-1.033857036678112e-002,-9.781381774128888e-002, 1.369507174668952e-001,-5.570091743587580e-002,-1.343131752075661e-001,-1.511100858804408e-002, 2.023957168073484e-001
 1.860000000000000e+000, 3.032738369439580e-001, 9.292740661743486e-001,-2.959138162755498e-001,-7.592084538685981e-002, 6.330533098967273e-002,-8.179455414253392e-003,-9.969581261529784e-002, 1.337286298733688e-001,-4.565002279685567e-002,-1.367147353874700e-001,-1.117746365845132e-002, 2.049852051100894e-001
 1.870000000000000e+000, 3.148756426469177e-001, 9.304674869170195e-001,-2.952045624333836e-001,-7.331590933001153e-002, 5.830614209981389e-002,-6.021664139521083e-003,-1.017513340848386e-001, 1.299619878604315e-001,-3.584953420615918e-002,-1.392249928587024e-001,-7.484545441565246e-003, 2.073624595698351e-001
 1.880000000000000e+000, 3.264237575540808e-001, 9.314864408700052e-001,-2.945143554234412e-001,-7.041182404984114e-002, 5.310884400800298e-002,-3.857586568593360e-003,-1.040167704626655e-001, 1.256714634693433e-001,-2.630259560917522e-002,-1.418812462681593e-001,-4.068046865670807e-003, 2.095298392464001e-001
 1.890000000000000e+000, 3.379215337380636e-001, 9.323282389306998e-001,-2.938432843435185e-001,-6.722505042642278e-002, 4.773544030100330e-002,-1.694819658097474e-003,-1.065051063643151e-001, 1.208692152558630e-001,-1.700487626854717e-002,-1.447063995867406e-001,-9.588834400359737e-004, 2.114944963632950e-001
 1.900000000000000e+000, 3.493712175280694e-001, 9.329907803357252e-001,-2.931916565456418e-001,-6.377138115435717e-002, 4.221343840209468e-002, 4.401122595619319e-004,-1.092022238798520e-001, 1.155682718947007e-001,-7.949788331112555e-003,-1.477115695387617e-001, 1.821967118790348e-003, 2.132657613132658e-001
 1.910000000000000e+000, 3.607739677893020e-001, 9.334723697194705e-001,-2.925601019207373e-001,-6.007632022412922e-002, 3.657697842666452e-002, 2.501279253726048e-003,-1.120667000221770e-001, 1.097973823099584e-001, 8.671142002329207e-004,-1.508968817559948e-001, 4.267867900036013e-003, 2.148515624616247e-001
 1.920000000000000e+000, 3.721303820956815e-001, 9.337719003641972e-001,-2.919499638686918e-001,-5.618281026017801e-002, 3.086688618357103e-002, 4.429521314012581e-003,-1.150368874088312e-001, 1.036132493285189e-001, 9.442242784894653e-003,-1.542523470820326e-001, 6.391046170802201e-003, 2.162517997239214e-001
 1.930000000000000e+000, 3.834412080068900e-001, 9.338888734725986e-001,-2.913634378723118e-001,-5.215639424241082e-002, 2.512826764358023e-002, 6.158600173131081e-003,-1.180369006842352e-001, 9.710844637817931e-002, 1.776224142154230e-002,-1.577573442491331e-001, 8.224866993426481e-003, 2.174546767672675e-001
 1.940000000000000e+000, 3.947079263099951e-001, 9.338234341053856e-001,-2.908032807631155e-001,-4.808474536188938e-002, 1.940545955149742e-002, 7.620953497215715e-003,-1.209819142807230e-001, 9.041003741072547e-002, 2.580706192881497e-002,-1.613789748878678e-001, 9.820502638410337e-003, 2.184369128859332e-001
 1.950000000000000e+000, 4.059330723337097e-001, 9.335765685915252e-001,-2.902723795704508e-001,-4.407117430249646e-002, 1.373785029012531e-002, 8.753434950183442e-003,-1.237845036698276e-001, 8.366869316664168e-002, 3.355276440326685e-002,-1.650708244132230e-001, 1.123829374700087e-002, 2.191666922952808e-001
 1.960000000000000e+000, 4.171204629933447e-001, 9.331504187089356e-001,-2.897735773553300e-001,-4.022458072095082e-002, 8.159236615930210e-003, 9.503688468079521e-003,-1.263630440096797e-001, 7.704284562151721e-002, 4.097008666117927e-002,-1.687741877934614e-001, 1.253832340635607e-002, 2.196069972056098e-001
 1.970000000000000e+000, 4.282753895201817e-001, 9.325485562658188e-001,-2.893096451495807e-001,-3.664979920538777e-002, 2.699203952140294e-003, 9.836197333121322e-003,-1.286505231405560e-001, 7.068384127871483e-002, 4.802201131622054e-002,-1.724223598924006e-001, 1.377365040507044e-002, 2.197189241080312e-001
 1.980000000000000e+000, 4.394046366219953e-001, 9.317760710490805e-001,-2.888831135489433e-001,-3.344130681341417e-002,-2.615655859043553e-003, 9.735603588049775e-003,-1.306004238012794e-001, 6.472598105980498e-002, 5.466457275722207e-002,-1.759462844470669e-001, 1.498580954526196e-002, 2.194668513632543e-001
 1.990000000000000e+000, 4.505166312513977e-001, 9.308394806116722e-001,-2.884960342381841e-001,-3.068052394772750e-002,-7.761650635656370e-003, 9.207191961744998e-003,-1.321883588407996e-001, 5.928196764948842e-002, 6.085147766286270e-002,-1.792788728195420e-001, 1.620184303180397e-002, 2.188257567826043e-001
 2.000000000000000e+000, 4.616223797319772e-001, 9.297466102963338e-001,-2.881497421749487e-001,-2.843503076177089e-002,-1.272235508652386e-002, 8.278049619844984e-003,-1.334120015995077e-001, 5.444226516535736e-002, 6.654647069498068e-002,-1.823566461644580e-001, 1.743437399203008e-002, 2.177902121106660e-001
 2.010000000000000e+000, 4.727370462570322e-001, 9.285063666788307e-001,-2.878445236158712e-001,-2.676015217800125e-002,-1.749958327053136e-002, 7.000074317900928e-003,-1.342910203735950e-001, 5.027789290687403e-002, 7.173048669560116e-002,-1.851188433282809e-001, 1.868755725704072e-002, 2.163687521232568e-001
 2.020000000000000e+000, 4.838810451077126e-001, 9.271286092716816e-001,-2.875789815460516e-001,-2.570031317249114e-002,-2.212764169761883e-002, 5.455242201099187e-003,-1.348706972924255e-001, 4.684423060163085e-002, 7.642939657109814e-002,-1.875080333566531e-001, 1.996214941077165e-002, 2.145934228405626e-001
 2.030000000000000e+000, 4.950803980468450e-001, 9.256237275350279e-001,-2.873496527984004e-001,-2.529356763568863e-002,-2.668118816819032e-002, 3.757680711435288e-003,-1.352232298367296e-001, 4.418746046322838e-002, 8.071410250659337e-002,-1.894709830402464e-001, 2.126364801393359e-002, 2.125070978097996e-001
 2.040000000000000e+000, 5.063662629242589e-001, 9.240020392817331e-001,-2.871510110369209e-001,-2.557537315177015e-002,-3.127390842592837e-002, 2.051451426160142e-003,-1.354453379895756e-001, 4.235045082508044e-002, 8.469971940445811e-002,-1.909600124584086e-001, 2.260781964281149e-002, 2.101593138928605e-001
 2.050000000000000e+000, 5.177734300242419e-001, 9.222731685640895e-001,-2.869758387941238e-001,-2.658016571847855e-002,-3.604800540948849e-002, 5.014754643236050e-004,-1.356495824979982e-001, 4.137506698274424e-002, 8.853505202727550e-002,-1.919339380200393e-001, 2.402220978496244e-002, 2.076032287198845e-001
 2.060000000000000e+000, 5.293372425417854e-001, 9.204458736037742e-001,-2.868158404228958e-001,-2.833763512609568e-002,-4.115504668546666e-002,-7.257171941902369e-004,-1.359475194486822e-001, 4.129586967844250e-002, 9.238172120927651e-002,-1.923608608710136e-001, 2.554135541364533e-002, 2.048923495675223e-001
 2.070000000000000e+000, 5.410886577240641e-001, 9.185286483619835e-001,-2.866625842342693e-001,-3.085892917299187e-002,-4.672801172725793e-002,-1.495042635208871e-003,-1.364216689381141e-001, 4.212028875921648e-002, 9.639555041317438e-002,-1.922236445013871e-001, 2.719441983843736e-002, 2.020877544984445e-001
 2.080000000000000e+000, 5.530481865335180e-001, 9.165313171737326e-001,-2.865094707060331e-001,-3.410716251134117e-002,-5.284734727812079e-002,-1.747372335967682e-003,-1.370879411376531e-001, 4.378734122081183e-002, 1.006808541166566e-001,-1.915242233877268e-001, 2.898511765150534e-002, 1.992451079445429e-001
 2.090000000000000e+000, 5.652206320980713e-001, 9.144685394354999e-001,-2.863546238765854e-001,-3.794742084798890e-002,-5.951216151594152e-002,-1.532854677829246e-003,-1.378730770096709e-001, 4.610473421974239e-002, 1.052703871742990e-001,-1.902878123725569e-001, 3.086242609318697e-002, 1.964271498322386e-001
 2.100000000000000e+000, 5.775936719366391e-001, 9.123643356764075e-001,-2.862041904433356e-001,-4.209600399116396e-002,-6.662922305118912e-002,-1.011952040607079e-003,-1.386251235105214e-001, 4.868887194209554e-002, 1.101109609350565e-001,-1.885654499403466e-001, 3.269728967620220e-002, 1.937074627895173e-001
 2.110000000000000e+000, 5.901421496234831e-001, 9.102545928008996e-001,-2.860734809415958e-001,-4.611257590084851e-002,-7.402965772377557e-002,-4.175966276467109e-004,-1.391553587299187e-001, 5.096230086890442e-002, 1.150761628930603e-001,-1.864301164031165e-001, 3.428623624073289e-002, 1.911692229251040e-001
 2.120000000000000e+000, 6.028366670102009e-001, 9.081845909218056e-001,-2.859835788083930e-001,-4.946708256780275e-002,-8.150989667822195e-002, 2.384278921454733e-006,-1.392846432364813e-001, 5.224327503378385e-002, 1.200028480255780e-001,-1.839617729473538e-001, 3.538904431366188e-002, 1.888946605872577e-001
 2.130000000000000e+000, 6.156522458111267e-001, 9.062025579273982e-001,-2.859549577758947e-001,-5.165269252224343e-002,-8.887682033437927e-002, 3.389086570381326e-005,-1.388692065343926e-001, 5.188839412397153e-002, 1.247335011820271e-001,-1.812266202519136e-001, 3.578057993835860e-002, 1.869515582076458e-001
 2.140000000000000e+000, 6.285733439623973e-001, 9.043534061532764e-001,-2.860027931526180e-001,-5.227801947198429e-002,-9.597555021538207e-002,-4.790764207450440e-004,-1.378039716035296e-001, 4.940779265226829e-002, 1.291434821343948e-001,-1.782614753651683e-001, 3.529063496191706e-002, 1.853844263080113e-001
 2.150000000000000e+000, 6.415943899639742e-001, 9.026756319945776e-001,-2.861361821829025e-001,-5.110454888312136e-002,-1.026951546271351e-001,-1.629544829355168e-003,-1.360180128927555e-001, 4.451336574340053e-002, 1.331469729746550e-001,-1.750690431707075e-001, 3.382294045342697e-002, 1.842122849747219e-001
 2.160000000000000e+000, 6.547170975154569e-001, 9.012014561708797e-001,-2.863594823990496e-001,-4.804383636178094e-002,-1.089623156423911e-001,-3.450017480943078e-003,-1.334747884792838e-001, 3.711673045168967e-002, 1.366894908634818e-001,-1.716235248724741e-001, 3.135875583524288e-002, 1.834298433712591e-001
 2.170000000000000e+000, 6.679461580866160e-001, 8.999587273764316e-001,-2.866733726437185e-001,-4.314054901794829e-002,-1.147338633091577e-001,-5.915846805997918e-003,-1.301788579252201e-001, 2.730688837994582e-002, 1.397382234170717e-001,-1.678836228299743e-001, 2.795210067714218e-002, 1.830094581588816e-001
 2.180000000000000e+000, 6.812846036449752e-001, 8.989730263801169e-001,-2.870748919184100e-001,-3.655423861412137e-002,-1.199925401518218e-001,-8.949337626331932e-003,-1.261839423572947e-001, 1.532371044116024e-002, 1.422765134324007e-001,-1.638082444096154e-001, 2.372065643184433e-002, 1.829032125168651e-001
 2.190000000000000e+000, 6.947299394700177e-001, 8.982688857675104e-001,-2.875570697751204e-001,-2.854041156836382e-002,-1.247460157340137e-001,-1.242413053242154e-002,-1.215990305580435e-001, 1.530005283468174e-003, 1.443002728223611e-001,-1.593697824925981e-001, 1.883444554678603e-002, 1.830416268547127e-001
 2.200000000000000e+000, 7.082718815928261e-001, 8.978693400767226e-001,-2.881091517476448e-001,-1.942827412162990e-002,-1.290286061822703e-001,-1.617016214743728e-002,-1.165900176872222e-001,-1.361877771942963e-002, 1.458117380686635e-001,-1.545625176416136e-001, 1.350415856829111e-002, 1.833260322579818e-001
 2.210000000000000e+000, 7.218917559010557e-001, 8.977933723608415e-001,-2.887178127899808e-001,-9.594744598131661e-003,-1.329041484134641e-001,-1.998645714913990e-002,-1.113680246641010e-001,-2.960696418064259e-002, 1.468128823678610e-001,-1.494062938397880e-001, 7.968049046701552e-003, 1.836210179260025e-001
 2.220000000000000e+000, 7.355627112209490e-001, 8.980519660988278e-001,-2.893688992187949e-001, 5.669090840783703e-004,-1.364653295559146e-001,-2.366968885197783e-002,-1.061574064208096e-001,-4.589698900914137e-002, 1.473035421798765e-001,-1.439465322361838e-001, 2.472050486224172e-003, 1.837574245816039e-001
 2.230000000000000e+000, 7.492500216542138e-001, 8.986445062623752e-001,-2.900494025294199e-001, 1.068786182938057e-002,-1.398232213528559e-001,-2.705294362418726e-002,-1.011530774596337e-001,-6.198048301109398e-002, 1.472806152914332e-001,-1.382514059050608e-001,-2.758416186682372e-003, 1.835471465823166e-001
 2.240000000000000e+000, 7.629117646123215e-001, 8.995568667346323e-001,-2.907495405677377e-001, 2.046939294735455e-002,-1.430860094656790e-001,-3.003717034622722e-002,-9.648752504428251e-002,-7.743650561101714e-002, 1.467309882317018e-001,-1.324064926710968e-001,-7.546567654817847e-003, 1.828029092463190e-001
 2.250000000000000e+000, 7.765008067866361e-001, 9.007615732828296e-001,-2.914641032331538e-001, 2.971680834229629e-002,-1.463350200232565e-001,-3.260065115763364e-002,-9.222112021803519e-002,-9.197614505764747e-002, 1.456225453459219e-001,-1.265074594486145e-001,-1.178172378094779e-002, 1.813599225959539e-001
 2.260000000000000e+000, 7.899687645385096e-001, 9.022201501990355e-001,-2.921922996230010e-001, 3.834817635616832e-002,-1.496084782076907e-001,-3.478296482685404e-002,-8.835665455336660e-002,-1.054566989801648e-001, 1.439044087652519e-001,-1.206508581232329e-001,-1.542209740889602e-002, 1.790991046071305e-001
 2.270000000000000e+000, 8.032715006322193e-001, 9.038875128385093e-001,-2.929363882738446e-001, 4.637641555697552e-002,-1.528965937774471e-001,-3.665035985095781e-002,-8.487000249411635e-002,-1.178629540900112e-001, 1.415163944015293e-001,-1.149226593770093e-001,-1.848421053843445e-002, 1.759646474099270e-001
 2.280000000000000e+000, 8.163744699244382e-001, 9.057173783398318e-001,-2.936998590865778e-001, 5.387019933873358e-002,-1.561451057088716e-001,-3.825708124141615e-002,-8.174299302466148e-002,-1.292614836790406e-001, 1.383979644163314e-001,-1.093860426398094e-001,-2.102266781263429e-002, 1.719665569269943e-001
 2.290000000000000e+000, 8.292559426616464e-001, 9.076669764904300e-001,-2.944858043752571e-001, 6.090474541096844e-002,-1.592644491037816e-001,-3.961951194459245e-002,-7.898336396808654e-002,-1.397406448155846e-001, 1.344927996959191e-001,-1.040723598511544e-001,-2.310653927623968e-002, 1.671686857383642e-001
 2.300000000000000e+000, 8.419071592950010e-001, 9.096997900611624e-001,-2.952958838820211e-001, 6.751941929952124e-002,-1.621435452306721e-001,-4.071322308035538e-002,-7.662394236052414e-002,-1.493566046649540e-001, 1.297538272768042e-001,-9.897909808671974e-002,-2.480034801206021e-002, 1.616719342049877e-001
 2.310000000000000e+000, 8.543300789744366e-001, 9.117861939148095e-001,-2.961299991407133e-001, 7.369672561950742e-002,-1.646656488752512e-001,-4.148920243938836e-002,-7.470634984936270e-002,-1.581044335592752e-001, 1.241516182335618e-001,-9.407569604568049e-002,-2.615619310588972e-002, 1.556011599818724e-001
 2.320000000000000e+000, 8.665342631405193e-001, 9.139027301314658e-001,-2.969865310097640e-001, 7.936564832626622e-002,-1.667214191228166e-001,-4.189481668030636e-002,-7.326408080179693e-002,-1.659198894153091e-001, 1.176821476738402e-001,-8.931527558716858e-002,-2.721737048945104e-002, 1.490970782621180e-001
 2.330000000000000e+000, 8.785340505147018e-001, 9.160308689373291e-001,-2.978629373542630e-001, 8.442145549811930e-002,-1.682163498750553e-001,-4.188682721250636e-002,-7.231688075429875e-002,-1.727027466367698e-001, 1.103697208312193e-001,-8.464957435752715e-002,-2.802693419881217e-002, 1.423102839202113e-001
 2.340000000000000e+000, 8.903463875722468e-001, 9.181556415384036e-001,-2.987565638575984e-001, 8.875259836335088e-002,-1.690746783947623e-001,-4.143459431429145e-002,-7.187610319938829e-002,-1.783487610638324e-001, 1.022682603726996e-001,-8.004334633618111e-002,-2.863447948870473e-002, 1.353972813469200e-001
 2.350000000000000e+000, 9.019892246859103e-001, 9.202640912904987e-001,-2.996654788845847e-001, 9.226814665443761e-002,-1.692424186788051e-001,-4.051977637048342e-002,-7.195048767709915e-002,-1.827816065993013e-001, 9.345262464201477e-002,-7.548300576511711e-002,-2.909766281266031e-002, 1.285075485964725e-001
 2.360000000000000e+000, 9.134803731802500e-001, 9.223436147628903e-001,-3.005887376105982e-001, 9.492029245319948e-002,-1.686880552551189e-001,-3.913806965457687e-002,-7.254627097291146e-002,-1.859778049752791e-001, 8.402657241309729e-002,-7.097522585588649e-002,-2.948402869995937e-002, 1.217907023106131e-001
 2.370000000000000e+000, 9.248367743294071e-001, 9.243805464289459e-001,-3.015260994808328e-001, 9.671391029303511e-002,-1.673998291988461e-001,-3.730236873790737e-002,-7.365863272854833e-002,-1.879767688418917e-001, 7.410624109877728e-002,-6.653588155435215e-002,-2.986619786389945e-002, 1.153831824683438e-001
 2.380000000000000e+000, 9.360741673149664e-001, 9.263594931337388e-001,-3.024772671221385e-001, 9.770262786117918e-002,-1.653821327154785e-001,-3.504404678308735e-002,-7.526359094238697e-002,-1.888743449204168e-001, 6.381176665165758e-002,-6.217679551423193e-002,-3.031426099176833e-002, 1.094047456081849e-001
 2.390000000000000e+000, 9.472070064312811e-001, 9.282636229526420e-001,-3.034411470670946e-001, 9.797544084011524e-002,-1.626535536548825e-001,-3.241002880659483e-002,-7.731633714541895e-002,-1.888056953191594e-001, 5.325857090635852e-002,-5.789845015165848e-002,-3.088652420254321e-002, 1.039540830418316e-001
 2.400000000000000e+000, 9.582484952933146e-001, 9.300758311826262e-001,-3.044153826030329e-001, 9.763987218650384e-002,-1.592469864331281e-001,-2.945466449163239e-002,-7.975919623680650e-002,-1.879251710878988e-001, 4.255121695838184e-002,-5.369087778173545e-002,-3.162227222779122e-002, 9.910464658697409e-002
 2.410000000000000e+000, 9.692105570516501e-001, 9.317801720019120e-001,-3.053961444933175e-001, 9.680620339307178e-002,-1.552097469643141e-001,-2.623103270304244e-002,-8.253401509252586e-002,-1.863872993175589e-001, 3.179390709295477e-002,-4.953917672997513e-002,-3.254093360483054e-002, 9.491446368275230e-002
 2.420000000000000e+000, 9.801035253856365e-001, 9.333628761207490e-001,-3.063785991792721e-001, 9.557416028373632e-002,-1.506010901974313e-001,-2.278596927175219e-002,-8.558955612463411e-002,-1.843296475800581e-001, 2.107370381048501e-002,-4.543168414206061e-002,-3.363647591266371e-002, 9.140819036468038e-002
 2.430000000000000e+000, 9.909358651119717e-001, 9.348127802190369e-001,-3.073574403551696e-001, 9.402653500187237e-002,-1.454875434952863e-001,-1.916062613548541e-002,-8.888401945284447e-002,-1.818633100802163e-001, 1.047007347995219e-002,-4.136489690563899e-002,-3.488124508178763e-002, 8.858857359504019e-002
 2.440000000000000e+000, 1.001714013452458e+000, 9.361214663156028e-001,-3.083274341711123e-001, 9.222910980433119e-002,-1.399394775652305e-001,-1.539131709327100e-002,-9.238513811104701e-002,-1.790728025985324e-001, 5.007853597360198e-005,-3.734552726700225e-002,-3.623041715353304e-002, 8.643429364300237e-002
 2.450000000000000e+000, 1.012442336212703e+000, 9.372831461462797e-001,-3.092836339282118e-001, 9.023438001465747e-002,-1.340299724312972e-001,-1.151061976222914e-002,-9.606921728540441e-002,-1.760220137615990e-001,-1.013208404042415e-002,-3.338997015611255e-002,-3.763005313521992e-002, 8.490126618941661e-002
 2.460000000000000e+000, 1.023123380087613e+000, 9.382942758777318e-001,-3.102213665131772e-001, 8.808493596022138e-002,-1.278349194171080e-001,-7.548869867207378e-003,-9.991864886454226e-002,-1.727597436806043e-001,-2.003222190088253e-002,-2.952161566802200e-002,-3.902502235957370e-002, 8.392654693681216e-002
 2.470000000000000e+000, 1.033758677596579e+000, 9.391530891250097e-001,-3.111361087329533e-001, 8.581488324552150e-002,-1.214341587683325e-001,-3.534839586626975e-003,-1.039190802253265e-001,-1.693224209565462e-001,-2.960862447684983e-002,-2.576588062825876e-002,-4.036546539369288e-002, 8.343687420108242e-002
 2.480000000000000e+000, 1.044349884530362e+000, 9.398591497510052e-001,-3.120233024465909e-001, 8.345025661357662e-002,-1.149129314706801e-001, 5.043273410559969e-004,-1.080566497366721e-001,-1.657356787294554e-001,-3.881483068294565e-002,-2.214477476289238e-002,-4.161166977531117e-002, 8.335803948844354e-002
 2.490000000000000e+000, 1.054899664453600e+000, 9.404127767935788e-001,-3.128781722582540e-001, 8.100998316178476e-002,-1.083606165596087e-001, 4.541665556724570e-003,-1.123136768315702e-001,-1.620165435762320e-001,-4.759903868980395e-002,-1.867281392680240e-002,-4.273630848148379e-002, 8.362095928727144e-002
 2.500000000000000e+000, 1.065411785314259e+000, 9.408142407217818e-001,-3.136957402159629e-001, 7.850795645839309e-002,-1.018644263386215e-001, 8.545309174089924e-003,-1.166612265184948e-001,-1.581762611946869e-001,-5.591082342182113e-002,-1.535424673392468e-002,-4.372374987255977e-002, 8.416476692596910e-002
 2.510000000000000e+000, 1.075890519380256e+000, 9.410630378135129e-001,-3.144711908622386e-001, 7.595633764354595e-002,-9.549989439535911e-002, 1.247169973829871e-002,-1.210511585403902e-001,-1.542241679309597e-001,-6.371079912728087e-002,-1.218205355605030e-002,-4.456905404478376e-002, 8.493884825984406e-002
 2.520000000000000e+000, 1.086340054158053e+000, 9.411577480791270e-001,-3.152004781909884e-001, 7.336995509360032e-002,-8.932295224559650e-002, 1.626279324946595e-002,-1.254141523277110e-001,-1.501731401820586e-001,-7.097769209653386e-002,-9.140314227303882e-003,-4.527867653819056e-002, 8.590434840136041e-002
 2.530000000000000e+000, 1.096764118586402e+000, 9.410963217998348e-001,-3.158809081294979e-001, 7.077138723545212e-002,-8.336742246689632e-002, 1.984748588059158e-002,-1.296635310369066e-001,-1.460457601170264e-001,-7.770906434855070e-002,-6.209276524085763e-003,-4.587191458600394e-002, 8.703480869892946e-002
 2.540000000000000e+000, 1.107165571769451e+000, 9.408761876638153e-001,-3.165115058305769e-001, 6.819617024317473e-002,-7.764778885106471e-002, 2.314253764715562e-002,-1.336984239956342e-001,-1.418799943608923e-001,-8.391589803793115e-002,-3.369727627868607e-003,-4.638157121175238e-002, 8.831622168134984e-002
 2.550000000000000e+000, 1.117546263803801e+000, 9.404942542337353e-001,-3.170931938794513e-001, 6.569582754351705e-002,-7.216352194261422e-002, 2.605474748704678e-002,-1.374072149691816e-001,-1.377319397970748e-001,-8.961617057760749e-002,-6.049598034876320e-004,-4.685204793076327e-002, 8.974623609107045e-002
 2.560000000000000e+000, 1.127907560452340e+000, 9.399472705486014e-001,-3.176288683151118e-001, 6.333611374613311e-002,-6.690232609150160e-002, 2.848872154914409e-002,-1.406764104345173e-001,-1.336730120521717e-001,-9.483223337074608e-002, 2.098139298713502e-003,-4.733377992012167e-002, 9.133159238164876e-002
 2.570000000000000e+000, 1.138251358131706e+000, 9.392324948292340e-001,-3.181232879219494e-001, 6.119105777442386e-002,-6.184273241276750e-002, 3.035811606788089e-002,-1.434032430035707e-001,-1.297824993990791e-001,-9.959094614023598e-002, 4.747507680810303e-003,-4.787586256149298e-002, 9.308461562522755e-002
 2.580000000000000e+000, 1.148581243835479e+000, 9.383483226498791e-001,-3.185827256780618e-001, 5.933514403907655e-002,-5.695584285903532e-002, 3.159585399387408e-002,-1.455067172488420e-001,-1.261380716111558e-001,-1.039243267876156e-001, 7.345110340733465e-003,-4.851893053278382e-002, 9.502025355523172e-002
 2.590000000000000e+000, 1.158903494189640e+000, 9.372947913417824e-001,-3.190145738444494e-001, 5.783523276550907e-002,-5.220493518767744e-002, 3.216175755454975e-002,-1.469349630657882e-001,-1.228059592973876e-001,-1.078716893600920e-001, 9.888457033446499e-003,-4.928936049145875e-002, 9.715333142969858e-002
 2.600000000000000e+000, 1.169227742858629e+000, 9.360741419257420e-001,-3.194270172106495e-001, 5.674360727391350e-002,-4.754435781912458e-002, 3.204892045809603e-002,-1.476711248976521e-001,-1.198330728444394e-001,-1.114827366049163e-001, 1.237295153795474e-002,-5.019671091269969e-002, 9.949535807715715e-002
 2.610000000000000e+000, 1.179567389209671e+000, 9.346915297624514e-001,-3.198286226854259e-001, 5.609344083396414e-002,-4.292043797240353e-002, 3.129083189226568e-002,-1.477409154667122e-001,-1.172433269874457e-001,-1.148187572225563e-001, 1.479292742093629e-002,-5.123494688631074e-002, 1.020518490249555e-001
 2.620000000000000e+000, 1.189939866886966e+000, 9.331556636441030e-001,-3.202277509110429e-001, 5.589709798423240e-002,-3.827355116902909e-002, 2.996800340259205e-002,-1.472201204871231e-001,-1.150384037608809e-001,-1.179518399047588e-001, 1.714189626533319e-002,-5.238600222857982e-002, 1.048208589050797e-001
 2.630000000000000e+000, 1.200366810382134e+000, 9.314789504267967e-001,-3.206318618375068e-001, 5.614756291083323e-002,-3.353907361599884e-002, 2.820809483130575e-002,-1.462342470381563e-001,-1.132023737915427e-001,-1.209633637894932e-001, 1.941368463946064e-002,-5.362568284624927e-002, 1.077920823277483e-001
 2.640000000000000e+000, 1.210873973150958e+000, 9.296769699906025e-001,-3.210467791906446e-001, 5.682310398350906e-002,-2.864790978270393e-002, 2.617590566025854e-002,-1.449456555682200e-001,-1.117097174900809e-001,-1.239414756641963e-001, 2.160515850167387e-002,-5.493260965054769e-002, 1.109471877146094e-001
 2.650000000000000e+000, 1.221490582216867e+000, 9.277675765273862e-001,-3.214759920569152e-001, 5.789333033743947e-002,-2.352831800607769e-002, 2.405774895726711e-002,-1.435341413723683e-001,-1.105343729915823e-001,-1.269778397642115e-001, 2.371918708973383e-002,-5.629803056954075e-002, 1.142621145702181e-001
 2.660000000000000e+000, 1.232247888847254e+000, 9.257699314257277e-001,-3.219200615352043e-001, 5.932367563560735e-002,-1.811010936739188e-002, 2.204503396490208e-002,-1.421782390384217e-001,-1.096557315895116e-001,-1.301633870739271e-001, 2.576506260278429e-002,-5.773244315546944e-002, 1.177092697289873e-001
 2.670000000000000e+000, 1.243176782936825e+000, 9.237035906635993e-001,-3.223760809721850e-001, 6.107567059378061e-002,-1.233316699401965e-002, 2.031569030656851e-002,-1.410371728298453e-001,-1.090574820341926e-001,-1.335799802566206e-001, 2.775507293744769e-002,-5.926568394043931e-002, 1.212581578135674e-001
 2.680000000000000e+000, 1.254304429178014e+000, 9.215877768300674e-001,-3.228370247080181e-001, 6.310043481436174e-002,-6.160892542942609e-003, 1.900996817980295e-002,-1.402296292805998e-001,-1.087163730740562e-001,-1.372874296047602e-001, 2.969934322899991e-002,-6.093952894828605e-002, 1.248747116000758e-001
 2.690000000000000e+000, 1.265650574389698e+000, 9.194417977747815e-001,-3.232913888944182e-001, 6.532140841946436e-002, 4.005777106383945e-004, 1.821034384546281e-002,-1.398222285849615e-001,-1.085732017459730e-001,-1.413045144576446e-001, 3.159351104503043e-002,-6.278404472650115e-002, 1.285202344741144e-001
 2.700000000000000e+000, 1.277223474719333e+000, 9.172848895794825e-001,-3.237225925231039e-001, 6.761693585330583e-002, 7.292471399707790e-003, 1.791193057963880e-002,-1.398036531164675e-001,-1.085094006610500e-001,-1.456040784614458e-001, 3.342126544156520e-002,-6.480380868828517e-002, 1.321433282975580e-001
 2.710000000000000e+000, 1.289018062741226e+000, 9.151373797148006e-001,-3.241099800616895e-001, 6.980635473005560e-002, 1.439770477528590e-002, 1.801964680341459e-002,-1.400901362437001e-001,-1.083237305766886e-001,-1.501095867078647e-001, 3.514793129982410e-002,-6.695398785566466e-002, 1.356748069865489e-001
 2.720000000000000e+000, 1.301017428615842e+000, 9.130210698933262e-001,-3.244310695486693e-001, 7.165842727861241e-002, 2.155111651290786e-002, 1.836335893631899e-002,-1.405413021570154e-001,-1.077414072756820e-001,-1.547076653899695e-001, 3.672395691869444e-002,-6.913483473405571e-002, 1.390254257134863e-001
 2.730000000000000e+000, 1.313198071545415e+000, 9.109591084404407e-001,-3.246648913201440e-001, 7.292090336707723e-002, 2.856106225488686e-002, 1.873578815699726e-002,-1.409923803705040e-001,-1.064510953809609e-001,-1.592696445846012e-001, 3.809249167442947e-002,-7.119811072776730e-002, 1.420907145333479e-001
 2.740000000000000e+000, 1.325536706166197e+000, 9.089753986982513e-001,-3.247947459831773e-001, 7.335726728824983e-002, 3.523630363958596e-002, 1.893722185692728e-002,-1.412884669768485e-001,-1.041535550008101e-001,-1.636754814400756e-001, 3.920230456281736e-002,-7.296327562404244e-002, 1.447622928952381e-001
 2.750000000000000e+000, 1.338015906527415e+000, 9.070940633968426e-001,-3.248089241464252e-001, 7.277317402508972e-002, 4.140930046639424e-002, 1.881170346254076e-002,-1.413103105060712e-001,-1.006002943643006e-001,-1.678308907192096e-001, 4.002244004974063e-002,-7.423975788577168e-002, 1.469412883085929e-001
 2.760000000000000e+000, 1.350627057138091e+000, 9.053392553747184e-001,-3.246994862613310e-001, 7.102778028849233e-002, 4.695052110480358e-002, 1.826723571573780e-002,-1.409873622461557e-001,-9.561486201475215e-002,-1.716737394078498e-001, 4.055401221939013e-002,-7.485347514083650e-002, 1.485471309234866e-001
 2.770000000000000e+000, 1.363370273580403e+000, 9.037353732108069e-001,-3.244605911144568e-001, 6.803686298639378e-002, 5.177371990098378e-002, 1.728032595355856e-002,-1.402997772423374e-001,-8.910255314049004e-002,-1.751715183353861e-001, 4.083607125019102e-002,-7.467334515472034e-002, 1.495204254193860e-001
 2.780000000000000e+000, 1.376251588870919e+000, 9.023076693650087e-001,-3.240877959448104e-001, 6.377430905373685e-002, 5.583336081310830e-002, 1.588824401158783e-002,-1.392732439755256e-001,-8.105413705616321e-002,-1.783118702396441e-001, 4.094412262034537e-002,-7.363085259964364e-002, 1.498249957614828e-001
 2.790000000000000e+000, 1.389278275476622e+000, 9.010830277673058e-001,-3.235785587957507e-001, 5.827275735260760e-002, 5.911485533592220e-002, 1.417372735824428e-002,-1.379708300017877e-001,-7.154425328178908e-002,-1.810874007344571e-001, 4.098048669022246e-002,-7.172867483517544e-002, 1.494518689713150e-001
 2.800000000000000e+000, 1.402453710178378e+000, 9.000903226062582e-001,-3.229332210716163e-001, 5.162219888311912e-002, 6.162128556374458e-002, 1.224771487440522e-002,-1.364849783718282e-001,-6.072517771933055e-002,-1.834793849500938e-001, 4.105854680889407e-002,-6.903883070551133e-002, 1.484235636700825e-001
 2.810000000000000e+000, 1.415773481745680e+000, 8.993595200419912e-001,-3.221556643198335e-001, 4.396711785875139e-002, 6.336387992814885e-002, 1.023457590201946e-002,-1.349295661508659e-001,-4.881952551729677e-002,-1.854478036673819e-001, 4.128715045027787e-002,-6.569260625546637e-002, 1.467982939784178e-001
 2.820000000000000e+000, 1.429224076314920e+000, 8.989190737743190e-001,-3.212533662351406e-001, 3.550161709408740e-002, 6.436358891800942e-002, 8.262917927534474e-003,-1.334314983727735e-001,-3.611206379081537e-002,-1.869334791535542e-001, 4.175949991610783e-002,-6.186461762121012e-002, 1.446742658723213e-001
 2.830000000000000e+000, 1.442783875791646e+000, 8.987921823635441e-001,-3.202375449470055e-001, 2.645919319362113e-002, 6.466559805510586e-002, 6.460725823658828e-003,-1.321218660313148e-001,-2.293343167796967e-002,-1.878722745075674e-001, 4.254406663835339e-002,-5.775097344589793e-002, 1.421910957373128e-001
 2.840000000000000e+000, 1.456424186758760e+000, 8.989923578291227e-001,-3.191234686419041e-001, 1.709135105535567e-002, 6.436058433860215e-002, 4.937490715679508e-003,-1.311115980312566e-001,-9.628555419012311e-003,-1.882179254660109e-001, 4.367998435326193e-002,-5.354531006458197e-002, 1.395219556591456e-001
 2.850000000000000e+000, 1.470109489961590e+000, 8.995208889877256e-001,-3.179316315658808e-001, 7.643337947690033e-003, 6.359064474300347e-002, 3.762965858521339e-003,-1.304692908885107e-001, 3.485051194079207e-003,-1.879512280443943e-001, 4.516920007807147e-002,-4.940642796114638e-002, 1.368601234320067e-001
 2.860000000000000e+000, 1.483796781900726e+000, 9.003649993739031e-001,-3.166864356284177e-001,-1.679776947251378e-003, 6.254122472125334e-002, 2.933683237265550e-003,-1.301869352425575e-001, 1.616190695087151e-002,-1.870828208671455e-001, 4.698326385380328e-002,-4.544046097459560e-002, 1.343978897053742e-001
 2.870000000000000e+000, 1.497436814037997e+000, 9.014987778746307e-001,-3.154142933500223e-001,-1.073727553775479e-002, 6.141696887389214e-002, 2.366058838711906e-003,-1.301757872122006e-001, 2.825836474997812e-002,-1.856406789937060e-001, 4.907117458961414e-002,-4.169290361264211e-002, 1.323100640235161e-001
 2.880000000000000e+000, 1.510978046914828e+000, 9.028863749766399e-001,-3.141418136245763e-001,-1.946047377199503e-002, 6.041177325905833e-002, 1.919392689867490e-003,-1.302918567077225e-001, 3.973933920862074e-002,-1.836518901086723e-001, 5.136736864824792e-002,-3.815154428637944e-002, 1.307429392992039e-001
 2.890000000000000e+000, 1.524372361000352e+000, 9.044864005137997e-001,-3.128937294362507e-001,-2.783900091116213e-002, 5.967762625109896e-002, 1.435385257681157e-003,-1.303734480895509e-001, 5.065099669651963e-002,-1.811215941231022e-001, 5.380513268175428e-002,-3.477222438560699e-002, 1.298087492280200e-001
 2.900000000000000e+000, 1.537581414652761e+000, 9.062588518994071e-001,-3.116929271281998e-001,-3.589115840626733e-002, 5.929763538380795e-002, 8.007761966720437e-004,-1.303081528618496e-001, 6.108344243717598e-002,-1.780191164583640e-001, 5.631122792463581e-002,-3.148355057491799e-002, 1.295811230105040e-001
 2.910000000000000e+000, 1.550580837072064e+000, 9.081694740769786e-001,-3.105586920575533e-001,-4.362761285547347e-002, 5.927557729789923e-002,-1.949657361759657e-005,-1.300621936586183e-001, 7.111051633473603e-002,-1.742768460374901e-001, 5.881662616462689e-002,-2.822399763044225e-002, 1.300964266636103e-001
 2.920000000000000e+000, 1.563361785713345e+000, 9.101925120219760e-001,-3.095060479718755e-001,-5.102185748307450e-002, 5.954266897604899e-002,-9.691361019918841e-004,-1.296925423549371e-001, 8.074586214553453e-002,-1.698053451639490e-001, 6.125982464080716e-002,-2.495865919904672e-002, 1.313547410969250e-001
 2.930000000000000e+000, 1.575929321665214e+000, 9.123102010825401e-001,-3.085453528505564e-001,-5.799734628352346e-002, 5.997863757469757e-002,-1.920055669904499e-003,-1.293250328626998e-001, 8.992326564936730e-002,-1.645182642381697e-001, 6.359345049413193e-002,-2.168626004610378e-002, 1.333215115847284e-001
 2.940000000000000e+000, 1.588298562878137e+000, 9.145098092248016e-001,-3.076824493147149e-001,-6.443251956147440e-002, 6.043801196660170e-002,-2.711562840859173e-003,-1.291135158181947e-001, 9.850441311465834e-002,-1.583568550972718e-001, 6.578940344957272e-002,-1.843310631840815e-002, 1.359312441212021e-001
 2.950000000000000e+000, 1.600489967137727e+000, 9.167796526978731e-001,-3.069190528963571e-001,-7.018028036887573e-002, 6.077290804684843e-002,-3.193457372620824e-003,-1.291969471925731e-001, 1.063072625031128e-001,-1.513066721443772e-001, 6.783994732555257e-002,-1.523824795878911e-002, 1.390918294632965e-001
 2.960000000000000e+000, 1.612524959619935e+000, 9.191056468476123e-001,-3.062530677596544e-001,-7.509721768496508e-002, 6.084915137349722e-002,-3.260180797875625e-003,-1.296679544285382e-001, 1.131462906113350e-001,-1.434053201082391e-001, 6.975421207582018e-002,-1.213596895799039e-002, 1.426883729453444e-001
 2.970000000000000e+000, 1.624422939416409e+000, 9.214693580418355e-001,-3.056789487479956e-001,-7.907285031955211e-002, 6.055797303939947e-002,-2.867682787763495e-003,-1.305601459512461e-001, 1.188710437394954e-001,-1.347438084229466e-001, 7.155141448280775e-002,-9.142943556345939e-003, 1.465880151118605e-001
 2.980000000000000e+000, 1.636200220748251e+000, 9.238477992165260e-001,-3.051883484227204e-001,-8.204740775554524e-002, 5.982368244961456e-002,-2.029817658272943e-003,-1.318553108563625e-001, 1.233889919505913e-001,-1.254615062238677e-001, 7.325313919674401e-002,-6.255205045019759e-003, 1.506464452163018e-001
 2.990000000000000e+000, 1.647870418330933e+000, 9.262146603054895e-001,-3.047710297921746e-001,-8.401566173301193e-002, 5.860523764946324e-002,-7.994113218753717e-004,-1.335045858676115e-001, 1.266708931915412e-001,-1.157328325764947e-001, 7.487644941882556e-002,-3.453711967082102e-003, 1.547159330583576e-001
 3.000000000000000e+000, 1.659445073709737e+000, 9.285421742289739e-001,-3.044158762019875e-001,-8.502227963328037e-002, 5.689213873050636e-002, 7.541973183373560e-004,-1.354521969166278e-001, 1.287464715083806e-001,-1.057469857477725e-001, 7.642813406953136e-002,-7.133768984611664e-004, 1.586554732587380e-001
 3.010000000000000e+000, 1.670933759791000e+000, 9.308028540859790e-001,-3.041117478530369e-001,-8.515299647566550e-002, 5.469729051320105e-002, 2.562113340810755e-003,-1.376529078976111e-001, 1.296952769493537e-001,-9.568568997368085e-002, 7.790055782835788e-002, 1.987644272862799e-003, 1.623421067786315e-001
 3.020000000000000e+000, 1.682343803656939e+000, 9.329707993542522e-001,-3.038479834428642e-001,-8.452342333790991e-002, 5.205045838525613e-002, 4.564672107022090e-003,-1.400799008615556e-001, 1.296335580513241e-001,-8.570609060177753e-002, 7.927119849643820e-002, 4.659203517261025e-003, 1.656803173297401e-001
 3.030000000000000e+000, 1.693680284990672e+000, 9.350226473180127e-001,-3.036145369601183e-001,-8.326690116341212e-002, 4.899371839261146e-002, 6.714426369693462e-003,-1.427249537221234e-001, 1.286984377758719e-001,-7.593216748466325e-002, 8.050706207866323e-002, 7.292217096979843e-003, 1.686072241538833e-001
 3.040000000000000e+000, 1.704946815147523e+000, 9.369384243405338e-001,-3.034019120225338e-001,-8.152157770475477e-002, 4.557580727741017e-002, 8.978708408718774e-003,-1.455968549192175e-001, 1.270308727158843e-001,-6.645125616969937e-002, 8.157223151169817e-002, 9.855669462581729e-003, 1.710932494499702e-001
 3.050000000000000e+000, 1.716146568111042e+000, 9.387020927841654e-001,-3.032012404041750e-001,-7.941739698538280e-002, 4.184512055609146e-002, 1.134001326507315e-002,-1.487172236509745e-001, 1.247598457887180e-001,-5.731408447051241e-002, 8.243614877165803e-002, 1.229913035709752e-002, 1.731387737763722e-001
 3.060000000000000e+000, 1.727282642754260e+000, 9.403011917277818e-001,-3.030047501084925e-001,-7.706574466238603e-002, 3.784606493265974e-002, 1.378607564032533e-002,-1.521056532437302e-001, 1.219914636715473e-001,-4.854066668637024e-002, 8.308153364394461e-002, 1.456007644092378e-002, 1.747678208408087e-001
 3.070000000000000e+000, 1.738358131379779e+000, 9.417258679827438e-001,-3.028064048892834e-001,-7.455378351810889e-002, 3.362048316218469e-002, 1.629418765299204e-002,-1.557591392609376e-001, 1.188043916746844e-001,-4.013157277596210e-002, 8.351085450705406e-002, 1.657337305083940e-002, 1.760199552028776e-001
 3.080000000000000e+000, 1.749376607281701e+000, 9.429683361544664e-001,-3.026022775499124e-001,-7.194294542150242e-002, 2.921121689953687e-002, 1.882548679133034e-002,-1.596441307245790e-001, 1.152497333134392e-001,-3.208186378825736e-002, 8.374867125138122e-002, 1.828049470902943e-002, 1.769398788029584e-001
 3.090000000000000e+000, 1.760342601675815e+000, 9.440230877655602e-001,-3.023905172036165e-001,-6.926888223108525e-002, 2.466378627291843e-002, 2.133360316379963e-002,-1.637076806600455e-001, 1.113516969786091e-001,-2.439344797773839e-002, 8.383730404801312e-002, 1.963601406005935e-002, 1.775649298770481e-001
 3.100000000000000e+000, 1.771261678603143e+000, 9.448870685553337e-001,-3.021708158807630e-001,-6.654771635113015e-002, 2.002460093547187e-002, 2.377562970585617e-002,-1.678924105006845e-001, 1.071165910014083e-001,-1.708007097331907e-002, 8.383061594820510e-002, 2.061512700656446e-002, 1.779157319137099e-001
 3.110000000000000e+000, 1.782140627989747e+000, 9.455599874147229e-001,-3.019444382982735e-001,-6.377914030326307e-002, 1.533702574669738e-002, 2.612106604318990e-002,-1.721489723273896e-001, 1.025380562312949e-001,-1.015924231284590e-002, 8.378459716774282e-002, 2.121107396279158e-002, 1.779991644087927e-001
 3.120000000000000e+000, 1.792987855751791e+000, 9.460437329200326e-001,-3.017140318831903e-001,-6.096204721849931e-002, 1.063776671574068e-002, 2.834819200990526e-002,-1.764308969292928e-001, 9.761968314814795e-002,-3.631908245802519e-003, 8.375570164477676e-002, 2.143570061698508e-002, 1.778260110263031e-001
 3.130000000000000e+000, 1.803813219307634e+000, 9.463419402714661e-001,-3.014833707714701e-001,-5.810536672886122e-002, 5.953814412180236e-003, 3.044037928144562e-002,-1.806916318272891e-001, 9.238865795737986e-002, 2.529602164558348e-003, 8.379639247933017e-002, 2.131501524902773e-002, 1.774220205270652e-001
 3.140000000000000e+000, 1.814626786702366e+000, 9.464597550364023e-001,-3.012565078496085e-001,-5.523394700278751e-002, 1.301526579807977e-003, 3.238661437029197e-002,-1.848901499860524e-001, 8.689910521498613e-002, 8.370528934303132e-003, 8.394803892659924e-002, 2.088726525323947e-002, 1.768190616783955e-001
 3.150000000000000e+000, 1.825437473920554e+000, 9.464034945212437e-001,-3.010370691889781e-001,-5.238844704624924e-002,-3.311183265510831e-003, 3.418246372997135e-002,-1.889967714370141e-001, 8.122678066685860e-002, 1.393401866601904e-002, 8.423545430908874e-002, 2.020060876454499e-002, 1.760422954558732e-001
 3.160000000000000e+000, 1.836252516597498e+000, 9.461800226974411e-001,-3.008282591202391e-001,-4.962000077378077e-002,-7.880443845301510e-003, 3.582727678005233e-002,-1.929909826841835e-001, 7.545927588369102e-002, 1.925040358285715e-002, 8.466678045036925e-002, 1.930742982515192e-002, 1.751087081072325e-001
 3.170000000000000e+000, 1.847077597812886e+000, 9.457960947887262e-001,-3.006331655674902e-001,-4.698226956881504e-002,-1.240214796376415e-002, 3.731980099175036e-002,-1.968551769839385e-001, 6.968459310111320e-002, 2.433443859098913e-002, 8.523657555438101e-002, 1.825732646801689e-002, 1.740317586493461e-001
 3.180000000000000e+000, 1.857917429948008e+000, 9.452579214300756e-001,-3.004548033001227e-001,-4.452495261304477e-002,-1.687071017703201e-002, 3.865605632048765e-002,-2.005702802151637e-001, 6.398216361564335e-002, 2.918718311223240e-002, 8.592944640179391e-002, 1.709266339419797e-002, 1.728250224780748e-001
 3.190000000000000e+000, 1.868776985731556e+000, 9.445711633915547e-001,-3.002958626466814e-001,-4.229069736945543e-002,-2.128164796982723e-002, 3.983297951887613e-002,-2.041174442568967e-001, 5.841877048955944e-002, 3.380255656416848e-002, 8.672306058750351e-002, 1.584812399912767e-002, 1.715033110878511e-001
 3.200000000000000e+000, 1.879663057947093e+000, 9.437413075041274e-001,-3.001583281646560e-001,-4.031546239432531e-002,-2.563618425934489e-002, 4.085647497119525e-002,-2.074845226208409e-001, 5.304933594940481e-002, 3.817690510972126e-002, 8.759079691890413e-002, 1.455278918585230e-002, 1.700820129313964e-001
 3.210000000000000e+000, 1.890585384725708e+000, 9.427740733746634e-001,-3.000430217214601e-001,-3.863143054289638e-002,-2.994631890055755e-002, 4.174755932881788e-002,-2.106704627977308e-001, 4.792097153531866e-002, 4.231874620165932e-002, 8.850573820808816e-002, 1.323289301825968e-002, 1.685765355768482e-001
 3.220000000000000e+000, 1.901557131786070e+000, 9.416756841401303e-001,-2.999491485783398e-001,-3.727097714308381e-002,-3.423967013535756e-002, 4.254346991176856e-002,-2.136841174061500e-001, 4.307814664843082e-002, 4.625640213916000e-002, 8.944662951385836e-002, 1.191424163607426e-002, 1.670027297294587e-001
 3.230000000000000e+000, 1.912595011823134e+000, 9.404530742826590e-001,-2.998740517400360e-001,-3.627015036474663e-002,-3.856250159574204e-002, 4.329455213977509e-002,-2.165385087196099e-001, 3.856721759074643e-002, 5.004158932825070e-002, 9.040463980667136e-002, 1.062402660864655e-002, 1.653776530960765e-001
 3.240000000000000e+000, 1.923718855319753e+000, 9.391141282366876e-001,-2.998134033192477e-001,-3.566918554479046e-002,-4.297698458264265e-002, 4.405690777625688e-002,-2.192418533152134e-001, 3.443774802384900e-002, 5.374843529883234e-002, 9.138804691275670e-002, 9.390705474119942e-003, 1.637225007146329e-001
 3.250000000000000e+000, 1.934950116248376e+000, 9.376678680679966e-001,-2.997619240595653e-001,-3.550850149079905e-002,-4.754973827395004e-002, 4.487784482923342e-002,-2.217835108075565e-001, 3.073624009328320e-002, 5.744888895458960e-002, 9.242276110539661e-002, 8.242783236328802e-003, 1.620495536277853e-001
 3.260000000000000e+000, 1.946309224757729e+000, 9.361251503483574e-001,-2.997144157633780e-001,-3.581447466088809e-002,-5.233525717015075e-002, 4.577967959808610e-002,-2.241223342583775e-001, 2.749020820767127e-002, 6.121010171688451e-002, 9.354703333779053e-002, 7.195870519178686e-003, 1.603759889844691e-001
 3.270000000000000e+000, 1.957812492561274e+000, 9.344997078306369e-001,-2.996669507292682e-001,-3.657890946390593e-002,-5.736112971261442e-002, 4.674211358529299e-002,-2.261757215802079e-001, 2.468113190986213e-002, 6.506975099651721e-002, 9.480453885531449e-002, 6.240644668259771e-003, 1.587143994578590e-001
 3.280000000000000e+000, 1.969469364882192e+000, 9.328101564218138e-001,-2.996181332966919e-001,-3.773102047044174e-002,-6.261692224031967e-002, 4.769543694663374e-002,-2.278229573636400e-001, 2.220972001339337e-002, 6.902746364577669e-002, 9.623475766014918e-002, 5.327398272514928e-003, 1.570784396755517e-001
 3.290000000000000e+000, 1.981281147223900e+000, 9.310825600814163e-001,-2.995704519312251e-001,-3.910936403273543e-002,-6.804802131200560e-002, 4.852886315626936e-002,-2.289247001806669e-001, 1.986149989192214e-002, 7.303768786664114e-002, 9.786303463904233e-002, 4.355159739655148e-003, 1.554861352364319e-001
 3.300000000000000e+000, 1.993241953022446e+000, 9.293524980367134e-001,-2.995315211348472e-001,-4.044464302016322e-002,-7.355753065245474e-002, 4.911226111545384e-002,-2.293529699406464e-001, 1.728706947725948e-002, 7.700811898811820e-002, 9.969333574204824e-002, 3.170723732670794e-003, 1.539597830775568e-001
 3.310000000000000e+000, 2.005341640584168e+000, 9.276652226932315e-001,-2.995144669202687e-001,-4.136763538287630e-002,-7.901678791673472e-002, 4.932296898877039e-002,-2.290196652151038e-001, 1.401639021489105e-002, 8.082019335483759e-002, 1.017057411480015e-001, 1.579893716178245e-003, 1.525367647294764e-001
 3.320000000000000e+000, 2.017570015743992e+000, 9.260727704494115e-001,-2.995368244484049e-001,-4.145282282265485e-002,-8.427990739476843e-002, 4.906658533847084e-002,-2.278894585619163e-001, 9.514288277498548e-003, 8.433454580498899e-002, 1.038603397189324e-001,-6.230966073866639e-004, 1.512570600576297e-001
 3.330000000000000e+000, 2.029920763226734e+000, 9.246286403798939e-001,-2.996175761548674e-001,-4.029067414394582e-002,-8.919881610727387e-002, 4.828642878593767e-002,-2.259736709777803e-001, 3.273570053559592e-003, 8.741855971315023e-002, 1.061068262444184e-001,-3.618902684981354e-003, 1.501703479902756e-001
 3.340000000000000e+000, 2.042393687063172e+000, 9.233820561269759e-001,-2.997737582536381e-001,-3.756254859149544e-002,-9.363563185267165e-002, 4.696207261774289e-002,-2.233117492955792e-001,-5.090508368939270e-003, 8.996001712766870e-002, 1.083957111255408e-001,-7.526123624165619e-003, 1.493310500899658e-001
 3.350000000000000e+000, 2.054994384998576e+000, 9.223738650138142e-001,-3.000179168827080e-001,-3.309315771458264e-002,-9.747252143694740e-002, 4.510300562366176e-002,-2.199539780740365e-001,-1.577347111581056e-002, 9.187689197354908e-002, 1.106835685230899e-001,-1.237775678971466e-002, 1.487900855421967e-001
 3.360000000000000e+000, 2.067731656413212e+000, 9.216346227255978e-001,-3.003569968758851e-001,-2.687296484467689e-002,-1.006192455250219e-001, 4.274198946729476e-002,-2.159526482651496e-001,-2.875236732807706e-002, 9.312013456921284e-002, 1.129293798137512e-001,-1.811306530547470e-002, 1.485803768236904e-001
 3.370000000000000e+000, 2.080613525808448e+000, 9.211844204230756e-001,-3.007926934437433e-001,-1.905328073559577e-002,-1.030190521568832e-001, 3.993006712643844e-002,-2.113619177022881e-001,-4.379062484959287e-002, 9.367129017809400e-002, 1.150858563642224e-001,-2.457993147390366e-002, 1.487026796198788e-001
 3.380000000000000e+000, 2.093643024322772e+000, 9.210336586437633e-001,-3.013230459144503e-001,-9.917634552455599e-003,-1.046541537528678e-001, 3.673421511842738e-002,-2.062438879271770e-001,-6.047282464296414e-002, 9.353872045442908e-002, 1.170909414498406e-001,-3.154630383553807e-002, 1.491176568802113e-001
 3.390000000000000e+000, 2.106814643517779e+000, 9.211837149156648e-001,-3.019445122934469e-001, 1.638935429164965e-004,-1.055511880245192e-001, 3.323633382372142e-002,-2.006758009468731e-001,-7.826239023818418e-002, 9.275461900129006e-002, 1.188626823789119e-001,-3.872300576006647e-002, 1.497444767809798e-001
 3.400000000000000e+000, 2.120111338131017e+000, 9.216266863083557e-001,-3.026532491779659e-001, 1.078479651324892e-002,-1.057857132651683e-001, 2.952823252085096e-002,-1.947503770296199e-001,-9.656823311630858e-002, 9.137386816858599e-002, 1.202998898125758e-001,-4.579549867828252e-002, 1.504664921839035e-001
 3.410000000000000e+000, 2.133501373268433e+000, 9.223443709441483e-001,-3.034448424841268e-001, 2.154529323506698e-002,-1.054827350356009e-001, 2.569943188632329e-002,-1.885657780387796e-001,-1.148060961203660e-001, 8.947421430078423e-002, 1.212900990696346e-001,-5.245793163974648e-002, 1.511449882014741e-001
 3.420000000000000e+000, 2.146934935679950e+000, 9.233075057922626e-001,-3.043131287826245e-001, 3.208645327423784e-002,-1.048084526902893e-001, 2.182330977846757e-002,-1.822120806109772e-001,-1.324494185888106e-001, 8.715372077118602e-002, 1.217230233693525e-001,-5.844573223361100e-002, 1.516356078320643e-001
 3.430000000000000e+000, 2.160341153377603e+000, 9.244762542233326e-001,-3.052493786293217e-001, 4.211881779004634e-002,-1.039507196183165e-001, 1.795149371914882e-002,-1.757656318382752e-001,-1.490710422430499e-001, 8.452264254322331e-002, 1.215059833114864e-001,-6.356409552000089e-002, 1.518023750814058e-001
 3.440000000000000e+000, 2.173626173690971e+000, 9.258022872171492e-001,-3.062422456591018e-001, 5.144375921416448e-002,-1.030909048990671e-001, 1.412245266155082e-002,-1.692976272402039e-001,-1.643729396809769e-001, 8.169197911138980e-002, 1.205802993662668e-001,-6.770574111324455e-002, 1.515333696342888e-001
 3.450000000000000e+000, 2.186672215990916e+000, 9.272320361589479e-001,-3.072777403234427e-001, 5.995860073242162e-002,-1.023748397578190e-001, 1.038133731062743e-002,-1.628934841398768e-001,-1.781944794872956e-001, 7.876338184748838e-002, 1.189375030039666e-001,-7.085319766836898e-002, 1.507599792856776e-001
 3.460000000000000e+000, 2.199336650534969e+000, 9.287101959434541e-001,-3.083384765564505e-001, 6.763870465741921e-002,-1.018936858443904e-001, 6.798467311732014e-003,-1.566704460446060e-001,-1.904921326333963e-001, 7.582487637050422e-002, 1.166297849093302e-001,-7.306821226858407e-002, 1.494711936095474e-001
 3.470000000000000e+000, 2.211450549282382e+000, 9.301826249229267e-001,-3.094024224084923e-001, 7.450119569694255e-002,-1.016804256242461e-001, 3.472420325418945e-003,-1.507800703254931e-001,-2.012960367086754e-001, 7.295285923020735e-002, 1.137698507643289e-001,-7.447312628420159e-002, 1.477162016255470e-001
 3.480000000000000e+000, 2.222781440582732e+000, 9.315957997479121e-001,-3.104401151400717e-001, 8.053759490918382e-002,-1.017249588271016e-001, 5.206136815950040e-004,-1.454075296580161e-001,-2.106117694662164e-001, 7.022526980990740e-002, 1.105186677855283e-001,-7.521062003268736e-002, 1.455935207273452e-001
 3.490000000000000e+000, 2.233154242215182e+000, 9.329041313525474e-001,-3.114207425656108e-001, 8.578828238186620e-002,-1.019611241445309e-001,-1.974588413732631e-003,-1.406822658508480e-001,-2.185600072781122e-001, 6.770135769955479e-002, 1.071034274925024e-001,-7.547761110935269e-002, 1.432733760860907e-001
 3.500000000000000e+000, 2.242661413337280e+000, 9.341032086544877e-001,-3.123377743368240e-001, 9.040125336670390e-002,-1.023027176659770e-001,-4.026634665239877e-003,-1.365729419751763e-001,-2.254407056572400e-001, 6.536613154523868e-002, 1.036813574774180e-001,-7.545661282189092e-002, 1.408949919450454e-001
