Main.Studies.MarkerTracking.t,Main.Studies.MarkerTracking.JointAngleOutputs.OutputFile_RightLeg.HipFlexion,Main.Studies.MarkerTracking.JointAngleOutputs.OutputFile_RightLeg.HipAbduction,Main.Studies.MarkerTracking.JointAngleOutputs.OutputFile_RightLeg.HipExternalRotation,Main.Studies.MarkerTracking.JointAngleOutputs.OutputFile_RightLeg.KneeFlexion,Main.Studies.MarkerTracking.JointAngleOutputs.OutputFile_RightLeg.AnklePlantarFlexion,Main.Studies.MarkerTracking.JointAngleOutputs.OutputFile_RightLeg.SubTalarEversion
  1.600000000000000e+00,  3.084784202757107e-01,  6.809481251594773e-02,  1.512754982633442e-01,  2.044208269775826e-01, -9.410826614666367e-04,  2.269995688787797e-01
  1.610000000000000e+00,  3.097339580602469e-01,  5.800704184482153e-02,  1.416275652336094e-01,  2.211686702529263e-01,  1.254028124926263e-02,  2.448148903135935e-01
  1.620000000000000e+00,  3.110288542788928e-01,  4.655584691375902e-02,  1.307111736511481e-01,  2.401459885281839e-01,  2.716849379320178e-02,  2.614094576304574e-01
  1.630000000000000e+00,  3.118809320850577e-01,  3.404561715234511e-02,  1.188813486823209e-01,  2.604020530491473e-01,  4.190258840925491e-02,  2.760353831253895e-01
  1.640000000000000e+00,  3.117910623135982e-01,  2.081649308790512e-02,  1.065101434766328e-01,  2.810746516483564e-01,  5.562206941411362e-02,  2.884916719297168e-01
  1.650000000000000e+00,  3.102999584551149e-01,  7.222764812019555e-03,  9.399305088834975e-02,  3.013616559280500e-01,  6.732395817442630e-02,  2.990885137722876e-01
  1.660000000000000e+00,  3.070489721649250e-01, -6.388738797698856e-03,  8.173372346471033e-02,  3.205315454765515e-01,  7.624992578327187e-02,  3.084388917088280e-01
  1.670000000000000e+00,  3.018250247862870e-01, -1.969980261517357e-02,  7.013672605072899e-02,  3.379700136398008e-01,  8.194352111153633e-02,  3.171444092333980e-01
  1.680000000000000e+00,  2.945699451081519e-01, -3.244312188521237e-02,  5.959596225583743e-02,  3.532147801459367e-01,  8.424377547779868e-02,  3.255577998112308e-01
  1.690000000000000e+00,  2.853496571681103e-01, -4.442034501987613e-02,  5.047179509902747e-02,  3.659539963881409e-01,  8.323784671234494e-02,  3.337301596065289e-01
  1.700000000000000e+00,  2.742966494895827e-01, -5.550721117612034e-02,  4.305896858191530e-02,  3.760015238123531e-01,  7.920244650510755e-02,  3.414976848135687e-01
  1.710000000000000e+00,  2.615497772956905e-01, -6.564481758282370e-02,  3.754946444858800e-02,  3.832706469497544e-01,  7.254611477907755e-02,  3.485924214111593e-01
  1.720000000000000e+00,  2.472154463274371e-01, -7.482087873468934e-02,  3.400375927341347e-02,  3.877551648012876e-01,  6.375156926627196e-02,  3.547073226710009e-01
  1.730000000000000e+00,  2.313621032459728e-01, -8.304582118497783e-02,  3.234347006941527e-02,  3.895164030347273e-01,  5.332520599195661e-02,  3.595295827417606e-01
  1.740000000000000e+00,  2.140420628342782e-01, -9.033227778591679e-02,  3.236511070053490e-02,  3.886724967103915e-01,  4.176495475492186e-02,  3.627807099243824e-01
  1.750000000000000e+00,  1.953242190723223e-01, -9.668654157423062e-02,  3.376689939541382e-02,  3.853887940078730e-01,  2.954404332259849e-02,  3.642655041788080e-01
  1.760000000000000e+00,  1.753211538457742e-01, -1.021121810440766e-01,  3.618292033518813e-02,  3.798707120857587e-01,  1.709651653222001e-02,  3.639074107304133e-01
  1.770000000000000e+00,  1.542003694963384e-01, -1.066182826510647e-01,  3.922042675725010e-02,  3.723582560822669e-01,  4.797655651060131e-03,  3.617597107005371e-01
  1.780000000000000e+00,  1.321763289618315e-01, -1.102262097605602e-01,  4.249443653940324e-02,  3.631176933394238e-01, -7.054330902454029e-03,  3.579933404898973e-01
  1.790000000000000e+00,  1.094897986759171e-01, -1.129707848543260e-01,  4.565587717929959e-02,  3.524301285715110e-01, -1.824967733318278e-02,  3.528646224573644e-01
  1.800000000000000e+00,  8.637922627195177e-02, -1.148984303194274e-01,  4.841601677922839e-02,  3.405747391448891e-01, -2.866683996613668e-02,  3.466749890505834e-01
  1.810000000000000e+00,  6.305387806541818e-02, -1.160641323439848e-01,  5.056109222331555e-02,  3.278099544113842e-01, -3.826083902540559e-02,  3.397439356483705e-01
  1.820000000000000e+00,  3.967599337576157e-02, -1.165293511768630e-01,  5.195078132280272e-02,  3.143614261699162e-01, -4.704486521783213e-02,  3.323948783055837e-01
  1.830000000000000e+00,  1.636144331135933e-02, -1.163596693065105e-01,  5.250575397596737e-02,  3.004238322091259e-01, -5.507297815731142e-02,  3.249401653039309e-01
  1.840000000000000e+00, -6.820940079922472e-03, -1.156209395533985e-01,  5.218744470561595e-02,  2.861644211563269e-01, -6.242609142662551e-02,  3.176638912367742e-01
  1.850000000000000e+00, -2.982580649858804e-02, -1.143755983345129e-01,  5.098842207877947e-02,  2.717263438706033e-01, -6.919940236064555e-02,  3.108128774642047e-01
  1.860000000000000e+00, -5.263453624376218e-02, -1.126736518579492e-01,  4.892478190960072e-02,  2.572344932817525e-01, -7.549907272555295e-02,  3.045874642475448e-01
  1.870000000000000e+00, -7.522904927691092e-02, -1.105485760337803e-01,  4.604879966928804e-02,  2.428080808283278e-01, -8.144157083838778e-02,  2.991371116449401e-01
  1.880000000000000e+00, -9.759961380230629e-02, -1.080162201782544e-01,  4.244871955777168e-02,  2.285622239956753e-01, -8.715013468994066e-02,  2.945574550464223e-01
  1.890000000000000e+00, -1.197143926754241e-01, -1.050842725221584e-01,  3.825185928026729e-02,  2.146137579033458e-01, -9.274610638075138e-02,  2.908930962297051e-01
  1.900000000000000e+00, -1.415116224836913e-01, -1.017623707246591e-01,  3.361181734670220e-02,  2.010872713328702e-01, -9.833948592923875e-02,  2.881375341127714e-01
  1.910000000000000e+00, -1.628999167463830e-01, -9.807294005858136e-02,  2.868990826549818e-02,  1.881172356303850e-01, -1.040202305582463e-01,  2.862413626711867e-01
  1.920000000000000e+00, -1.837671803069868e-01, -9.406113584024434e-02,  2.363605413141083e-02,  1.758415179383874e-01, -1.098534999353395e-01,  2.851311053671240e-01
  1.930000000000000e+00, -2.039927064053125e-01, -8.980086303911650e-02,  1.857330947681612e-02,  1.643905894856006e-01, -1.158801268494576e-01,  2.847282818099977e-01
  1.940000000000000e+00, -2.234556841957811e-01, -8.539451780119278e-02,  1.358795618765887e-02,  1.538786125492718e-01, -1.221209053154408e-01,  2.849590126060693e-01
  1.950000000000000e+00, -2.420565133216795e-01, -8.096048255296862e-02,  8.723118516797549e-03,  1.443962128465664e-01, -1.285843013526846e-01,  2.857485079637331e-01
  1.960000000000000e+00, -2.597091426095169e-01, -7.662535262743075e-02,  3.994056712107750e-03,  1.360092810738682e-01, -1.352758490246749e-01,  2.870091934948494e-01
  1.970000000000000e+00, -2.763660469459627e-01, -7.250715475712743e-02, -6.038340058762654e-04,  1.287505425946930e-01, -1.421975984145321e-01,  2.886293002492080e-01
  1.980000000000000e+00, -2.920182643854948e-01, -6.870970731063553e-02, -5.079835247404612e-03,  1.226142138700425e-01, -1.493401063083194e-01,  2.904706032537890e-01
  1.990000000000000e+00, -3.067056692523139e-01, -6.531632158980960e-02, -9.437760946501242e-03,  1.175540056168355e-01, -1.566730966852926e-01,  2.923614680217160e-01
  2.000000000000000e+00, -3.205081712673518e-01, -6.239097316411613e-02, -1.366259515703299e-02,  1.134916419316516e-01, -1.641404301443798e-01,  2.940867136595923e-01
  2.010000000000000e+00, -3.335442713119366e-01, -5.997750667051482e-02, -1.772431043489583e-02,  1.103298498889633e-01, -1.716580952006012e-01,  2.953839676205738e-01
  2.020000000000000e+00, -3.459641868097907e-01, -5.810166074055134e-02, -2.159179766504536e-02,  1.079712450215105e-01, -1.791207545899859e-01,  2.959493837549888e-01
  2.030000000000000e+00, -3.579399268415685e-01, -5.677415334558944e-02, -2.524709499279757e-02,  1.063409282345119e-01, -1.864172774562789e-01,  2.954517615864223e-01
  2.040000000000000e+00, -3.696510653580922e-01, -5.599459160201925e-02, -2.869542540471538e-02,  1.054057290752376e-01, -1.934473165439497e-01,  2.935548633547111e-01
  2.050000000000000e+00, -3.812699692190780e-01, -5.575170920844141e-02, -3.197373618741836e-02,  1.051814910561074e-01, -2.001287735155456e-01,  2.899512946407817e-01
  2.060000000000000e+00, -3.929429406313206e-01, -5.601761114622383e-02, -3.515716943615480e-02,  1.057255319088081e-01, -2.063910798428640e-01,  2.844079696693621e-01
  2.070000000000000e+00, -4.047623734673166e-01, -5.673254631318958e-02, -3.835651886341409e-02,  1.071202069147658e-01, -2.121613669705241e-01,  2.768111226143650e-01
  2.080000000000000e+00, -4.167318143737692e-01, -5.777705549600176e-02, -4.169564876654022e-02,  1.094587646945634e-01, -2.173549724302613e-01,  2.671877339414960e-01
  2.090000000000000e+00, -4.287402542768327e-01, -5.893536648954711e-02, -4.526570564605351e-02,  1.128409152704350e-01, -2.218750342493110e-01,  2.556851625186883e-01
  2.100000000000000e+00, -4.405678458398617e-01, -5.987042323727043e-02, -4.907583200956734e-02,  1.173742694047119e-01, -2.256167115565033e-01,  2.425165253242533e-01
  2.110000000000000e+00, -4.519244758137997e-01, -6.014430480772615e-02, -5.303544922202049e-02,  1.231725576999146e-01, -2.284657086523876e-01,  2.279046226841405e-01
  2.120000000000000e+00, -4.625053025230891e-01, -5.929269826011185e-02, -5.698694083760598e-02,  1.303482181850557e-01, -2.302851621411284e-01,  2.120553400329634e-01
  2.130000000000000e+00, -4.720384192962782e-01, -5.691926904290145e-02, -6.076804470487608e-02,  1.390041503402364e-01, -2.308973238751191e-01,  1.951616263872789e-01
  2.140000000000000e+00, -4.803097750694277e-01, -5.276243725365459e-02, -6.426597298232513e-02,  1.492296686947587e-01, -2.300724501392543e-01,  1.774172343890899e-01
  2.150000000000000e+00, -4.871656668684555e-01, -4.671789590345599e-02, -6.744364057247484e-02,  1.611046737591393e-01, -2.275290837275849e-01,  1.590247630690592e-01
  2.160000000000000e+00, -4.925023050718724e-01, -3.883089294288600e-02, -7.034308745302635e-02,  1.747132524838519e-01, -2.229411648009730e-01,  1.401962996695495e-01
  2.170000000000000e+00, -4.962503337052780e-01, -2.927686320530110e-02, -7.307919152397133e-02,  1.901625739533403e-01, -2.159479613760837e-01,  1.211499583545790e-01
  2.180000000000000e+00, -4.983578092777534e-01, -1.834028385210940e-02, -7.582852917688737e-02,  2.076010560793292e-01, -2.061666344284323e-01,  1.021009867040823e-01
  2.190000000000000e+00, -4.987748193433997e-01, -6.393560241692908e-03, -7.880788529281192e-02,  2.272320737660586e-01, -1.932095263605901e-01,  8.323974344236390e-02
  2.200000000000000e+00, -4.974425558958224e-01,  6.126392227340016e-03, -8.223876074734086e-02,  2.493198619425951e-01, -1.767078989046669e-01,  6.469340287931913e-02
  2.210000000000000e+00, -4.942838785563001e-01,  1.874668593727491e-02, -8.630508579562667e-02,  2.741825082861811e-01, -1.563417042369060e-01,  4.648342524820284e-02
  2.220000000000000e+00, -4.891886765104390e-01,  3.099488779035409e-02, -9.111429178720656e-02,  3.021699811631882e-01, -1.318755160153011e-01,  2.850133921164334e-02
  2.230000000000000e+00, -4.819962936389570e-01,  4.244505093710105e-02, -9.666467070042857e-02,  3.336306843696030e-01, -1.032031841353048e-01,  1.052145325797977e-02
  2.240000000000000e+00, -4.724903582444350e-01,  5.276727343653809e-02, -1.028250569657699e-01,  3.688684841281067e-01, -7.040320425891643e-02, -7.738006176659104e-03
  2.250000000000000e+00, -4.604214413224099e-01,  6.176585412554969e-02, -1.093436933575724e-01,  4.080893720486518e-01, -3.380391142882426e-02, -2.650208145604159e-02
  2.260000000000000e+00, -4.455596130466326e-01,  6.939369638012627e-02, -1.158933459008792e-01,  4.513435466287941e-01,  5.946737164659707e-03, -4.579666843043415e-02
  2.270000000000000e+00, -4.277625663226724e-01,  7.573901503084657e-02, -1.221354471807152e-01,  4.984784640916982e-01,  4.782275280064351e-02, -6.532706844666192e-02
  2.280000000000000e+00, -4.070329944498364e-01,  8.098521750088006e-02, -1.277763982731603e-01,  5.491208716584728e-01,  9.040528151561342e-02, -8.443288645620874e-02
  2.290000000000000e+00, -3.835393597566235e-01,  8.535168112046754e-02, -1.326001871270420e-01,  6.026972258717050e-01,  1.319469318143047e-01, -1.021516862896752e-01
  2.300000000000000e+00, -3.575915973499169e-01,  8.903242421254864e-02, -1.364794106890949e-01,  6.584846850009306e-01,  1.705218990443759e-01, -1.173784166679512e-01
  2.310000000000000e+00, -3.295871884646780e-01,  9.215129370486363e-02, -1.393729992886407e-01,  7.156720609241245e-01,  2.042249626809148e-01, -1.290643696143680e-01
  2.320000000000000e+00, -2.999550179100858e-01,  9.474387929358663e-02, -1.413116959910671e-01,  7.734125939250032e-01,  2.313744953011809e-01, -1.363919081084439e-01
  2.330000000000000e+00, -2.691168382080846e-01,  9.676580298546811e-02, -1.423697446167508e-01,  8.308608614959749e-01,  2.507051483958437e-01, -1.388858772688601e-01
  2.340000000000000e+00, -2.374684230321822e-01,  9.812209490523482e-02, -1.426295940333473e-01,  8.871946837820820e-01,  2.615405146855230e-01, -1.364510963663295e-01
  2.350000000000000e+00, -2.053705523109887e-01,  9.870967698566613e-02, -1.421539964817217e-01,  9.416292718315088e-01,  2.638987005034795e-01, -1.293483821127951e-01
  2.360000000000000e+00, -1.731403064564025e-01,  9.845812881738492e-02, -1.409769560739180e-01,  9.934319738892275e-01,  2.584729467186433e-01, -1.181397907917204e-01
  2.370000000000000e+00, -1.410433284048088e-01,  9.735478933808639e-02, -1.391129035849279e-01,  1.041941425300137e+00,  2.464763360707277e-01, -1.036277730864494e-01
  2.380000000000000e+00, -1.092896592003969e-01,  9.544948931305797e-02, -1.365722756787223e-01,  1.086589100389888e+00,  2.294032721755004e-01, -8.678980508672743e-02
  2.390000000000000e+00, -7.803672904475996e-02,  9.284445321836210e-02, -1.333730061212684e-01,  1.126916703834306e+00,  2.087888027036768e-01, -6.869663424907495e-02
  2.400000000000000e+00, -4.740185310868242e-02,  8.967600778551632e-02, -1.295460528340653e-01,  1.162581899859680e+00,  1.860299974074283e-01, -5.041264679675805e-02
  2.410000000000000e+00, -1.747927315099423e-02,  8.609271330513946e-02, -1.251361690801368e-01,  1.193351254271695e+00,  1.622906525812179e-01, -3.289150776297405e-02
  2.420000000000000e+00,  1.164743086150109e-02,  8.223527975747746e-02, -1.201972100995101e-01,  1.219085939666352e+00,  1.384748625644081e-01, -1.688472246408413e-02
  2.430000000000000e+00,  3.989908033919812e-02,  7.822446458515309e-02, -1.147830880531965e-01,  1.239726020316281e+00,  1.152423653559326e-01, -2.875869627071641e-03
  2.440000000000000e+00,  6.719861493495857e-02,  7.415939646413228e-02, -1.089403006499417e-01,  1.255277004378445e+00,  9.304088842749517e-02,  8.952453036631690e-03
  2.450000000000000e+00,  9.347081310340331e-02,  7.012058782071851e-02, -1.027046970204963e-01,  1.265797782001322e+00,  7.214255931692269e-02,  1.871436185630199e-02
  2.460000000000000e+00,  1.186431646358068e-01,  6.617203585530529e-02, -9.610331288505997e-02,  1.271388867334888e+00,  5.268270372841920e-02,  2.678483657195639e-02
  2.470000000000000e+00,  1.426452012825923e-01,  6.236040388726405e-02, -8.916004402131511e-02,  1.272180042207436e+00,  3.470424033117693e-02,  3.373815357559801e-02
  2.480000000000000e+00,  1.654071636796096e-01,  5.871441845177561e-02, -8.190170808802806e-02,  1.268318896615499e+00,  1.820279053875434e-02,  4.026290403818028e-02
  2.490000000000000e+00,  1.868617364602411e-01,  5.524734066707038e-02, -7.436081763688451e-02,  1.259962299966888e+00,  3.159346621149680e-03,  4.705966712750818e-02
  2.500000000000000e+00,  2.069517568073961e-01,  5.196157837321413e-02, -6.657555511385610e-02,  1.247271092723711e+00, -1.044623477261133e-02,  5.473818050468272e-02
  2.510000000000000e+00,  2.256405216530744e-01,  4.885397225449140e-02, -5.858939100458375e-02,  1.230405967779874e+00, -2.263408607654018e-02,  6.373617197981415e-02
  2.520000000000000e+00,  2.429158081473025e-01,  4.592169666180679e-02, -5.045132101424722e-02,  1.209522564880953e+00, -3.342741333944373e-02,  7.427780347595349e-02
  2.530000000000000e+00,  2.587874888777505e-01,  4.316833612794713e-02, -4.221747653648559e-02,  1.184766747738190e+00, -4.285623316012959e-02,  8.637613642197089e-02
  2.540000000000000e+00,  2.732866305927731e-01,  4.060955349695461e-02, -3.395392912962786e-02,  1.156272636900198e+00, -5.096011284921673e-02,  9.986336157368762e-02
  2.550000000000000e+00,  2.864642141379301e-01,  3.827735569602120e-02, -2.573689304268094e-02,  1.124163648687370e+00, -5.779260697209370e-02,  1.144264440443379e-01
  2.560000000000000e+00,  2.983824286821736e-01,  3.622117720757378e-02, -1.764685971051512e-02,  1.088554876519337e+00, -6.343002018017711e-02,  1.296457319725127e-01
  2.570000000000000e+00,  3.091003890731503e-01,  3.450524814406131e-02, -9.758600269258486e-03,  1.049556552817683e+00, -6.798147371369641e-02,  1.450457933664400e-01
  2.580000000000000e+00,  3.186600859637141e-01,  3.320319815425865e-02, -2.129819276219785e-03,  1.007279366388470e+00, -7.159381873403758e-02,  1.601512897267671e-01
  2.590000000000000e+00,  3.270812423483633e-01,  3.239434743736780e-02,  5.209313915152379e-03,  9.618446638045557e-01, -7.444598599404684e-02,  1.745294066218609e-01
  2.600000000000000e+00,  3.343510552271799e-01,  3.215726158078547e-02,  1.227171323735714e-02,  9.133911646411312e-01, -7.672868233551948e-02,  1.878056272366473e-01
  2.610000000000000e+00,  3.404221626723752e-01,  3.256781480570425e-02,  1.912032674494992e-02,  8.620865224815375e-01, -7.862222805953228e-02,  1.996536950836284e-01
  2.620000000000000e+00,  3.452075864507771e-01,  3.369542496170230e-02,  2.587266504192507e-02,  8.081389435746961e-01, -8.027240233423956e-02,  2.097696756674030e-01
  2.630000000000000e+00,  3.485853980162146e-01,  3.559940016527996e-02,  3.270249280083625e-02,  7.518146662875912e-01, -8.176391634591856e-02,  2.178493219708009e-01
  2.640000000000000e+00,  3.504178552918598e-01,  3.832448199862304e-02,  3.983741436792720e-02,  6.934647783777919e-01, -8.309675035817989e-02,  2.235782035362118e-01
  2.650000000000000e+00,  3.505834679082868e-01,  4.189547923909331e-02,  4.755013752716371e-02,  6.335655581264551e-01, -8.418007987144671e-02,  2.266311607662291e-01
  2.660000000000000e+00,  3.490121904422177e-01,  4.630556440647760e-02,  5.614546748912587e-02,  5.727663429072954e-01, -8.485219575393514e-02,  2.266797614485034e-01
  2.670000000000000e+00,  3.457323859658812e-01,  5.150395968097432e-02,  6.593034461313037e-02,  5.119447863417460e-01, -8.493567843590655e-02,  2.234227747689949e-01
  2.680000000000000e+00,  3.409059763344611e-01,  5.736941020001751e-02,  7.716260988439225e-02,  4.522322633859112e-01, -8.430067090770625e-02,  2.166576457429681e-01
  2.690000000000000e+00,  3.348481551285433e-01,  6.368503151701543e-02,  8.996314875720589e-02,  3.949906972065172e-01, -8.292104441153221e-02,  2.064080716982330e-01
  2.700000000000000e+00,  3.280109425210349e-01,  7.012774224597695e-02,  1.041992234568046e-01,  3.417147476325667e-01, -8.089592736339275e-02,  1.930989413913051e-01
  2.710000000000000e+00,  3.209254260728187e-01,  7.629197493803108e-02,  1.193773307699572e-01,  2.938705337325600e-01, -7.842791277819250e-02,  1.777189220260460e-01
  2.720000000000000e+00,  3.141176530862815e-01,  8.175019735414213e-02,  1.346180818536214e-01,  2.527244892737517e-01, -7.576972832814495e-02,  1.618529343552735e-01
  2.730000000000000e+00,  3.080312069184520e-01,  8.612470387598381e-02,  1.487665939901179e-01,  2.192247721086824e-01, -7.315668885474537e-02,  1.474887305313431e-01
  2.740000000000000e+00,  3.029833548744781e-01,  8.913281929983441e-02,  1.606105983971703e-01,  1.939542908682778e-01, -7.073045295036959e-02,  1.366300207443953e-01
  2.750000000000000e+00,  2.991576503353102e-01,  9.058691872618407e-02,  1.691131261813589e-01,  1.771270428947233e-01, -6.845985875656561e-02,  1.308697628456914e-01
  2.760000000000000e+00,  2.966175592462391e-01,  9.036349588736337e-02,  1.735813798034473e-01,  1.685944100910024e-01, -6.608517690603623e-02,  1.310784235210343e-01
  2.770000000000000e+00,  2.953230649578413e-01,  8.837126192611389e-02,  1.737500086687806e-01,  1.678532121495368e-01, -6.311922827006397e-02,  1.372702952047111e-01
  2.780000000000000e+00,  2.951446715932527e-01,  8.454089991973190e-02,  1.697793111915383e-01,  1.740687622600848e-01, -5.892098089300864e-02,  1.486475563450397e-01
  2.790000000000000e+00,  2.958696175522291e-01,  7.883362521309523e-02,  1.621813899625852e-01,  1.861270671542903e-01, -5.282210267118033e-02,  1.637901714261884e-01
  2.800000000000000e+00,  2.972127190176776e-01,  7.126522950735725e-02,  1.516744133498337e-01,  2.027275303411004e-01, -4.429844208836438e-02,  1.809765733075929e-01
  2.810000000000000e+00,  2.988284273279927e-01,  6.192886538078635e-02,  1.390124168768986e-01,  2.225109926316004e-01, -3.315163235381966e-02,  1.985447259374742e-01
  2.820000000000000e+00,  3.003260366152103e-01,  5.100723714191235e-02,  1.248582000210510e-01,  2.442018451583117e-01, -1.964366951850784e-02,  2.151975417374926e-01
  2.830000000000000e+00,  3.012874324285142e-01,  3.876875286279491e-02,  1.097729250637373e-01,  2.667170682711951e-01, -4.499795372265973e-03,  2.301675692560959e-01
  2.840000000000000e+00,  3.012927409304785e-01,  2.555186120049080e-02,  9.429257745273766e-02,  2.891905260710077e-01,  1.123188870091299e-02,  2.432351972826940e-01
  2.850000000000001e+00,  2.999601920152343e-01,  1.173963445517523e-02,  7.897011392409919e-02,  3.109160563285143e-01,  2.637832104960620e-02,  2.546517044656252e-01
  2.860000000000000e+00,  2.969974858120975e-01, -2.277145831992122e-03,  6.434048372933765e-02,  3.312842127001179e-01,  3.982563586643588e-02,  2.649745669606493e-01
  2.870000000000000e+00,  2.922459335716560e-01, -1.614191588104963e-02,  5.086853482174787e-02,  3.497730130660557e-01,  5.067093892970681e-02,  2.748175467225658e-01
  2.880000000000000e+00,  2.856907569095357e-01, -2.956695491044847e-02,  3.892030165975902e-02,  3.659742859061438e-01,  5.831957863737238e-02,  2.846138138872331e-01
  2.890000000000000e+00,  2.774252251077426e-01, -4.235053013508017e-02,  2.875171528671298e-02,  3.796054897228704e-01,  6.250827829181783e-02,  2.945137206289397e-01
  2.900000000000000e+00,  2.675840643052657e-01, -5.437133555405804e-02,  2.050170982559959e-02,  3.904923807283305e-01,  6.327010361706689e-02,  3.044335771383744e-01
  2.910000000000000e+00,  2.562796551281303e-01, -6.556425885469719e-02,  1.418373780705493e-02,  3.985445458241185e-01,  6.087286086540757e-02,  3.141685487842079e-01
  2.920000000000000e+00,  2.435684087718927e-01, -7.588980491618114e-02,  9.682096044286628e-03,  4.037418652785774e-01,  5.574907219325884e-02,  3.234789358288693e-01
  2.930000000000000e+00,  2.294568731053811e-01, -8.530625933992608e-02,  6.764418013321616e-03,  4.061336924445912e-01,  4.842289688123495e-02,  3.321287337148366e-01
  2.940000000000000e+00,  2.139336809023640e-01, -9.375586825124760e-02,  5.120218969165594e-03,  4.058416257965687e-01,  3.944659640056904e-02,  3.398915066753692e-01
  2.950000000000000e+00,  1.970169872652996e-01, -1.011618222906743e-01,  4.404331673957766e-03,  4.030668192187628e-01,  2.934808977582382e-02,  3.465573404066032e-01
  2.960000000000000e+00,  1.787873175607078e-01, -1.074435456822662e-01,  4.274116020839317e-03,  3.980784938485312e-01,  1.860094082779095e-02,  3.519515519818538e-01
  2.970000000000000e+00,  1.593944766664572e-01, -1.125391973936483e-01,  4.416900879252911e-03,  3.911838857372554e-01,  7.609460497419402e-03,  3.559660148641896e-01
  2.980000000000000e+00,  1.390400378867319e-01, -1.164221366673597e-01,  4.574836195375728e-03,  3.826962278753823e-01, -3.301333849762322e-03,  3.585794837220772e-01
  2.990000000000000e+00,  1.179453582969376e-01, -1.191072419076959e-01,  4.562401513459716e-03,  3.729105618195905e-01, -1.389235342549857e-02,  3.598534000708929e-01
  3.000000000000000e+00,  9.631953517614050e-02, -1.206509490723606e-01,  4.266636273473962e-03,  3.620871260847304e-01, -2.400836598124407e-02,  3.599125972451601e-01
  3.010000000000000e+00,  7.433906495860323e-02, -1.211473736688733e-01,  3.630221347486098e-03,  3.504435358910692e-01, -3.356671950181768e-02,  3.589252352031885e-01
  3.020000000000000e+00,  5.214174663882545e-02, -1.207205510698384e-01,  2.627187494854129e-03,  3.381559220216368e-01, -4.254136110506963e-02,  3.570885208424471e-01
  3.030000000000000e+00,  2.982934391899536e-02, -1.195137633253165e-01,  1.240180843375666e-03,  3.253658139420780e-01, -5.094693418920478e-02,  3.546203584672105e-01
  3.040000000000000e+00,  7.470586553001882e-03, -1.176768997719588e-01, -5.562599258251128e-04,  3.121891879828465e-01, -5.882653856398112e-02,  3.517523478665426e-01
  3.050000000000000e+00, -1.489580192168432e-02, -1.153518476736233e-01, -2.800076696763333e-03,  2.987250740084729e-01, -6.624410721789309e-02,  3.487162875076369e-01
  3.060000000000000e+00, -3.723814966646665e-02, -1.126600598969199e-01, -5.524782549067366e-03,  2.850637541232883e-01, -7.327871031553487e-02,  3.457244484585630e-01
  3.070000000000000e+00, -5.952113708487292e-02, -1.096933045919481e-01, -8.743567685555927e-03,  2.712908731474483e-01, -8.001931660653426e-02,  3.429518896047498e-01
  3.080000000000000e+00, -8.169046883796657e-02, -1.065143311678993e-01, -1.243731514808307e-02,  2.574914239208019e-01, -8.655734776088866e-02,  3.405372943910513e-01
  3.090000000000000e+00, -1.036790356929906e-01, -1.031606884137641e-01, -1.655703228825317e-02,  2.437548427228763e-01, -9.298136412916712e-02,  3.385868925953135e-01
  3.100000000000000e+00, -1.254140846695117e-01, -9.965025155890417e-02, -2.103081047908782e-02,  2.301841670869078e-01, -9.937604863121584e-02,  3.371700775339414e-01
  3.110000000000000e+00, -1.468210266335878e-01, -9.598955680940047e-02, -2.577104554387396e-02,  2.169048338723795e-01, -1.058223605187379e-01,  3.363108541339356e-01
  3.120000000000000e+00, -1.678238493658402e-01, -9.218521974105887e-02, -3.067973617718326e-02,  2.040675372896534e-01, -1.123940969406833e-01,  3.359840377327323e-01
  3.130000000000000e+00, -1.883460307782536e-01, -8.825484527741501e-02, -3.565795110967439e-02,  1.918436403418459e-01, -1.191518038938326e-01,  3.361224560909792e-01
  3.140000000000000e+00, -2.083147214515677e-01, -8.423393551461533e-02, -4.062178970066656e-02,  1.804138440725214e-01, -1.261390010498035e-01,  3.366349161345186e-01
  3.150000000000000e+00, -2.276661461125781e-01, -8.017634084889025e-02, -4.551435633081371e-02,  1.699499592794259e-01, -1.333840849810792e-01,  3.374243577263273e-01
  3.160000000000000e+00, -2.463505285506282e-01, -7.614720925839591e-02, -5.030544522599770e-02,  1.605924863932434e-01, -1.409063623273736e-01,  3.383980749687699e-01
  3.170000000000000e+00, -2.643358148444037e-01, -7.221255809292004e-02, -5.498232544749274e-02,  1.524317674024354e-01, -1.487195450639484e-01,  3.394723664373341e-01
  3.180000000000000e+00, -2.816102334705973e-01, -6.843142010614645e-02, -5.953868636002708e-02,  1.454995607478619e-01, -1.568268067132633e-01,  3.405751133622408e-01
  3.190000000000000e+00, -2.981856873478206e-01, -6.485281685887756e-02, -6.396306273222277e-02,  1.397730281957873e-01, -1.652119699910084e-01,  3.416404700771534e-01
  3.200000000000000e+00, -3.141043468175573e-01, -6.151508664319705e-02, -6.822858251032614e-02,  1.351895494719375e-01, -1.738375575050551e-01,  3.425873904691514e-01
  3.210000000000000e+00, -3.294304231984934e-01, -5.845057602739057e-02, -7.228027718491922e-02,  1.316715401960295e-01, -1.826529348337749e-01,  3.432829469842943e-01
  3.220000000000000e+00, -3.442419015050303e-01, -5.568740346330636e-02, -7.603528684600827e-02,  1.291510132379864e-01, -1.916007832798463e-01,  3.435143197420906e-01
  3.230000000000000e+00, -3.586186001648577e-01, -5.325143489839723e-02, -7.939742793592097e-02,  1.275838164071774e-01, -2.006150464723893e-01,  3.429931440131749e-01
  3.240000000000000e+00, -3.726293855135454e-01, -5.116501674056084e-02, -8.227586024127018e-02,  1.269545049812227e-01, -2.096179533203050e-01,  3.413873220426531e-01
  3.250000000000000e+00, -3.863182570377020e-01, -4.944056655315010e-02, -8.460680149356985e-02,  1.272741814680928e-01, -2.185174665118656e-01,  3.383765104364885e-01
  3.260000000000000e+00, -3.996878907662929e-01, -4.806744814052677e-02, -8.637143262952873e-02,  1.285758623903121e-01, -2.272048804253908e-01,  3.337124723299367e-01
  3.270000000000000e+00, -4.126854589349686e-01, -4.699156568991936e-02, -8.760170184635549e-02,  1.309110055223614e-01, -2.355520362841814e-01,  3.272608927747642e-01
  3.280000000000000e+00, -4.251978462601275e-01, -4.609222758029308e-02, -8.836673418740237e-02,  1.343489487741248e-01, -2.434102771715881e-01,  3.190119915115104e-01
  3.290000000000000e+00, -4.370642823404141e-01, -4.516383821789338e-02, -8.874483040656271e-02,  1.389768546284945e-01, -2.506128247141482e-01,  3.090635022771774e-01
  3.300000000000000e+00, -4.481010742777118e-01, -4.391336452014172e-02, -8.879487346965362e-02,  1.448984434420304e-01, -2.569790690606403e-01,  2.975869272098681e-01
  3.310000000000000e+00, -4.581277909448533e-01, -4.198239339296106e-02, -8.854213563802783e-02,  1.522315558711036e-01, -2.623163556034369e-01,  2.847929728468016e-01
  3.320000000000000e+00, -4.669871113545291e-01, -3.899676758684656e-02, -8.798869210515022e-02,  1.611022826188596e-01, -2.664151059626254e-01,  2.709139082828040e-01
  3.330000000000000e+00, -4.745553182700872e-01, -3.463403660087505e-02, -8.714596397647822e-02,  1.716351386443850e-01, -2.690380387522674e-01,  2.562066345868407e-01
  3.340000000000000e+00, -4.807438928125433e-01, -2.868664685298894e-02, -8.607188378865609e-02,  1.839457051287147e-01, -2.699100651174453e-01,  2.409594130808672e-01
  3.350000000000001e+00, -4.854913708877890e-01, -2.110370601343492e-02, -8.489299071259260e-02,  1.981423753429616e-01, -2.687154308724446e-01,  2.254824467898408e-01
  3.360000000000000e+00, -4.887493387613824e-01, -1.200653417337727e-02, -8.380442282826395e-02,  2.143367252071687e-01, -2.651036776607243e-01,  2.100787510925294e-01
  3.370000000000000e+00, -4.904656857918497e-01, -1.679792571636085e-03, -8.304817766372768e-02,  2.326583594457290e-01, -2.587040011999260e-01,  1.949995409984596e-01
  3.380000000000000e+00, -4.905705757183718e-01,  9.461311698364172e-03, -8.287117558565489e-02,  2.532691845662733e-01, -2.491473910525450e-01,  1.803875697758298e-01
  3.390000000000000e+00, -4.889694944712354e-01,  2.092353963736304e-02, -8.347170184292736e-02,  2.763714780881946e-01, -2.360929115834210e-01,  1.662202003351589e-01
  3.400000000000000e+00, -4.855404607698317e-01,  3.219577515807082e-02, -8.495462145608196e-02,  3.022059197902300e-01, -2.192542533942348e-01,  1.522791036940281e-01
  3.410000000000000e+00, -4.801304920427550e-01,  4.280428476063869e-02, -8.731115180126001e-02,  3.310378532016982e-01, -1.984282244795165e-01,  1.381697451570447e-01
  3.420000000000000e+00, -4.725539465044316e-01,  5.235979206310648e-02, -9.041872804966979e-02,  3.631318052470283e-01, -1.735304379288971e-01,  1.233903543694425e-01
  3.430000000000000e+00, -4.626013702864300e-01,  6.059939971126416e-02, -9.404923377883402e-02,  3.987151964482816e-01, -1.446415742711938e-01,  1.074365621408139e-01
  3.440000000000000e+00, -4.500666731205615e-01,  6.742035813298175e-02, -9.788477943557368e-02,  4.379323758319731e-01, -1.120636264811549e-01,  8.993215567012512e-02
  3.450000000000000e+00, -4.347920665486655e-01,  7.289252090607534e-02, -1.015499437497935e-01,  4.807957440359415e-01, -7.637903952104973e-02,  7.077624380598681e-02
  3.460000000000000e+00, -4.167164753802489e-01,  7.723683832035677e-02, -1.046654894039470e-01,  5.271492997334050e-01, -3.849561338448609e-02,  5.027623977158743e-02
  3.470000000000000e+00, -3.958715576063028e-01,  8.077396531006098e-02, -1.069009598309544e-01,  5.766635338413443e-01,  3.399432250136509e-04,  2.919928134860663e-02
  3.480000000000000e+00, -3.724489734200624e-01,  8.384583531645062e-02, -1.080544619014629e-01,  6.288377401925747e-01,  3.861667910236796e-02,  8.753191711183503e-03
  3.490000000000000e+00, -3.468707155962377e-01,  8.673393133108354e-02, -1.080805020158296e-01,  6.830297064979516e-01,  7.469068767374257e-02, -9.583592291889074e-03
