Main.Studies.MarkerTracking.t,Main.Studies.MarkerTracking.JointAngleOutputs.OutputFile7.SternoClavicularProtraction,Main.Studies.MarkerTracking.JointAngleOutputs.OutputFile7.SternoClavicularElevation,Main.Studies.MarkerTracking.JointAngleOutputs.OutputFile7.SternoClavicularAxialRotation,Main.Studies.MarkerTracking.JointAngleOutputs.OutputFile7.GlenohumeralFlexion,Main.Studies.MarkerTracking.JointAngleOutputs.OutputFile7.GlenohumeralExternalRotation,Main.Studies.MarkerTracking.JointAngleOutputs.OutputFile7.GlenohumeralAbduction,Main.Studies.MarkerTracking.JointAngleOutputs.OutputFile7.ElbowFlexion,Main.Studies.MarkerTracking.JointAngleOutputs.OutputFile7.ElbowPronation,Main.Studies.MarkerTracking.JointAngleOutputs.OutputFile7.WristFlexion,Main.Studies.MarkerTracking.JointAngleOutputs.OutputFile7.WristAbduction
 1.540000000000000e+000,-4.754171779314481e-001, 7.016497108687458e-002,-3.493446931571604e-001,-2.833143093513195e-001, 7.914908350904754e-002, 1.308490324264550e-001, 5.339305302738888e-001, 5.306365500430511e-001, 2.447916103338956e-001, 2.449458897786555e-001
 1.550000000000000e+000,-4.760272945901990e-001, 6.919605029272669e-002,-3.493431709502286e-001,-2.808517453782280e-001, 8.073364586893304e-002, 1.316103119781888e-001, 5.286056603013064e-001, 5.298336404066247e-001, 2.501847127006887e-001, 2.432791398679401e-001
 1.560000000000000e+000,-4.765388586904360e-001, 6.855756811307701e-002,-3.493418039212153e-001,-2.782716641510361e-001, 8.225996684111515e-002, 1.326523684915224e-001, 5.230474522195940e-001, 5.292208512614859e-001, 2.556360065721584e-001, 2.415896957650311e-001
 1.570000000000000e+000,-4.768737602924911e-001, 6.830890671727730e-002,-3.493404881233746e-001,-2.754823424486708e-001, 8.368405388090874e-002, 1.340275304914514e-001, 5.171937428880802e-001, 5.289498860637728e-001, 2.611401542327161e-001, 2.398622009436620e-001
 1.580000000000000e+000,-4.769661329779628e-001, 6.850946317811912e-002,-3.493391231997531e-001,-2.724009233212383e-001, 8.496601479997665e-002, 1.357549892656586e-001, 5.110316580160037e-001, 5.291804557507629e-001, 2.666689806587628e-001, 2.380922453482882e-001
 1.590000000000000e+000,-4.767926462679437e-001, 6.919968254170472e-002,-3.493376369583667e-001,-2.689669378236019e-001, 8.608990285127292e-002, 1.378131822367568e-001, 5.045833969441004e-001, 5.299992444046678e-001, 2.722086967546422e-001, 2.362839536738809e-001
 1.600000000000000e+000,-4.763443290787572e-001, 7.041549607789355e-002,-3.493359522570582e-001,-2.651088616727986e-001, 8.704784596189094e-002, 1.401604480718486e-001, 4.978776023192070e-001, 5.314615106319324e-001, 2.777615316444837e-001, 2.344486867141477e-001
 1.610000000000000e+000,-4.756332703328358e-001, 7.218098693046104e-002,-3.493340077589213e-001,-2.607629439365358e-001, 8.784120104862243e-002, 1.427244430716387e-001, 4.909708278750438e-001, 5.335745635684215e-001, 2.833329188124649e-001, 2.326065977684568e-001
 1.620000000000000e+000,-4.746911146820559e-001, 7.450336059220342e-002,-3.493317662630785e-001,-2.558847053069386e-001, 8.847896680100909e-002, 1.454031428907719e-001, 4.839618084451518e-001, 5.363071406185420e-001, 2.889195245887077e-001, 2.307798021158032e-001
 1.630000000000000e+000,-4.735665638829195e-001, 7.736723654080047e-002,-3.493292224143569e-001,-2.504611222737614e-001, 8.897551771919217e-002, 1.480728720279896e-001, 4.770065700715182e-001, 5.396008619901928e-001, 2.944928791998758e-001, 2.289879033233093e-001
 1.640000000000000e+000,-4.723197011599969e-001, 8.072944400586857e-002,-3.493264033091620e-001,-2.445197925385823e-001, 8.934543695351464e-002, 1.506027046672423e-001, 4.703268676082282e-001, 5.433724304727728e-001, 2.999825261753570e-001, 2.272544890809683e-001
 1.650000000000000e+000,-4.710104001020912e-001, 8.451954134533102e-002,-3.493233687453886e-001,-2.381290019200402e-001, 8.960382176915215e-002, 1.528734352106874e-001, 4.641936263241371e-001, 5.475646825010623e-001, 3.052675241593617e-001, 2.256336302016607e-001
 1.660000000000000e+000,-4.696939501060763e-001, 8.864617209714831e-002,-3.493201494228501e-001,-2.314031425369310e-001, 8.972736660585590e-002, 1.547847017568658e-001, 4.589477704060362e-001, 5.519631015338706e-001, 3.102008126105260e-001, 2.241404410577296e-001
 1.670000000000000e+000,-4.684095751783455e-001, 9.301960535278564e-002,-3.493167981898794e-001,-2.244712723071325e-001, 8.969839785117914e-002, 1.562802298529192e-001, 4.549048474690924e-001, 5.565017881601700e-001, 3.146015827961082e-001, 2.228490729869227e-001
 1.680000000000000e+000,-4.671859691232022e-001, 9.757021111126241e-002,-3.493133365258327e-001,-2.174677300847541e-001, 8.947533044265174e-002, 1.573487196923289e-001, 4.523593084158612e-001, 5.610885541377341e-001, 3.182805480601387e-001, 2.218285620615791e-001
 1.690000000000000e+000,-4.660431462802075e-001, 1.022632928638154e-001,-3.493097566742377e-001,-2.105109943463519e-001, 8.900483350051784e-002, 1.580293299454192e-001, 4.515445605260699e-001, 5.656621233830951e-001, 3.210471130184027e-001, 2.211601629428631e-001
 1.700000000000000e+000,-4.649986227859479e-001, 1.070988671110782e-001,-3.493060186449416e-001,-2.036902970699110e-001, 8.822899298243458e-002, 1.584071731444491e-001, 4.526136011047484e-001, 5.702045135948398e-001, 3.227263823988500e-001, 2.209272695868523e-001
 1.710000000000000e+000,-4.640737294298545e-001, 1.120975124778640e-001,-3.493020482240181e-001,-1.970568312805958e-001, 8.709186617715757e-002, 1.586000817436601e-001, 4.556293153419178e-001, 5.747432676799541e-001, 3.231823541505270e-001, 2.212010790446993e-001
 1.720000000000000e+000,-4.632974560854716e-001, 1.172786955684924e-001,-3.492977218969879e-001,-1.906229649327802e-001, 8.553570989679175e-002, 1.587379689943901e-001, 4.605725374372872e-001, 5.792905147565962e-001, 3.223429639954358e-001, 2.220243614056489e-001
 1.730000000000000e+000,-4.627007039190282e-001, 1.226434773806380e-001,-3.492929138565259e-001,-1.843556105970479e-001, 8.353452277014306e-002, 1.589512790325532e-001, 4.673097563008171e-001, 5.840160892096084e-001, 3.202121531060542e-001, 2.234830623200833e-001
 1.740000000000000e+000,-4.623207356504722e-001, 1.281569339903017e-001,-3.492874556534341e-001,-1.782051110867735e-001, 8.104811752853185e-002, 1.593443976248861e-001, 4.756768532885272e-001, 5.889511778045095e-001, 3.168935038952663e-001, 2.256111560640829e-001
 1.750000000000000e+000,-4.621892848906247e-001, 1.337489357669814e-001,-3.492812186635553e-001,-1.721057225978737e-001, 7.806436239599038e-002, 1.599966113728780e-001, 4.854620579003352e-001, 5.942132464170382e-001, 3.125515420717790e-001, 2.284551493117794e-001
 1.760000000000000e+000,-4.623233105269404e-001, 1.393252957966846e-001,-3.492741204012766e-001,-1.659869344070859e-001, 7.459588552553743e-002, 1.609576316970077e-001, 4.964454581332431e-001, 5.999488324166427e-001, 3.073577932730403e-001, 2.320434811547922e-001
 1.770000000000000e+000,-4.627182450628006e-001, 1.447885086070087e-001,-3.492661199359787e-001,-1.597781298016714e-001, 7.067655894044088e-002, 1.622482857358248e-001, 5.084248486638463e-001, 6.062776410243369e-001, 3.014438921938605e-001, 2.363655078353272e-001
 1.780000000000000e+000,-4.633515279280546e-001, 1.500569544249715e-001,-3.492572134917549e-001,-1.534140382003439e-001, 6.635332695945420e-002, 1.638650872550496e-001, 5.212323889028172e-001, 6.132253837636380e-001, 2.948875244824079e-001, 2.413650040437234e-001
 1.790000000000000e+000,-4.641918509716939e-001, 1.550764081130100e-001,-3.492474528766257e-001,-1.468390875197041e-001, 6.168584610199349e-002, 1.657894612225394e-001, 5.347289121655319e-001, 6.207457605648954e-001, 2.877335743780201e-001, 2.469663253365125e-001
 1.800000000000000e+000,-4.652097765193912e-001, 1.598194889586653e-001,-3.492369097801623e-001,-1.400216622700896e-001, 5.671970749722528e-002, 1.679894574244399e-001, 5.488363011292002e-001, 6.286182910295451e-001, 2.800409122331684e-001, 2.530001800525593e-001
 1.810000000000000e+000,-4.663783451943856e-001, 1.642903837988241e-001,-3.492257379691228e-001,-1.329379392639940e-001, 5.151640841059716e-002, 1.704308548404087e-001, 5.634860332519899e-001, 6.366835009745723e-001, 2.718961673878684e-001, 2.592636597604065e-001
 1.820000000000000e+000,-4.676734988189340e-001, 1.685162367969151e-001,-3.492141086663068e-001,-1.255831946562307e-001, 4.612107803169897e-002, 1.730711345756375e-001, 5.786641688410478e-001, 6.446604055655121e-001, 2.634065609411507e-001, 2.654319499920296e-001
 1.830000000000000e+000,-4.690671838371066e-001, 1.725399452105276e-001,-3.492022175449708e-001,-1.179659815038989e-001, 4.057652108846510e-002, 1.758649475198977e-001, 5.943747871229086e-001, 6.522427097741778e-001, 2.546787801957382e-001, 2.711711847091639e-001
 1.840000000000000e+000,-4.705236485352248e-001, 1.764092604972871e-001,-3.491902776836721e-001,-1.101068411032102e-001, 3.493145025964405e-002, 1.787703252597097e-001, 6.106081081863592e-001, 6.591870965139921e-001, 2.458199962890244e-001, 2.762529859795566e-001
 1.850000000000000e+000,-4.720011248885241e-001, 1.801657821985405e-001,-3.491784958081106e-001,-1.020392044884881e-001, 2.924113482535439e-002, 1.817529416867768e-001, 6.273301849384878e-001, 6.653607059876341e-001, 2.369416430099260e-001, 2.805954129303493e-001
 1.860000000000000e+000,-4.734563813635299e-001, 1.838367832917551e-001,-3.491670391364322e-001,-9.380888203004978e-002, 2.356260106023533e-002, 1.847860142988734e-001, 6.444895018148859e-001, 6.707345279490306e-001, 2.281501906975239e-001, 2.842357756885547e-001
 1.870000000000000e+000,-4.748504802607922e-001, 1.874334255310319e-001,-3.491560167859067e-001,-8.546801502083756e-002, 1.794920077700191e-002, 1.878481382447739e-001, 6.620200095604020e-001, 6.753620634379380e-001, 2.195369980704396e-001, 2.872940294076856e-001
 1.880000000000000e+000,-4.761557058935020e-001, 1.909548629739843e-001,-3.491454813585022e-001,-7.706718210679031e-002, 1.244622166602490e-002, 1.909216654658691e-001, 6.798411691393039e-001, 6.793517418629599e-001, 2.111716657654095e-001, 2.899459300206853e-001
 1.890000000000000e+000,-4.773613594555147e-001, 1.943934131350451e-001,-3.491354375809034e-001,-6.865264241048297e-002, 7.088233105543438e-003, 1.939921693050006e-001, 6.978673626805436e-001, 6.828266140831139e-001, 2.030958579084394e-001, 2.923863015357807e-001
 1.900000000000000e+000,-4.784746100204230e-001, 1.977382391936631e-001,-3.491258524066692e-001,-6.026757358328960e-002, 1.898751258865257e-003, 1.970496339543934e-001, 7.160197045165202e-001, 6.859013018875267e-001, 1.953288050251674e-001, 2.947909740433793e-001
 1.910000000000000e+000,-4.795160646614669e-001, 2.009793527220134e-001,-3.491166684439179e-001,-5.195255327098414e-002,-3.108523787220036e-003, 2.000910403348472e-001, 7.342295740739065e-001, 6.886894401301132e-001, 1.878839683431015e-001, 2.972961896431209e-001
 1.920000000000000e+000,-4.805133519439443e-001, 2.041133495064551e-001,-3.491078185097656e-001,-4.374578237855542e-002,-7.928447597686713e-003, 2.031223574416649e-001, 7.524387207450543e-001, 6.913075700390037e-001, 1.807780359413684e-001, 2.999876325749682e-001
 1.930000000000000e+000,-4.814948864433585e-001, 2.071482614115627e-001,-3.490992399935753e-001,-3.568502533049234e-002,-1.256349369284948e-002, 2.061585554211356e-001, 7.705995493632599e-001, 6.938584015442384e-001, 1.740279895257602e-001, 3.028965299239512e-001
 1.940000000000000e+000,-4.824841961299869e-001, 2.101032123991808e-001,-3.490908897425493e-001,-2.781019227011883e-002,-1.702315458625396e-002, 2.092211400860524e-001, 7.886735169264612e-001, 6.964039412044000e-001, 1.676454368918388e-001, 3.060084388879041e-001
 1.950000000000000e+000,-4.834946534463014e-001, 2.130022531070772e-001,-3.490827541975904e-001,-2.016426071939015e-002,-2.132399736453245e-002, 2.123335427894207e-001, 8.066279512377778e-001, 6.989440399748387e-001, 1.616325766641502e-001, 3.092789347338413e-001
 1.960000000000000e+000,-4.845228491267815e-001, 2.158667162506283e-001,-3.490748473253330e-001,-1.279115435677558e-002,-2.549041979272159e-002, 2.155154378339233e-001, 8.244331194105604e-001, 7.014166392622150e-001, 1.559756205943181e-001, 3.126448739140133e-001
 1.970000000000000e+000,-4.855529498493576e-001, 2.187079027885985e-001,-3.490672052162095e-001,-5.734925468423358e-003,-2.954881053569037e-002, 2.187798520122362e-001, 8.420627879723226e-001, 7.037111521328289e-001, 1.506362345089298e-001, 3.160232325058140e-001
 1.980000000000000e+000,-4.865502466873097e-001, 2.215269380012306e-001,-3.490598714821065e-001, 9.670275511037829e-004,-3.352835434187547e-002, 2.221289861177461e-001, 8.594887868202047e-001, 7.057009363680317e-001, 1.455390293831034e-001, 3.193184766062436e-001
 1.990000000000000e+000,-4.874724585059212e-001, 2.243143962866085e-001,-3.490528910242269e-001, 7.283996663613568e-003,-3.745496845449383e-002, 2.255565964300091e-001, 8.766722111952688e-001, 7.072785922481498e-001, 1.405901845907311e-001, 3.224505658343342e-001
 2.000000000000000e+000,-4.882768606733047e-001, 2.270537909176700e-001,-3.490463034888409e-001, 1.319017732542882e-002,-4.135070417226005e-002, 2.290514186923919e-001, 8.935539057600921e-001, 7.083923397838303e-001, 1.357093315540510e-001, 3.253878720089778e-001
 2.010000000000000e+000,-4.889297966862574e-001, 2.297280522940546e-001,-3.490401422400234e-001, 1.865945724364893e-002,-4.523293599020452e-002, 2.326012365714454e-001, 9.100562347431477e-001, 7.090500836047808e-001, 1.308436797257297e-001, 3.281409185444529e-001
 2.020000000000000e+000,-4.894028649732874e-001, 2.323308692496642e-001,-3.490344314220393e-001, 2.366491559380668e-002,-4.911879152583474e-002, 2.361931172350735e-001, 9.260903670320004e-001, 7.093059773388566e-001, 1.259461132982729e-001, 3.307266047729005e-001
 2.030000000000000e+000,-4.896847514884893e-001, 2.348764702668971e-001,-3.490291888853710e-001, 2.817582366490856e-002,-5.301740506956305e-002, 2.398161846521643e-001, 9.415628118684554e-001, 7.092383768024099e-001, 1.209624584297442e-001, 3.331416368816359e-001
 2.040000000000000e+000,-4.897756903414344e-001, 2.374093512491675e-001,-3.490244270954997e-001, 3.215900685980566e-002,-5.693116840742007e-002, 2.434600695867553e-001, 9.563715096322425e-001, 7.089589477237677e-001, 1.158381654195768e-001, 3.353741889540731e-001
 2.050000000000000e+000,-4.896884307532516e-001, 2.400051017970633e-001,-3.490201514928515e-001, 3.557618445725841e-002,-6.085469115136329e-002, 2.471140531118186e-001, 9.704027502405145e-001, 7.086184684334514e-001, 1.105504883687112e-001, 3.374246731419087e-001
 2.060000000000000e+000,-4.894456961275228e-001, 2.427569850907818e-001,-3.490163589796230e-001, 3.838299111793297e-002,-6.477592439841365e-002, 2.507623776779419e-001, 9.835342743251472e-001, 7.083919122188173e-001, 1.051231843132112e-001, 3.393143970348169e-001
 2.070000000000000e+000,-4.890752500147715e-001, 2.457448928609842e-001,-3.490130385024035e-001, 4.053350234366993e-002,-6.867745372127564e-002, 2.543740976787985e-001, 9.956418475517135e-001, 7.084402322445081e-001, 9.960722739421479e-002, 3.410833798351310e-001
 2.080000000000000e+000,-4.886142258973049e-001, 2.489882567991741e-001,-3.490101695251803e-001, 4.198749563266113e-002,-7.253175287388781e-002, 2.578916013456271e-001, 1.006603322367877e+000, 7.088682669707246e-001, 9.406490636032006e-002, 3.427880772944921e-001
 2.090000000000000e+000,-4.880974582718268e-001, 2.523975003308501e-001,-3.490077182340264e-001, 4.272538918741997e-002,-7.630617671546086e-002, 2.612150003934755e-001, 1.016296510297270e+000, 7.097165302166679e-001, 8.856754810816714e-002, 3.445014808032582e-001
 2.100000000000000e+000,-4.875619200553441e-001, 2.557474772501016e-001,-3.490056431486869e-001, 4.275479480730016e-002,-7.995820117530077e-002, 2.641982976006211e-001, 1.024600999153111e+000, 7.109611547553207e-001, 8.321114828584952e-002, 3.462947242601209e-001
 2.110000000000000e+000,-4.870423828525977e-001, 2.587025928031101e-001,-3.490039067234247e-001, 4.210727647253765e-002,-8.343688144218937e-002, 2.666593210298453e-001, 1.031402757140815e+000, 7.125321876697046e-001, 7.811589541974717e-002, 3.482133312992760e-001
 2.120000000000000e+000,-4.865686069207100e-001, 2.608903724205733e-001,-3.490024906271823e-001, 4.082142597017624e-002,-8.668608454451325e-002, 2.684043792507543e-001, 1.036598953489629e+000, 7.143362298684600e-001, 7.341200603239062e-002, 3.502675184086547e-001
 2.130000000000000e+000,-4.861642802620648e-001, 2.619856739595829e-001,-3.490014083594728e-001, 3.892301559334510e-002,-8.964895471786992e-002, 2.692557597092314e-001, 1.040099589804226e+000, 7.162811067521151e-001, 6.922205415835880e-002, 3.524399703326835e-001
 2.140000000000000e+000,-4.858484634324784e-001, 2.617677341917282e-001,-3.490007097501548e-001, 3.641311928549151e-002,-9.227133898169496e-002, 2.690722079378199e-001, 1.041827000336770e+000, 7.182961880800416e-001, 6.565209413184969e-002, 3.546981075484533e-001
 2.150000000000000e+000,-4.856382502618356e-001, 2.601413849764729e-001,-3.490004742751459e-001, 3.326806432568574e-002,-9.450396535568074e-002, 2.677598819406734e-001, 1.041713759252883e+000, 7.203376501161765e-001, 6.279276494075936e-002, 3.570039394413428e-001
 2.160000000000000e+000,-4.855496767585538e-001, 2.571335247843170e-001,-3.490007930725529e-001, 2.945066249660067e-002,-9.630368297165247e-002, 2.652751309154476e-001, 1.039697628377752e+000, 7.223841991260065e-001, 6.072245628376582e-002, 3.593218194275372e-001
 2.170000000000000e+000,-4.855958090198604e-001, 2.528758921891012e-001,-3.490017457382547e-001, 2.492843028033476e-002,-9.763286471251186e-002, 2.616212880092762e-001, 1.035715441357070e+000, 7.244355523772861e-001, 5.950893109138544e-002, 3.616233413233896e-001
 2.180000000000000e+000,-4.857833918533084e-001, 2.475805037700498e-001,-3.490033830397357e-001, 1.969125017034257e-002,-9.845759339368894e-002, 2.568423382564758e-001, 1.029701462194563e+000, 7.265073301000126e-001, 5.920800060023779e-002, 3.638855638715351e-001
 2.190000000000000e+000,-4.861072747335738e-001, 2.415140556445092e-001,-3.490057222826976e-001, 1.376429597519113e-002,-9.874768866599407e-002, 2.510163547209376e-001, 1.021592823120108e+000, 7.286195325866788e-001, 5.985130844032982e-002, 3.660795731323850e-001
 2.200000000000000e+000,-4.865404763761232e-001, 2.349771017379037e-001,-3.490087503326304e-001, 7.215650011503705e-003,-9.848069093153457e-002, 2.442506541945194e-001, 1.011340251095581e+000, 7.307936334765623e-001, 6.142364147373924e-002, 3.681547350992229e-001
 2.210000000000000e+000,-4.870242421467358e-001, 2.282849429758251e-001,-3.490124261152404e-001, 1.550589334387009e-004,-9.764873232071092e-002, 2.366795380975813e-001, 9.989234338120654e-001, 7.330573426218763e-001, 6.384517116773791e-002, 3.700314469203709e-001
 2.220000000000000e+000,-4.874699728819915e-001, 2.217395294980462e-001,-3.490166817772348e-001,-7.277014531953174e-003,-9.626492702111633e-002, 2.284632108745875e-001, 9.843703525366038e-001, 7.354381769668751e-001, 6.696584779151782e-002, 3.716056849630696e-001
 2.230000000000000e+000,-4.877781563876038e-001, 2.155919538141056e-001,-3.490214243776394e-001,-1.492219893386348e-002,-9.436710338911235e-002, 2.197839781153760e-001, 9.677744172326852e-001, 7.379448354691099e-001, 7.056506966464915e-002, 3.727574488280927e-001
 2.240000000000000e+000,-4.878626645249677e-001, 2.100106180370567e-001,-3.490265414278190e-001,-2.261436054053645e-002,-9.201838519933484e-002, 2.108366270997958e-001, 9.493023937873288e-001, 7.405563455642917e-001, 7.435781157805765e-002, 3.733678590491408e-001
 2.250000000000000e+000,-4.876668795305054e-001, 2.050684947771293e-001,-3.490319175465484e-001,-3.019242928929566e-002,-8.930156216353696e-002, 2.018141815293985e-001, 9.291915147399454e-001, 7.432375139510643e-001, 7.802450963131324e-002, 3.733575233703273e-001
 2.260000000000000e+000,-4.871700389125403e-001, 2.007513267614183e-001,-3.490374598460418e-001,-3.751878477647308e-002,-8.630460116710824e-002, 1.928935881649261e-001, 9.077370579159795e-001, 7.459797442835241e-001, 8.127113582003753e-002, 3.727334980284895e-001
 2.270000000000000e+000,-4.863856409318305e-001, 1.969815304492932e-001,-3.490431173892863e-001,-4.449710291847464e-002,-8.310264828493411e-002, 1.842253578007934e-001, 8.852736180720321e-001, 7.488389875985320e-001, 8.389169736468838e-002, 3.716102982351937e-001
 2.280000000000000e+000,-4.853512963880988e-001, 1.936500174191929e-001,-3.490488855820138e-001,-5.108291467884141e-002,-7.974600904518298e-002, 1.759291913027620e-001, 8.621559463275048e-001, 7.519398062469233e-001, 8.580087678918336e-002, 3.701846512821504e-001
 2.290000000000000e+000,-4.841130964417688e-001, 1.906477505966735e-001,-3.490547958410169e-001,-5.728566221584042e-002,-7.625841782205334e-002, 1.680960439665165e-001, 8.387423832037966e-001, 7.554416032200545e-001, 8.703916431344094e-002, 3.686771680402130e-001
 2.300000000000000e+000,-4.827122288116855e-001, 1.878889833344317e-001,-3.490608966193868e-001,-6.316435816137545e-002,-7.264369711704487e-002, 1.607948004326939e-001, 8.153794249757272e-001, 7.594806043264291e-001, 8.776808016171578e-002, 3.672729598711217e-001
 2.310000000000000e+000,-4.811792798098877e-001, 1.853198085968741e-001,-3.490672373949196e-001,-6.881884760833956e-002,-6.889648106771482e-002, 1.540795112508902e-001, 7.923883690900294e-001, 7.641066055540478e-001, 8.825367384633931e-002, 3.660812528719976e-001
 2.320000000000000e+000,-4.795356224624366e-001, 1.829121664736038e-001,-3.490738641586121e-001,-7.437755253526635e-002,-6.501262318361530e-002, 1.479936277549451e-001, 7.700577074555377e-001, 7.692386800925113e-001, 8.882903115262275e-002, 3.651158288959335e-001
 2.330000000000000e+000,-4.778000242878170e-001, 1.806508478777966e-001,-3.490808255275105e-001,-7.998259804820096e-002,-6.099568767028854e-002, 1.425709936295750e-001, 7.486411038594696e-001, 7.746529559967520e-001, 8.983986794895338e-002, 3.642959013362446e-001
 2.340000000000000e+000,-4.759889500021589e-001, 1.785224679030266e-001,-3.490881745250820e-001,-8.577186122106162e-002,-5.686337256442092e-002, 1.378340578859874e-001, 7.283545954343976e-001, 7.800053372950434e-001, 9.157912659448408e-002, 3.634722431070139e-001
 2.350000000000000e+000,-4.741317737700828e-001, 1.765069133080288e-001,-3.490959730212065e-001,-9.186720498757728e-002,-5.264338138908551e-002, 1.337938652061693e-001, 7.093735154790388e-001, 7.848637888834833e-001, 9.423760241225754e-002, 3.624713094962877e-001
 2.360000000000000e+000,-4.722659273989126e-001, 1.745732879043185e-001,-3.491042824870183e-001,-9.836469771848555e-002,-4.837459811921913e-002, 1.304471066897754e-001, 6.918264020132793e-001, 7.887748444901457e-001, 9.787218072162740e-002, 3.611447310892632e-001
 2.370000000000000e+000,-4.704352244107084e-001, 1.726798867272492e-001,-3.491131582724585e-001,-1.053321885938616e-001,-4.410225211535227e-002, 1.277743472947678e-001, 6.757919533080440e-001, 7.913379983320136e-001, 1.024101903970869e-001, 3.593938169263012e-001
 2.380000000000000e+000,-4.686834946028559e-001, 1.707797612099731e-001,-3.491226380514338e-001,-1.128075156814570e-001,-3.987371599010484e-002, 1.257393481378059e-001, 6.612946946595587e-001, 7.922728057023752e-001, 1.076759702401027e-001, 3.571732782632248e-001
 2.390000000000000e+000,-4.670499342728365e-001, 1.688271822038900e-001,-3.491327285697034e-001,-1.207956877212393e-001,-3.573415013161835e-002, 1.242913567043400e-001, 6.483000019146977e-001, 7.914649461485346e-001, 1.134289565211302e-001, 3.544936841225023e-001
 2.400000000000000e+000,-4.655663076663031e-001, 1.667815916756696e-001,-3.491433944524731e-001,-1.292664003578159e-001,-3.172257604001059e-002, 1.233698399535090e-001, 6.367134958138244e-001, 7.889891568725681e-001, 1.194039988906532e-001, 3.514238749570251e-001
 2.410000000000000e+000,-4.642644466202704e-001, 1.646098068243560e-001,-3.491545601310363e-001,-1.381571891466491e-001,-2.786685687124069e-002, 1.229101290772652e-001, 6.263897688575142e-001, 7.850843632843563e-001, 1.253520647350312e-001, 3.480776278127695e-001
 2.420000000000000e+000,-4.631675948758890e-001, 1.622923977199902e-001,-3.491660928260085e-001,-1.473756988176111e-001,-2.418962813972678e-002, 1.228462535669021e-001, 6.171453206061300e-001, 7.800977752665805e-001, 1.310606741315481e-001, 3.445829121605515e-001
 2.430000000000000e+000,-4.622987799470544e-001, 1.598272623682375e-001,-3.491778164772773e-001,-1.568095271380794e-001,-2.070709388223039e-002, 1.231138737184115e-001, 6.087804245797740e-001, 7.744109919389702e-001, 1.363682222038212e-001, 3.410366216238356e-001
 2.440000000000000e+000,-4.616767588268669e-001, 1.572308718333173e-001,-3.491895275794446e-001,-1.663334905238747e-001,-1.742708700734494e-002, 1.236512975782085e-001, 6.010904659598211e-001, 7.684150289400835e-001, 1.411761364265312e-001, 3.374947337966784e-001
 2.450000000000000e+000,-4.613109294946602e-001, 1.545352916542122e-001,-3.492010214909521e-001,-1.758169782776895e-001,-1.434434461976729e-002, 1.243997182648784e-001, 5.938669604970790e-001, 7.625048546784565e-001, 1.454647503085818e-001, 3.340030416234471e-001
 2.460000000000000e+000,-4.611976073688097e-001, 1.517836695408483e-001,-3.492121147363230e-001,-1.851330107557829e-001,-1.144117974412513e-002, 1.253025545089264e-001, 5.869042228878163e-001, 7.570414775517305e-001, 1.492932173651969e-001, 3.306165728540587e-001
 2.470000000000000e+000,-4.613203830157415e-001, 1.490255636285340e-001,-3.492226590370959e-001,-1.941684540495832e-001,-8.692103915017853e-003, 1.263050676874528e-001, 5.800148061688711e-001, 7.522949275338414e-001, 1.527814667706418e-001, 3.273933978969144e-001
 2.480000000000000e+000,-4.616523618257992e-001, 1.463114637381382e-001,-3.492325527906665e-001,-2.028317741783925e-001,-6.066362752812346e-003, 1.273550989177672e-001, 5.730429059794885e-001, 7.484146394082136e-001, 1.560798957440250e-001, 3.243914729460810e-001
 2.490000000000000e+000,-4.621586824433782e-001, 1.436864425895268e-001,-3.492417504253657e-001,-2.110577171971888e-001,-3.530044536631889e-003, 1.284044743866800e-001, 5.658749801250961e-001, 7.454305079261139e-001, 1.593316873267408e-001, 3.216634432942893e-001
 2.500000000000000e+000,-4.627991339004254e-001, 1.411847767669394e-001,-3.492502627306189e-001,-2.188105406007361e-001,-1.051243297798187e-003, 1.294104056860610e-001, 5.584492311914884e-001, 7.432704600162048e-001, 1.626440353922036e-001, 3.192299460920299e-001
 2.510000000000000e+000,-4.635303331184366e-001, 1.388264827527095e-001,-3.492581459326992e-001,-2.260848547321588e-001, 1.394731444014747e-003, 1.303361275410214e-001, 5.507589446057256e-001, 7.417902689616310e-001, 1.660779044281449e-001, 3.170498945558651e-001
 2.520000000000000e+000,-4.643087080944955e-001, 1.366147277098844e-001,-3.492654831473331e-001,-2.329016796318553e-001, 3.823533660826014e-003, 1.311507696329667e-001, 5.428472779196698e-001, 7.408095000561707e-001, 1.696487915359015e-001, 3.150268354285785e-001
 2.530000000000000e+000,-4.650957664374362e-001, 1.345340866444291e-001,-3.492723628230424e-001,-2.393008751500863e-001, 6.241485209609831e-003, 1.318290155536493e-001, 5.347971564569428e-001, 7.401392413171560e-001, 1.733321027115786e-001, 3.130529622649061e-001
 2.540000000000000e+000,-4.658643575632530e-001, 1.325509035503283e-001,-3.492788624706636e-001,-2.453341229439161e-001, 8.644917930923190e-003, 1.323502649769460e-001, 5.267203139893066e-001, 7.395906394763330e-001, 1.770715045929436e-001, 3.110537811598512e-001
 2.550000000000000e+000,-4.666031102935064e-001, 1.306168059689603e-001,-3.492850442890979e-001,-2.510594713137087e-001, 1.102114264594594e-002, 1.326978059703373e-001, 5.187466730807151e-001, 7.389804825575754e-001, 1.807887401176502e-001, 3.090037755245168e-001
 2.560000000000000e+000,-4.673172359772393e-001, 1.286752732073806e-001,-3.492909577905690e-001,-2.565354522988006e-001, 1.335235425921026e-002, 1.328594785950361e-001, 5.110142759774548e-001, 7.381570978402678e-001, 1.843962494949298e-001, 3.069136678524308e-001
 2.570000000000000e+000,-4.680263916250775e-001, 1.266692416418538e-001,-3.492966401727726e-001,-2.618155418851478e-001, 1.561992015323297e-002, 1.328291960518325e-001, 5.036608829966954e-001, 7.370270050171287e-001, 1.878106574740492e-001, 3.048115075888724e-001
 2.580000000000000e+000,-4.687611422863106e-001, 1.245480666681038e-001,-3.493021138066721e-001,-2.669458341626096e-001, 1.780624836554583e-002, 1.326073871126105e-001, 4.968182709546354e-001, 7.355473575259394e-001, 1.909617401991610e-001, 3.027294080839103e-001
 2.590000000000000e+000,-4.695578875859925e-001, 1.222735381883626e-001,-3.493073868166197e-001,-2.719657641469688e-001, 1.989503844147784e-002, 1.322004873911604e-001, 4.906084995329340e-001, 7.336964854443026e-001, 1.937958775302848e-001, 3.006930851237983e-001
 2.600000000000000e+000,-4.704520377052535e-001, 1.198243808985506e-001,-3.493124569332192e-001,-2.769086617615315e-001, 2.187173634364714e-002, 1.316208563889721e-001, 4.851397369150311e-001, 7.314588526751227e-001, 1.962768026016728e-001, 2.987158282920558e-001
 2.610000000000000e+000,-4.714708403419710e-001, 1.171988702905473e-001,-3.493173125722735e-001,-2.818000107032088e-001, 2.372381718885275e-002, 1.308867003956837e-001, 4.804998050006942e-001, 7.288278014974370e-001, 1.983880519795940e-001, 2.967984058191860e-001
 2.620000000000000e+000,-4.726279662410051e-001, 1.144150945504634e-001,-3.493219312162273e-001,-2.866546501403280e-001, 2.544058667157900e-002, 1.300204455929248e-001, 4.767489971008680e-001, 7.258066534442819e-001, 2.001368179277860e-001, 2.949357399661642e-001
 2.630000000000000e+000,-4.739223416778683e-001, 1.115070874078366e-001,-3.493262818174634e-001,-2.914761821558614e-001, 2.701314002928869e-002, 1.290456095174757e-001, 4.739161037090921e-001, 7.224038777863734e-001, 2.015512224733236e-001, 2.931301541254782e-001
 2.640000000000000e+000,-4.753417152864617e-001, 1.085165967104491e-001,-3.493303334753212e-001,-2.962597848437181e-001, 2.843463772779096e-002, 1.279833240513890e-001, 4.719992309970060e-001, 7.186323435573278e-001, 2.026687367569466e-001, 2.913989891639711e-001
 2.650000000000000e+000,-4.768675221995103e-001, 1.054844460893050e-001,-3.493340659529367e-001,-3.009957146546627e-001, 2.970094085663881e-002, 1.268490476888570e-001, 4.709687635520383e-001, 7.145145886364781e-001, 2.035260066655433e-001, 2.897697740748442e-001
 2.660000000000000e+000,-4.784783615779731e-001, 1.024459643036484e-001,-3.493374750148363e-001,-3.056702950692023e-001, 3.081179582267778e-002, 1.256501954668968e-001, 4.707692209013828e-001, 7.100888760144016e-001, 2.041582636002948e-001, 2.882729087973330e-001
 2.670000000000000e+000,-4.801528477189179e-001, 9.943069501836765e-002,-3.493405683969590e-001,-3.102638181161024e-001, 3.177257866284269e-002, 1.243865430554461e-001, 4.713202229691489e-001, 7.054162758562467e-001, 2.046035585878774e-001, 2.869339733402558e-001
 2.680000000000000e+000,-4.818719837021774e-001, 9.646336725060789e-002,-3.493433564065802e-001,-3.147465383617525e-001, 3.259519235741602e-002, 1.230549231969574e-001, 4.725186174726345e-001, 7.005818485156619e-001, 2.049034909807168e-001, 2.857647446324900e-001
 2.690000000000000e+000,-4.836185600117143e-001, 9.356424356942306e-002,-3.493458436181987e-001,-3.190741640844681e-001, 3.329615466783539e-002, 1.216576546466195e-001, 4.742423348227059e-001, 6.956796838906025e-001, 2.051010828494913e-001, 2.847641323798296e-001
 2.700000000000000e+000,-4.853721878249039e-001, 9.075011029393187e-002,-3.493480230782373e-001,-3.231845808789342e-001, 3.389307632385180e-002, 1.202119461437138e-001, 4.763562978669842e-001, 6.907958448804814e-001, 2.052406835052840e-001, 2.839294667609015e-001
 2.710000000000000e+000,-4.871029711560820e-001, 8.803861800934554e-002,-3.493498726771914e-001,-3.269977983698515e-001, 3.440274311670494e-002, 1.187565005506384e-001, 4.787210079671324e-001, 6.860096681211448e-001, 2.053676078491098e-001, 2.832623324090908e-001
 2.720000000000000e+000,-4.887675879256017e-001, 8.545644928360963e-002,-3.493513580352434e-001,-3.304208690567403e-001, 3.484134634570139e-002, 1.173525157840409e-001, 4.812022339940537e-001, 6.814069660222810e-001, 2.055227208961870e-001, 2.827608739088292e-001
 2.730000000000000e+000,-4.903088672812327e-001, 8.304731683534961e-002,-3.493524457914107e-001,-3.333579301939287e-001, 3.522454313146856e-002, 1.160786138877439e-001, 4.836787372977412e-001, 6.770837750560762e-001, 2.057336965622489e-001, 2.824089735862468e-001
 2.740000000000000e+000,-4.916594661174397e-001, 8.087448658865881e-002,-3.493531197094500e-001,-3.357220925011233e-001, 3.556565897695133e-002, 1.150212495848736e-001, 4.860463188419589e-001, 6.731339956089193e-001, 2.060101981780100e-001, 2.821761199514844e-001
 2.750000000000000e+000,-4.927494366197465e-001, 7.901656344602648e-002,-3.493533885143987e-001,-3.374448100026388e-001, 3.587300489611944e-002, 1.142627577415199e-001, 4.882183135461655e-001, 6.696337344447110e-001, 2.063502041937728e-001, 2.820256999528030e-001
 2.760000000000000e+000,-4.935151429586543e-001, 7.755934221302541e-002,-3.493532845444390e-001,-3.384807609244132e-001, 3.614881654959922e-002, 1.138690810333453e-001, 4.901241281025393e-001, 6.666346092248099e-001, 2.067552475979535e-001, 2.819205721490864e-001
 2.770000000000000e+000,-4.939070560585318e-001, 7.658654805419052e-002,-3.493528577265808e-001,-3.388080418193371e-001, 3.639126297474368e-002, 1.138797994158867e-001, 4.917081824949341e-001, 6.641635796500642e-001, 2.072417742025148e-001, 2.818244856340599e-001
 2.780000000000000e+000,-4.938953319881792e-001, 7.617093777018669e-002,-3.493521667067549e-001,-3.384240509317131e-001, 3.659837635156679e-002, 1.143033089059643e-001, 4.929304624150450e-001, 6.622228538048326e-001, 2.078419583823123e-001, 2.817062024441178e-001
 2.790000000000000e+000,-4.934724247091883e-001, 7.636693594595889e-002,-3.493512681450203e-001,-3.373382211003890e-001, 3.677142685529304e-002, 1.151179400204366e-001, 4.937684468816436e-001, 6.607910949606756e-001, 2.086014272908241e-001, 2.815465254758350e-001
 2.800000000000000e+000,-4.926523637935782e-001, 7.720568144723350e-002,-3.493502066254468e-001,-3.355640363207728e-001, 3.691670589931179e-002, 1.162766676784023e-001, 4.942203592373893e-001, 6.598280010040293e-001, 2.095790297681321e-001, 2.813378858481586e-001
 2.810000000000000e+000,-4.914680679607801e-001, 7.869293599062543e-002,-3.493490074713637e-001,-3.331144744063286e-001, 3.704619366286618e-002, 1.177117686879479e-001, 4.943103452377375e-001, 6.592819235267018e-001, 2.108449414833149e-001, 2.810718300598010e-001
 2.820000000000000e+000,-4.899692382128544e-001, 8.081005107311223e-002,-3.493476753798337e-001,-3.300049123668385e-001, 3.717692150710640e-002, 1.193379920228520e-001, 4.940962054233637e-001, 6.590987660072131e-001, 2.124758790919383e-001, 2.807269914628579e-001
 2.830000000000000e+000,-4.882210381213279e-001, 8.351748138434267e-002,-3.493462018260670e-001,-3.262633932586758e-001, 3.732835540640143e-002, 1.210572843268840e-001, 4.936798430140953e-001, 6.592231953144064e-001, 2.145456981987330e-001, 2.802705426545873e-001
 2.840000000000000e+000,-4.863006943824097e-001, 8.675879655980201e-002,-3.493445787636978e-001,-3.219433879575206e-001, 3.751735013619907e-002, 1.227694476259185e-001, 4.932182828654745e-001, 6.595847684985390e-001, 2.171081793422389e-001, 2.796721642206625e-001
 2.850000000000000e+000,-4.842905543440031e-001, 9.046359630754508e-002,-3.493428168815927e-001,-3.171312799654893e-001, 3.775156307090465e-002, 1.243889557505541e-001, 4.929275460297009e-001, 6.600837659231323e-001, 2.201784841155741e-001, 2.789244383474415e-001
 2.860000000000000e+000,-4.822661170205852e-001, 9.454731684120610e-002,-3.493409178902472e-001,-3.119511488283675e-001, 3.801707867012595e-002, 1.258589271019754e-001, 4.930798352551304e-001, 6.605679000845970e-001, 2.237194401770748e-001, 2.780449540817443e-001
 2.870000000000000e+000,-4.802939386218322e-001, 9.892164863483210e-002,-3.493389102395237e-001,-3.065465231953732e-001, 3.828037246109908e-002, 1.271662460186118e-001, 4.939738523529708e-001, 6.608757268383810e-001, 2.276372217018923e-001, 2.770852959128745e-001
 2.880000000000000e+000,-4.784292259435724e-001, 1.035028115189081e-001,-3.493368131438209e-001,-3.010691358025410e-001, 3.848572349243981e-002, 1.283436087006050e-001, 4.959085464000880e-001, 6.608499954648942e-001, 2.317837311626743e-001, 2.761103011833096e-001
 2.890000000000000e+000,-4.767203278345445e-001, 1.082226300721965e-001,-3.493346347556603e-001,-2.956584338010786e-001, 3.856357313132031e-002, 1.294673285663860e-001, 4.991489145105890e-001, 6.603811032749953e-001, 2.359744566380870e-001, 2.751885685557920e-001
 2.900000000000000e+000,-4.752118770471497e-001, 1.130319825710013e-001,-3.493323598380832e-001,-2.904232711422334e-001, 3.844060081708450e-002, 1.306461567490095e-001, 5.038977005959763e-001, 6.594357211568884e-001, 2.400106397313462e-001, 2.743864439878080e-001
 2.910000000000000e+000,-4.739455395797048e-001, 1.178945841549330e-001,-3.493299360910591e-001,-2.854278609118508e-001, 3.804897902429071e-002, 1.320031169134590e-001, 5.102754272034183e-001, 6.580605961917454e-001, 2.436954233400905e-001, 2.737695162097631e-001
 2.920000000000000e+000,-4.729586619481228e-001, 1.227763368548627e-001,-3.493272657415576e-001,-2.806846050988914e-001, 3.733243508982683e-002, 1.336558593626219e-001, 5.183096777292714e-001, 6.563651811876627e-001, 2.468472503989934e-001, 2.734065030231636e-001
 2.930000000000000e+000,-4.722816837055691e-001, 1.276383137572315e-001,-3.493242097744587e-001,-2.761563997499359e-001, 3.624987845525247e-002, 1.357007460386943e-001, 5.279361920973231e-001, 6.544900906343730e-001, 2.493165662838830e-001, 2.733673131101509e-001
 2.940000000000000e+000,-4.719350433101312e-001, 1.324363467559000e-001,-3.493206106531734e-001,-2.717694612782986e-001, 3.477953353212956e-002, 1.382028014333422e-001, 5.390150019141129e-001, 6.525731267600643e-001, 2.510046042860192e-001, 2.737109834539565e-001
 2.950000000000000e+000,-4.719259012664513e-001, 1.371262406416296e-001,-3.493163284455159e-001,-2.674313778910906e-001, 3.292413303074029e-002, 1.411925644600272e-001, 5.513566925828406e-001, 6.507305459109423e-001, 2.518764937479407e-001, 2.744649374040492e-001
 2.960000000000000e+000,-4.722454828926885e-001, 1.416722457675581e-001,-3.493112730628418e-001,-2.630463855204239e-001, 3.071296288960384e-002, 1.446698086489090e-001, 5.647486790591046e-001, 6.490518976206992e-001, 2.519595940580177e-001, 2.756078844635421e-001
 2.970000000000000e+000,-4.728685109516580e-001, 1.460545015057924e-001,-3.493054203468356e-001,-2.585250979425862e-001, 2.819757031760035e-002, 1.486111130272017e-001, 5.789766602095391e-001, 6.475924638490958e-001, 2.513261622944527e-001, 2.770702980074586e-001
 2.980000000000000e+000,-4.737548457868754e-001, 1.502719913376232e-001,-3.492988130027720e-001,-2.537900936315896e-001, 2.544343702047589e-002, 1.529772006559002e-001, 5.938403048505335e-001, 6.463644403467392e-001, 2.500718404680062e-001, 2.787497507381235e-001
 2.990000000000000e+000,-4.748526055173790e-001, 1.543409849533453e-001,-3.492915494199471e-001,-2.487788419556467e-001, 2.252136111193169e-002, 1.577187522962394e-001, 6.091622942722383e-001, 6.453405258188927e-001, 2.483038900920047e-001, 2.805320630785629e-001
 3.000000000000000e+000,-4.761033847579338e-001, 1.582904139959385e-001,-3.492837637942879e-001,-2.434452157836886e-001, 1.950036230548649e-002, 1.627816889816221e-001, 6.247928989077543e-001, 6.444685092040972e-001, 2.461390249355953e-001, 2.823152984432903e-001
 3.010000000000000e+000,-4.774493628359848e-001, 1.621545795690043e-001,-3.492756075415971e-001,-2.377603386902467e-001, 1.644249140640324e-002, 1.681120271922855e-001, 6.406146497804309e-001, 6.436839328953203e-001, 2.436992836676417e-001, 2.840225143137485e-001
 3.020000000000000e+000,-4.788393132775133e-001, 1.659643046873540e-001,-3.492672348826048e-001,-2.317122921364332e-001, 1.339943341689256e-002, 1.736587460000222e-001, 6.565455366160403e-001, 6.429167298971378e-001, 2.411031509088204e-001, 2.855894900679781e-001
 3.030000000000000e+000,-4.802313256527967e-001, 1.697394525743250e-001,-3.492587859509551e-001,-2.253045268656264e-001, 1.041084384308933e-002, 1.793738428466782e-001, 6.725359241982205e-001, 6.420943233355564e-001, 2.384567879684605e-001, 2.869449029526736e-001
 3.040000000000000e+000,-4.815932519405999e-001, 1.734841596310590e-001,-3.492503709068389e-001,-2.185541943736316e-001, 7.504319833978111e-003, 1.852109958606653e-001, 6.885628693232051e-001, 6.411364553238865e-001, 2.358405342001775e-001, 2.880047582372435e-001
 3.050000000000000e+000,-4.829026025751175e-001, 1.771851732990033e-001,-3.492420633315274e-001,-2.114906413516562e-001, 4.697195104182843e-003, 1.911244254954123e-001, 7.046256275541603e-001, 6.399393866781185e-001, 2.332885802936100e-001, 2.886790878685970e-001
 3.060000000000000e+000,-4.841466809640279e-001, 1.808140744240419e-001,-3.492339035323555e-001,-2.041535379180623e-001, 2.000157449140535e-003, 1.970685921374587e-001, 7.207369681403043e-001, 6.383718451564734e-001, 2.307824652978194e-001, 2.888887280804212e-001
 3.070000000000000e+000,-4.853224712466710e-001, 1.843320601041838e-001,-3.492259077138212e-001,-1.965910792397612e-001,-5.781574997929328e-004, 2.029991797239306e-001, 7.369069922720558e-001, 6.363102782769469e-001, 2.282750723083777e-001, 2.885942616063143e-001
 3.080000000000000e+000,-4.864338292400171e-001, 1.876956477307001e-001,-3.492180764794453e-001,-1.888571310423521e-001,-3.026288975581266e-003, 2.088747705345465e-001, 7.531232392633824e-001, 6.337077755219231e-001, 2.257297735291102e-001, 2.878307790405418e-001
 3.090000000000000e+000,-4.874851036927640e-001, 1.908633946170664e-001,-3.492104008857174e-001,-1.810060983040116e-001,-5.326617735017140e-003, 2.146571010727137e-001, 7.693365854353483e-001, 6.306506078396751e-001, 2.231480857275985e-001, 2.867317054622766e-001
 3.100000000000000e+000,-4.884754874337779e-001, 1.938032916943198e-001,-3.492028680822404e-001,-1.730888626189842e-001,-7.456994327555188e-003, 2.203089551543871e-001, 7.854666483506020e-001, 6.273460317785797e-001, 2.205724043556496e-001, 2.855060061409036e-001
 3.110000000000000e+000,-4.894025405331438e-001, 1.964976920773813e-001,-3.491954670392075e-001,-1.651557314013070e-001,-9.395220639904806e-003, 2.257933071407905e-001, 8.014265960544468e-001, 6.240404849852499e-001, 2.180707070988006e-001, 2.843627585581956e-001
 3.120000000000000e+000,-4.902772111504247e-001, 1.989414090105197e-001,-3.491882002287565e-001,-1.572671147855558e-001,-1.112004324709167e-002, 2.310779905884638e-001, 8.171493521859120e-001, 6.209322371208240e-001, 2.157215875528846e-001, 2.834420232781055e-001
 3.130000000000000e+000,-4.911326246942725e-001, 2.011352847771819e-001,-3.491811007566918e-001,-1.495005210896170e-001,-1.261155061134315e-002, 2.361418708962806e-001, 8.326006094104462e-001, 6.181282993320814e-001, 2.136037271450073e-001, 2.827952391627996e-001
 3.140000000000000e+000,-4.920109264328397e-001, 2.030829557342659e-001,-3.491742359978932e-001,-1.419437729260531e-001,-1.385737546325072e-002, 2.409750650385335e-001, 8.477758510274753e-001, 6.156406912766806e-001, 2.117833379012557e-001, 2.824053778105875e-001
 3.150000000000000e+000,-4.929431760704618e-001, 2.047915158710860e-001,-3.491676883750174e-001,-1.346823124167251e-001,-1.485978737200638e-002, 2.455744599863717e-001, 8.626874003283489e-001, 6.134016355054147e-001, 2.103035916504563e-001, 2.822225296196554e-001
 3.160000000000000e+000,-4.939415169818160e-001, 2.062707568585309e-001,-3.491615316190155e-001,-1.277914916518186e-001,-1.563661650338667e-002, 2.499401222251729e-001, 8.773509248056606e-001, 6.112937805819966e-001, 2.091805601908994e-001, 2.821900542499286e-001
 3.170000000000000e+000,-4.950018183410635e-001, 2.075295645106070e-001,-3.491558245473906e-001,-1.213339332845218e-001,-1.621771334534547e-002, 2.540738026436119e-001, 8.917768913180182e-001, 6.091909779157059e-001, 2.084009066527419e-001, 2.822550035341327e-001
 3.180000000000000e+000,-4.961096779250123e-001, 2.085722607639680e-001,-3.491506223094148e-001,-1.153592789425029e-001,-1.664101491816461e-002, 2.579784941824847e-001, 9.059672465920543e-001, 6.069939878142677e-001, 2.079193034633595e-001, 2.823735678323009e-001
 3.190000000000000e+000,-4.972471413386108e-001, 2.093988688370816e-001,-3.491459816808456e-001,-1.099050818987690e-001,-1.694918151142775e-002, 2.616582339974863e-001, 9.199123216262063e-001, 6.046494806340627e-001, 2.076612074896400e-001, 2.825140644785420e-001
 3.200000000000000e+000,-4.983948650479270e-001, 2.100118562542912e-001,-3.491419411919766e-001,-1.049970180313180e-001,-1.718813862570352e-002, 2.651167924394523e-001, 9.335829261734387e-001, 6.021530723449731e-001, 2.075330658391423e-001, 2.826602805298184e-001
 3.210000000000000e+000,-4.995460428237189e-001, 2.104239017931258e-001,-3.491385124318976e-001,-1.006556960542790e-001,-1.739743792546476e-002, 2.683579141330915e-001, 9.469244673805113e-001, 5.995317201667736e-001, 2.074436760194351e-001, 2.828155197175767e-001
 3.220000000000000e+000,-5.006906739251281e-001, 2.106659519357137e-001,-3.491356560931754e-001,-9.689549122650254e-002,-1.761653675712145e-002, 2.713817333891935e-001, 9.598535517644662e-001, 5.968435747728190e-001, 2.073101639572330e-001, 2.830085062594275e-001
 3.230000000000000e+000,-5.018236640290777e-001, 2.107859371330130e-001,-3.491333158749480e-001,-9.373526904320051e-002,-1.787826767256344e-002, 2.741861501045016e-001, 9.722677225636278e-001, 5.941629096180671e-001, 2.070688942913086e-001, 2.832818204154943e-001
 3.240000000000000e+000,-5.029412280043558e-001, 2.108425426850928e-001,-3.491314478827557e-001,-9.120357019980330e-002,-1.820972522590551e-002, 2.767661341850893e-001, 9.840560391248352e-001, 5.915743526797295e-001, 2.066758100671049e-001, 2.836766462882061e-001
 3.250000000000000e+000,-5.040426961490357e-001, 2.108933783136793e-001,-3.491300382951972e-001,-8.933997498310564e-002,-1.863084053859492e-002, 2.791110212341667e-001, 9.951049687601268e-001, 5.891626206138848e-001, 2.061081243260534e-001, 2.842223066198517e-001
 3.260000000000000e+000,-5.051223383746931e-001, 2.109797533073885e-001,-3.491290894667156e-001,-8.818703540496187e-002,-1.915964124540735e-002, 2.811971308463787e-001, 1.005296236783409e+000, 5.870084821149040e-001, 2.053608117078509e-001, 2.849369576165778e-001
 3.270000000000000e+000,-5.061832039353453e-001, 2.111050640300800e-001,-3.491286090376656e-001,-8.778625049103650e-002,-1.980366022547127e-002, 2.829810928706223e-001, 1.014507225922091e+000, 5.851699928061751e-001, 2.044521341405354e-001, 2.858260658670357e-001
 3.280000000000000e+000,-5.072292094023735e-001, 2.112148158229055e-001,-3.491285923916581e-001,-8.816550854167682e-002,-2.056164659175352e-002, 2.843895552471833e-001, 1.022608250799834e+000, 5.836851859926935e-001, 2.034178892717029e-001, 2.868880641909761e-001
 3.290000000000000e+000,-5.082649455594070e-001, 2.111832700406309e-001,-3.491290164227220e-001,-8.933016518328563e-002,-2.141908530602825e-002, 2.853123165624872e-001, 1.029461514596594e+000, 5.825766011669525e-001, 2.023130463244471e-001, 2.881205013435693e-001
 3.300000000000000e+000,-5.092940626794293e-001, 2.108166548835087e-001,-3.491298358524159e-001,-9.125881466449348e-002,-2.234683639836923e-002, 2.856027591092795e-001, 1.034921661594060e+000, 5.818585098318729e-001, 2.012150752218533e-001, 2.895220677467202e-001
 3.310000000000000e+000,-5.103200037712223e-001, 2.098770537400598e-001,-3.491309853496982e-001,-9.390846534037389e-002,-2.330242586048628e-002, 2.850893720290746e-001, 1.038840269362212e+000, 5.815396533200912e-001, 2.002248517579943e-001, 2.910858436345182e-001
 3.320000000000000e+000,-5.113474228760886e-001, 2.081246589213337e-001,-3.491323910615777e-001,-9.722845423553705e-002,-2.423349350313404e-002, 2.835966676365004e-001, 1.041072724744566e+000, 5.816258794236786e-001, 1.994616768925428e-001, 2.927927414817301e-001
 3.330000000000000e+000,-5.123799964637072e-001, 2.053670600191369e-001,-3.491339911399022e-001,-1.011768764076113e-001,-2.508427178665494e-002, 2.809689990288069e-001, 1.041484770559004e+000, 5.821232906703364e-001, 1.990517598111223e-001, 2.946143023063389e-001
 3.340000000000000e+000,-5.134274581980195e-001, 2.014979521317108e-001,-3.491357654779086e-001,-1.057360149215103e-001,-2.579632964759585e-002, 2.770922234110871e-001, 1.039959724131749e+000, 5.830255282038980e-001, 1.991177429270592e-001, 2.965184929669796e-001
 3.350000000000000e+000,-5.144918958151599e-001, 1.965187310798280e-001,-3.491377444821736e-001,-1.109093015982803e-001,-2.632106020464375e-002, 2.719057988606105e-001, 1.036399652766650e+000, 5.843119982745214e-001, 1.997557967938615e-001, 2.984771789720622e-001
 3.360000000000000e+000,-5.155735413030254e-001, 1.905401403653892e-001,-3.491400086106948e-001,-1.167134105764141e-001,-2.661827853999631e-002, 2.654110637920253e-001, 1.030727102946017e+000, 5.859394641229585e-001, 2.010224971323755e-001, 3.004618576926888e-001
 3.370000000000000e+000,-5.166667201244023e-001, 1.837690376509966e-001,-3.491426683170613e-001,-1.231598546175443e-001,-2.665936846015839e-002, 2.576733646145445e-001, 1.022886218722379e+000, 5.878470315070499e-001, 2.029179805656465e-001, 3.024346667125278e-001
 3.380000000000000e+000,-5.177575554650141e-001, 1.764830693261013e-001,-3.491458399309661e-001,-1.302370676415099e-001,-2.642949093692933e-002, 2.488199429218440e-001, 1.012848216642134e+000, 5.899533683572545e-001, 2.053729220645297e-001, 3.043362845921276e-001
 3.390000000000000e+000,-5.188209140427176e-001, 1.689987323318025e-001,-3.491496231263387e-001,-1.378980196960040e-001,-2.593118057836823e-002, 2.390329980061163e-001, 1.000621678659839e+000, 5.921437502857998e-001, 2.082375011202633e-001, 3.060752305037047e-001
 3.400000000000000e+000,-5.198174787883161e-001, 1.616358073337321e-001,-3.491540890285896e-001,-1.460564215940918e-001,-2.518840440658829e-002, 2.285387176066913e-001, 9.862682610521003e-001, 5.942586970767811e-001, 2.112722895232519e-001, 3.075192107860089e-001
 3.410000000000000e+000,-5.206941087640441e-001, 1.546804757917379e-001,-3.491592822552775e-001,-1.545911188941727e-001,-2.424825995309585e-002, 2.175940608528362e-001, 9.699195165529387e-001, 5.961028110138716e-001, 2.141498351502054e-001, 3.084986611331241e-001
 3.420000000000000e+000,-5.213898916867263e-001, 1.483534494370944e-001,-3.491652261457749e-001,-1.633552493496708e-001,-2.317694382447373e-002, 2.064724636040105e-001, 9.517845103244004e-001, 5.974868677326859e-001, 2.164778120700757e-001, 3.088421440500206e-001
 3.430000000000000e+000,-5.218476788850153e-001, 1.427911590923494e-001,-3.491719206815748e-001,-1.721863793555745e-001,-2.204915968616833e-002, 1.954480946021485e-001, 9.321462264085079e-001, 5.982852778140894e-001, 2.178435542306618e-001, 3.084316102680432e-001
 3.440000000000000e+000,-5.220289374924723e-001, 1.380439139910721e-001,-3.491793326732048e-001,-1.809158481426973e-001,-2.093469512866077e-002, 1.847785845758480e-001, 9.113563820214516e-001, 5.984696380282496e-001, 2.178729127903036e-001, 3.072322273946415e-001
 3.450000000000000e+000,-5.219275529627693e-001, 1.340893937037158e-001,-3.491873812700910e-001,-1.893767926610441e-001,-1.988747569421168e-002, 1.746889874272256e-001, 8.898324269787455e-001, 5.981064101817816e-001, 2.162986264473297e-001, 3.052829033725612e-001
 3.460000000000000e+000,-5.215751990820854e-001, 1.308563255946569e-001,-3.491959270432422e-001,-1.974105738030532e-001,-1.894035564234911e-002, 1.653611309026402e-001, 8.680518895179288e-001, 5.973339382080261e-001, 2.130270253536863e-001, 3.026768220350128e-001
 3.470000000000000e+000,-5.210331213009101e-001, 1.282506138973139e-001,-3.492047761115759e-001,-2.048721332225396e-001,-1.810575889268754e-002, 1.569304199771869e-001, 8.465432294849180e-001, 5.963292441573108e-001, 2.081783313233623e-001, 2.995514111853576e-001
 3.480000000000000e+000,-5.203734202016138e-001, 1.261882883359518e-001,-3.492136384804996e-001,-2.116129056033353e-001,-1.739653460851135e-002, 1.495234594367410e-001, 8.259339188568191e-001, 5.952610402499744e-001, 2.020853891359098e-001, 2.961064628776802e-001
 3.490000000000000e+000,-5.196758213673091e-001, 1.245643376788681e-001,-3.492223152796526e-001,-2.175588427900874e-001,-1.677145128252724e-002, 1.431454480411732e-001, 8.067528829747980e-001, 5.942764249427437e-001, 1.952458341869827e-001, 2.925032257543536e-001
 3.500000000000000e+000,-5.189992993733098e-001, 1.232526523282667e-001,-3.492308813325754e-001,-2.228154774587217e-001,-1.614726463593179e-002, 1.376040940558043e-001, 7.889913522641721e-001, 5.934323679710200e-001, 1.880343011671051e-001, 2.887672959804974e-001
