Main.Studies.MarkerTracking.t,Main.Studies.MarkerTracking.JointAngleOutputs.OutputFile6.SternoClavicularProtraction,Main.Studies.MarkerTracking.JointAngleOutputs.OutputFile6.SternoClavicularElevation,Main.Studies.MarkerTracking.JointAngleOutputs.OutputFile6.SternoClavicularAxialRotation,Main.Studies.MarkerTracking.JointAngleOutputs.OutputFile6.GlenohumeralFlexion,Main.Studies.MarkerTracking.JointAngleOutputs.OutputFile6.GlenohumeralExternalRotation,Main.Studies.MarkerTracking.JointAngleOutputs.OutputFile6.GlenohumeralAbduction,Main.Studies.MarkerTracking.JointAngleOutputs.OutputFile6.ElbowFlexion,Main.Studies.MarkerTracking.JointAngleOutputs.OutputFile6.ElbowPronation,Main.Studies.MarkerTracking.JointAngleOutputs.OutputFile6.WristFlexion,Main.Studies.MarkerTracking.JointAngleOutputs.OutputFile6.WristAbduction
 1.540000000000000e+000,-6.709551445370441e-001, 3.508920928940809e-001,-3.489394905118830e-001, 3.217337457048521e-001,-1.626229878500463e-002, 2.845496142388582e-001, 8.618078746016545e-001, 5.646595218673899e-001, 8.258411694132728e-002, 2.150606173520370e-001
 1.550000000000000e+000,-6.708652984679573e-001, 3.494635805790762e-001,-3.489402610766013e-001, 3.181701681246818e-001,-1.834523081951941e-002, 2.810324114900460e-001, 8.659436756424672e-001, 5.728121276523081e-001, 7.695898627727527e-002, 2.177028174484652e-001
 1.560000000000000e+000,-6.706245870076389e-001, 3.477126064799387e-001,-3.489411959617191e-001, 3.139204538537415e-001,-2.032487464532593e-002, 2.770955765135288e-001, 8.699833914339802e-001, 5.806441920549020e-001, 7.119963314733924e-002, 2.204498355314686e-001
 1.570000000000000e+000,-6.701747352098753e-001, 3.454700239200075e-001,-3.489423562170489e-001, 3.086322433538300e-001,-2.210152914293870e-002, 2.725940150316392e-001, 8.737664436253937e-001, 5.878712176716884e-001, 6.534643323383604e-002, 2.233124919866427e-001
 1.580000000000000e+000,-6.694680563072353e-001, 3.426279688825429e-001,-3.489437357411670e-001, 3.020103119201458e-001,-2.357143971679560e-002, 2.674263877309247e-001, 8.770920212689422e-001, 5.941977662619220e-001, 5.954067862314783e-002, 2.262761812576040e-001
 1.590000000000000e+000,-6.684750783696708e-001, 3.391764224899099e-001,-3.489452936950708e-001, 2.939106858795584e-001,-2.466397827927504e-002, 2.615503962447591e-001, 8.797833633905854e-001, 5.994496280741315e-001, 5.395866886529821e-002, 2.293196199653537e-001
 1.600000000000000e+000,-6.671700564198940e-001, 3.351348860631920e-001,-3.489469904601751e-001, 2.842246743478500e-001,-2.531332152220953e-002, 2.549285186515991e-001, 8.816391241760155e-001, 6.034778040460873e-001, 4.880806825112427e-002, 2.324193385522684e-001
 1.610000000000000e+000,-6.655477279256267e-001, 3.305753272946896e-001,-3.489487755956956e-001, 2.729234851729485e-001,-2.547340038862450e-002, 2.475560074297266e-001, 8.824453604533113e-001, 6.061641453022415e-001, 4.433270403732337e-002, 2.355367946101018e-001
 1.620000000000000e+000,-6.636254837858494e-001, 3.256174561856686e-001,-3.489505867432973e-001, 2.600603981932630e-001,-2.512260390971913e-002, 2.394659039262044e-001, 8.819815826349573e-001, 6.074047676887141e-001, 4.079425871721609e-002, 2.386077054784650e-001
 1.630000000000000e+000,-6.614363219253076e-001, 3.204123606119969e-001,-3.489523589157779e-001, 2.457669045149435e-001,-2.426459115528955e-002, 2.307266617280895e-001, 8.800317320456814e-001, 6.071027417311937e-001, 3.843246492839225e-002, 2.415321067902616e-001
 1.640000000000000e+000,-6.590187453854984e-001, 3.151150066238644e-001,-3.489540413872793e-001, 2.302427785703751e-001,-2.292657824037994e-002, 2.214345981030379e-001, 8.763980162838783e-001, 6.051762628232960e-001, 3.742411465299611e-002, 2.441681864907569e-001
 1.650000000000000e+000,-6.564130711496943e-001, 3.098555771697458e-001,-3.489556087366624e-001, 2.137402003692919e-001,-2.115570408693892e-002, 2.117053979003757e-001, 8.709134218769393e-001, 6.015714587414335e-001, 3.786362323561998e-002, 2.463372998878167e-001
 1.660000000000000e+000,-6.536496825119516e-001, 3.047218936131200e-001,-3.489570893935939e-001, 1.965485133930409e-001,-1.902049374141755e-002, 2.016581544967595e-001, 8.634478901699950e-001, 5.962913533873941e-001, 3.975692890898075e-002, 2.478475394435896e-001
 1.670000000000000e+000,-6.507671364552442e-001, 2.997521232599150e-001,-3.489585451263214e-001, 1.789678590395631e-001,-1.659554592310105e-002, 1.914123288893062e-001, 8.539177955495316e-001, 5.893942713967711e-001, 4.304368595708485e-002, 2.485204794927393e-001
 1.680000000000000e+000,-6.478060569054078e-001, 2.949367695144372e-001,-3.489600930411442e-001, 1.612891102667609e-001,-1.395441609315319e-002, 1.810741818650504e-001, 8.422908728192277e-001, 5.810299420567217e-001, 4.760941421699672e-002, 2.482180813095100e-001
 1.690000000000000e+000,-6.448121313223970e-001, 2.902255254987651e-001,-3.489618925750921e-001, 1.437720101309770e-001,-1.115476754224551e-002, 1.707322481304230e-001, 8.285890961910825e-001, 5.714736406450172e-001, 5.330328730392142e-002, 2.468613757546662e-001
 1.700000000000000e+000,-6.418319480780993e-001, 2.855405811808871e-001,-3.489641246513280e-001, 1.266286370851160e-001,-8.228248417830477e-003, 1.604556428262238e-001, 8.128844498237198e-001, 5.611518833246256e-001, 5.994867469756038e-002, 2.444452534405828e-001
 1.710000000000000e+000,-6.389080534152626e-001, 2.807939959174437e-001,-3.489669627336293e-001, 1.100125127634166e-001,-5.178958811339388e-003, 1.502976916683692e-001, 7.952905507902777e-001, 5.506064441431479e-001, 6.735085267197460e-002, 2.410484812560759e-001
 1.720000000000000e+000,-6.360722238998202e-001, 2.759051965972832e-001,-3.489705418442074e-001, 9.401358965674111e-002,-1.992526666203411e-003, 1.403032047227993e-001, 7.759541343354305e-001, 5.403979555699655e-001, 7.531055071076453e-002, 2.368361438578893e-001
 1.730000000000000e+000,-6.333518399369460e-001, 2.708137918730331e-001,-3.489749250764780e-001, 7.865393239642460e-002, 1.354875025961701e-003, 1.305222651126850e-001, 7.550539191425100e-001, 5.309845069645182e-001, 8.365210041412974e-002, 2.320439225074603e-001
 1.740000000000000e+000,-6.307539392818051e-001, 2.654885201351984e-001,-3.489801108208382e-001, 6.389451642578270e-002, 4.877409381738063e-003, 1.210126264399272e-001, 7.328002973144100e-001, 5.226512208818853e-001, 9.223088857994521e-002, 2.269440812261469e-001
 1.750000000000000e+000,-6.282834428669643e-001, 2.599257537431401e-001,-3.489860449209866e-001, 4.964047362586732e-002, 8.573903455582997e-003, 1.118466063517382e-001, 7.094468827621331e-001, 5.154267218899140e-001, 1.009417287223362e-001, 2.217852236073722e-001
 1.760000000000000e+000,-6.259511250964093e-001, 2.541428297143731e-001,-3.489926548009800e-001, 3.575448526837555e-002, 1.242094200796193e-002, 1.031072903406248e-001, 6.852979453000342e-001, 5.090617029377540e-001, 1.097140782292438e-001, 2.167384466616122e-001
 1.770000000000000e+000,-6.237798125701460e-001, 2.481675004882680e-001,-3.489998823925436e-001, 2.207168934131154e-002, 1.637436051083236e-002, 9.488273168886136e-002, 6.607039494459051e-001, 5.031054494449097e-001, 1.185054922644153e-001, 2.118820730569544e-001
 1.780000000000000e+000,-6.218014784538601e-001, 2.420277163724549e-001,-3.490077046977912e-001, 8.415062207395074e-003, 2.037710652050008e-002, 8.725852450837758e-002, 6.360389318541513e-001, 4.970669017956582e-001, 1.272862350093835e-001, 2.072325981402858e-001
 1.790000000000000e+000,-6.200509042626340e-001, 2.357451566345967e-001,-3.490161311820010e-001,-5.390352023755707e-003, 2.436789540383407e-002, 8.030958807550448e-002, 6.116706756878996e-001, 4.905476271252969e-001, 1.360176002813023e-001, 2.027843103970467e-001
 1.800000000000000e+000,-6.185502998931356e-001, 2.293357170244721e-001,-3.490251866442032e-001,-1.950114611382436e-002, 2.828481352370428e-002, 7.409016301100260e-002, 5.879325489316541e-001, 4.832930657250664e-001, 1.446285610072784e-001, 1.985331131954719e-001
 1.810000000000000e+000,-6.173177449644924e-001, 2.228090519260029e-001,-3.490348796760815e-001,-3.404740912245896e-002, 3.206997298686173e-002, 6.863277758440582e-002, 5.651124829427811e-001, 4.751657400327450e-001, 1.530142220358037e-001, 1.944744980613766e-001
 1.820000000000000e+000,-6.163567048770776e-001, 2.161741052531609e-001,-3.490451856594863e-001,-4.912023841909097e-002, 3.567070660391486e-002, 6.394502234556646e-002, 5.434384495442214e-001, 4.661368020117582e-001, 1.610358612445726e-001, 1.906075329663379e-001
 1.830000000000000e+000,-6.156624051330901e-001, 2.094432180229706e-001,-3.490560360697610e-001,-6.476678811165137e-002, 3.904595003450286e-002, 6.001260394710405e-002, 5.230727697103025e-001, 4.562706310703558e-001, 1.685346272672028e-001, 1.869284776446843e-001
 1.840000000000000e+000,-6.152269670877623e-001, 2.026357024705323e-001,-3.490673248288934e-001,-8.098825452313663e-002, 4.217082546500067e-002, 5.680251384292216e-002, 5.041088869618835e-001, 4.457036815694568e-001, 1.753504176154310e-001, 1.834264088522000e-001
 1.850000000000000e+000,-6.150423206252015e-001, 1.957799850649635e-001,-3.490789273965482e-001,-9.774282589360328e-002, 4.503547971500316e-002, 5.426690874712532e-002, 4.865743660265310e-001, 4.346080689034687e-001, 1.813456951128956e-001, 1.800821634540420e-001
 1.860000000000000e+000,-6.150999234439267e-001, 1.889150964285578e-001,-3.490907190032082e-001,-1.149544539367267e-001, 4.764129423586581e-002, 5.234833436245003e-002, 4.704431888454378e-001, 4.231537077176643e-001, 1.864260847568200e-001, 1.768621215714448e-001
 1.870000000000000e+000,-6.153891551016264e-001, 1.820898590233964e-001,-3.491025823445623e-001,-1.325249228713847e-001, 4.999865888368345e-002, 5.098444266012599e-002, 4.556543601598805e-001, 4.114790764011332e-001, 1.905545120563446e-001, 1.737082866626768e-001
 1.880000000000000e+000,-6.158954969967695e-001, 1.753588957878014e-001,-3.491144094483220e-001,-1.503455538063581e-001, 5.212519087220369e-002, 5.011042263985505e-002, 4.421299575960928e-001, 3.996744271350995e-001, 1.937611159438191e-001, 1.705362634106312e-001
 1.890000000000000e+000,-6.165983095726808e-001, 1.687777267181645e-001,-3.491261038866105e-001,-1.683059085765970e-001, 5.404316293747152e-002, 4.965973273808633e-002, 4.297868222097455e-001, 3.877789024236988e-001, 1.961456751288115e-001, 1.672461576136885e-001
 1.900000000000000e+000,-6.174699331645094e-001, 1.623984296430447e-001,-3.491375832000725e-001,-1.862983473145441e-001, 5.577769639679280e-002, 4.956413161676333e-002, 4.185396959940913e-001, 3.757876146836904e-001, 1.978669394334176e-001, 1.637450579600187e-001
 1.910000000000000e+000,-6.184777374196363e-001, 1.562652678439072e-001,-3.491487810896904e-001,-2.042201181257379e-001, 5.735636791468760e-002, 4.975294255920173e-002, 4.083002588308093e-001, 3.636654187268662e-001, 1.991208232497046e-001, 1.599712168677699e-001
 1.920000000000000e+000,-6.195878956385447e-001, 1.504102387058344e-001,-3.491596473231818e-001,-2.219754559903833e-001, 5.880853199106503e-002, 5.015144651846316e-002, 3.989786302745765e-001, 3.513626985602365e-001, 2.001153795337929e-001, 1.559055406268900e-001
 1.930000000000000e+000,-6.207689373785679e-001, 1.448499689115419e-001,-3.491701441280347e-001,-2.394782376418363e-001, 6.016329864753693e-002, 5.068034132866995e-002, 3.904881971436693e-001, 3.388319979600369e-001, 2.010446332527835e-001, 1.515688702715744e-001
 1.940000000000000e+000,-6.219941343315883e-001, 1.395852542814293e-001,-3.491802451748117e-001,-2.566545033255578e-001, 6.144670563805667e-002, 5.125882756167814e-002, 3.827504444164305e-001, 3.260518974919810e-001, 2.020604322427129e-001, 1.470141340654142e-001
 1.950000000000000e+000,-6.232433667504219e-001, 1.346034331971648e-001,-3.491899400572653e-001,-2.734437242567749e-001, 6.267858032349134e-002, 5.181066609272290e-002, 3.756974042318282e-001, 3.130526426472729e-001, 2.032495919092878e-001, 1.423173005046165e-001
 1.960000000000000e+000,-6.245069633299218e-001, 1.298820979410358e-001,-3.491992365518206e-001,-2.897994927361725e-001, 6.386440341130259e-002, 5.226821366871645e-002, 3.692804491198466e-001, 2.998918656672986e-001, 2.046318126409867e-001, 1.375500762143295e-001
 1.970000000000000e+000,-6.257820719253388e-001, 1.253968569792099e-001,-3.492081529654210e-001,-3.056808102023239e-001, 6.501493380738278e-002, 5.257921019377664e-002, 3.634415557874223e-001, 2.867512256718551e-001, 2.061390420585521e-001, 1.328108880834253e-001
 1.980000000000000e+000,-6.270774778351876e-001, 1.211228232484831e-001,-3.492167106578831e-001,-3.210564876826949e-001, 6.612264548472839e-002, 5.269909415121860e-002, 3.581514685521136e-001, 2.737587756684667e-001, 2.076659068295572e-001, 1.281505721418781e-001
 1.990000000000000e+000,-6.284043387138171e-001, 1.170398706726465e-001,-3.492249264217988e-001,-3.358985266329149e-001, 6.718022067879395e-002, 5.259210029313727e-002, 3.533847577616348e-001, 2.610558925384152e-001, 2.090728107550042e-001, 1.236120791750065e-001
 2.000000000000000e+000,-6.297716578091367e-001, 1.131334231794268e-001,-3.492328098961916e-001,-3.501833474816309e-001, 6.817848682461468e-002, 5.222830894159498e-002, 3.491216269185170e-001, 2.487672132136207e-001, 2.102137986744563e-001, 1.192274062646869e-001
 2.010000000000000e+000,-6.311816925973175e-001, 1.093955480222373e-001,-3.492403648649348e-001,-3.638919425271787e-001, 6.911444125346039e-002, 5.158384706148490e-002, 3.453357207511623e-001, 2.370421573393739e-001, 2.109463792132085e-001, 1.150352267787290e-001
 2.020000000000000e+000,-6.326365306810312e-001, 1.058230965832321e-001,-3.492475885736402e-001,-3.770186473806954e-001, 6.996967387900259e-002, 5.063179285134324e-002, 3.420311902741922e-001, 2.259066904056071e-001, 2.111818960363794e-001, 1.110254305572836e-001
 2.030000000000000e+000,-6.341307887187595e-001, 1.024222342111014e-001,-3.492544787112626e-001,-3.895636601724724e-001, 7.074528901175219e-002, 4.935152640931491e-002, 3.391948382546374e-001, 2.154735986251384e-001, 2.108350871962439e-001, 1.072165971699965e-001
 2.040000000000000e+000,-6.356583658972993e-001, 9.920820941244224e-002,-3.492610342822961e-001,-4.015376097235877e-001, 7.144163326734521e-002, 4.772260406299512e-002, 3.368241171618462e-001, 2.058143010514464e-001, 2.098515249662483e-001, 1.036114623195476e-001
 2.050000000000000e+000,-6.372104184325481e-001, 9.620760937655337e-002,-3.492672658039348e-001,-4.129559990977936e-001, 7.206245170538023e-002, 4.572816242714733e-002, 3.349125892034880e-001, 1.969894611730576e-001, 2.081974086761753e-001, 1.002139821399539e-001
 2.060000000000000e+000,-6.387736760154906e-001, 9.345654046633212e-002,-3.492732029019350e-001,-4.238326484111636e-001, 7.261419547475584e-002, 4.336021748287935e-002, 3.334443726067395e-001, 1.890448117407640e-001, 2.058605847830874e-001, 9.703415916656361e-002
 2.070000000000000e+000,-6.403311660544726e-001, 9.099267200767125e-002,-3.492788863977436e-001,-4.341731406771543e-001, 7.309852303964809e-002, 4.062853460315469e-002, 3.324018777086658e-001, 1.819662737564469e-001, 2.028638146038528e-001, 9.407303308982880e-002
 2.080000000000000e+000,-6.418551734016312e-001, 8.884598035910929e-002,-3.492843468447811e-001,-4.439589343545491e-001, 7.353063256648720e-002, 3.758561891438927e-002, 3.317293374374820e-001, 1.758261354427622e-001, 1.992239216799905e-001, 9.137149533608589e-002
 2.090000000000000e+000,-6.433142319641543e-001, 8.702294239379782e-002,-3.492895729952133e-001,-4.531428381121418e-001, 7.390433326974917e-002, 3.433449942326951e-002, 3.313792998997884e-001, 1.705859807525962e-001, 1.950104753993482e-001, 8.892998483639461e-002
 2.100000000000000e+000,-6.446663518076072e-001, 8.549989522340318e-002,-3.492944867974188e-001,-4.616358522980200e-001, 7.420926187599812e-002, 3.104429000116423e-002, 3.312784417171736e-001, 1.662404268839491e-001, 1.903065522766827e-001, 8.675588579510300e-002
 2.110000000000000e+000,-6.458633961634438e-001, 8.422529364210418e-002,-3.492989357059012e-001,-4.693134437730560e-001, 7.442606320934449e-002, 2.793522364435225e-002, 3.313384613098894e-001, 1.627870030843840e-001, 1.852181448339283e-001, 8.484787348251721e-002
 2.120000000000000e+000,-6.468587869180985e-001, 8.313713880568452e-002,-3.493027226141497e-001,-4.760348258709370e-001, 7.453064858770166e-002, 2.524569612796625e-002, 3.314633943624113e-001, 1.602239690644253e-001, 1.798746628173338e-001, 8.319403471549246e-002
 2.130000000000000e+000,-6.476166568858854e-001, 8.218683526521486e-002,-3.493056603559175e-001,-4.816667845686748e-001, 7.450120248788482e-002, 2.319559148084174e-002, 3.315582014362934e-001, 1.585486857860196e-001, 1.744261418659663e-001, 8.177670447736218e-002
 2.140000000000000e+000,-6.481178822017994e-001, 8.135643816756710e-002,-3.493076183767629e-001,-4.861008636192197e-001, 7.432437560397356e-002, 2.195967301869267e-002, 3.315371091555782e-001, 1.577518202737913e-001, 1.690379072504207e-001, 8.057925891020862e-002
 2.150000000000000e+000,-6.483606730117975e-001, 8.066316098005566e-002,-3.493085456028666e-001,-4.892601116971918e-001, 7.399901884252723e-002, 2.165360003002340e-002, 3.313314722051712e-001, 1.578086868402168e-001, 1.638862098962617e-001, 7.958703312874615e-002
 2.160000000000000e+000,-6.483572299476353e-001, 8.015278495375311e-002,-3.493084691161048e-001,-4.910978822404821e-001, 7.353761846048883e-002, 2.232923442945966e-002, 3.308979022139253e-001, 1.586754927256592e-001, 1.591548114496668e-001, 7.878316365154157e-002
 2.170000000000000e+000,-6.481283229356361e-001, 7.988662690532355e-002,-3.493074731520646e-001,-4.915917086690178e-001, 7.296542153748949e-002, 2.397653037383193e-002, 3.302255157880258e-001, 1.602915098903973e-001, 1.550288001914608e-001, 7.814590422533083e-002
 2.180000000000000e+000,-6.476962707442908e-001, 7.992751028977918e-002,-3.493056693303908e-001,-4.907343652702296e-001, 7.231727138438998e-002, 2.653065327229459e-002, 3.293393334468917e-001, 1.625837507387608e-001, 1.516832487250528e-001, 7.764917889806966e-002
 2.190000000000000e+000,-6.470800503180019e-001, 8.032899997411946e-002,-3.493031708868164e-001,-4.885251377246722e-001, 7.163333680741736e-002, 2.988181911375316e-002, 3.282997182763698e-001, 1.654724853048524e-001, 1.492671434513000e-001, 7.726426973410558e-002
 2.200000000000000e+000,-6.462980044344349e-001, 8.112910758677860e-002,-3.493000781459011e-001,-4.849648220724347e-001, 7.095496877231397e-002, 3.388450351670314e-002, 3.271997580544999e-001, 1.688773527270190e-001, 1.478852368083261e-001, 7.696236757835820e-002
 2.210000000000000e+000,-6.453757811547812e-001, 8.234738789550722e-002,-3.492964743852118e-001,-4.800564756054413e-001, 7.032069509287442e-002, 3.836628599530552e-002, 3.261608825379272e-001, 1.727239834895492e-001, 1.475826113967904e-001, 7.671883572198272e-002
 2.220000000000000e+000,-6.443498393472944e-001, 8.398391591237475e-002,-3.492924259546299e-001,-4.738111722524678e-001, 6.976280143980182e-002, 4.314067453326115e-002, 3.253273574078935e-001, 1.769480907430820e-001, 1.483374525058194e-001, 7.651959756370998e-002
 2.230000000000000e+000,-6.432618455070799e-001, 8.601995205636115e-002,-3.492879816409626e-001,-4.662551948754445e-001, 6.930498993578729e-002, 4.802589145215441e-002, 3.248604774308491e-001, 1.814938763816980e-001, 1.500649886990177e-001, 7.637037360606060e-002
 2.240000000000000e+000,-6.421484930957182e-001, 8.842281095195359e-002,-3.492831706345416e-001,-4.574344095117238e-001, 6.896020619964918e-002, 5.286621232104787e-002, 3.249305764166096e-001, 1.863122119827043e-001, 1.526287466922616e-001, 7.630678013279948e-002
 2.250000000000000e+000,-6.410318200557262e-001, 9.115740079289303e-002,-3.492780005840990e-001,-4.474134602095501e-001, 6.872861074830659e-002, 5.755080710083413e-002, 3.257048849430754e-001, 1.913677532834538e-001, 1.558526551632398e-001, 7.639928251999338e-002
 2.260000000000000e+000,-6.399120034049454e-001, 9.420116772333698e-002,-3.492724559691581e-001,-4.362697067684715e-001, 6.859689740562532e-002, 6.202591084399229e-002, 3.273316126726787e-001, 1.966536191431070e-001, 1.595336547796840e-001, 7.675189743335889e-002
 2.270000000000000e+000,-6.387664273284722e-001, 9.755415033591763e-002,-3.492664965315767e-001,-4.240832359039675e-001, 6.853892043419235e-002, 6.629739110253269e-002, 3.299217090722825e-001, 2.022047192034804e-001, 1.634570903261714e-001, 7.749872114343930e-002
 2.280000000000000e+000,-6.375590079638717e-001, 1.012382310550917e-001,-3.492600579586705e-001,-4.109256385219420e-001, 6.851671760969093e-002, 7.042300035925413e-002, 3.335320205960582e-001, 2.081040135143595e-001, 1.674132340930843e-001, 7.879560489234809e-002
 2.290000000000000e+000,-6.362572359653085e-001, 1.052859151469245e-001,-3.492530580857433e-001,-3.968515769798089e-001, 6.848248329242269e-002, 7.449636098229770e-002, 3.381570429195043e-001, 2.144781407714959e-001, 1.712117190947251e-001, 8.080198486041339e-002
 2.300000000000000e+000,-6.348487791485967e-001, 1.097236123663117e-001,-3.492454095716950e-001,-3.818960408107204e-001, 6.838314861366764e-002, 7.862749341737008e-002, 3.437339829732524e-001, 2.214812053716058e-001, 1.746936211452177e-001, 8.365798247634704e-002
 2.310000000000000e+000,-6.333508333989174e-001, 1.145567821244786e-001,-3.492370361435854e-001,-3.660766864460008e-001, 6.816742124635171e-002, 8.292569651949527e-002, 3.501580093844422e-001, 2.292693632049140e-001, 1.777447060912845e-001, 8.746427780699499e-002
 2.320000000000000e+000,-6.318105247038351e-001, 1.197631799850256e-001,-3.492278865506306e-001,-3.493981692584334e-001, 6.779300787904422e-002, 8.748813435854412e-002, 3.573007427904577e-001, 2.379704604836790e-001, 1.803116087633558e-001, 9.226490757702863e-002
 2.330000000000000e+000,-6.302967038983104e-001, 1.252956762888888e-001,-3.492179433593213e-001,-3.318550077727143e-001, 6.723668120834214e-002, 9.239476871632804e-002, 3.650208824281844e-001, 2.476831481738128e-001, 1.824094497356914e-001, 9.804395320426416e-002
 2.340000000000000e+000,-6.288927319684339e-001, 1.310894204361071e-001,-3.492072231293080e-001,-3.134389254907959e-001, 6.647959018211927e-002, 9.769960658768435e-002, 3.732034776136787e-001, 2.583383206960332e-001, 1.841611618621766e-001, 1.046735642148900e-001
 2.350000000000000e+000,-6.276747542462939e-001, 1.370762800061247e-001,-3.491957814491248e-001,-2.941366675445838e-001, 6.553666893173808e-002, 1.034386678800107e-001, 3.817271966268241e-001, 2.698796585732226e-001, 1.857379437174234e-001, 1.119901914634174e-001
 2.360000000000000e+000,-6.267053955822438e-001, 1.431971224325692e-001,-3.491837058396727e-001,-2.739404482913714e-001, 6.443111631879164e-002, 1.096282277687242e-001, 3.904960259452583e-001, 2.821467833837507e-001, 1.873660715242813e-001, 1.197583121899610e-001
 2.370000000000000e+000,-6.260251414910786e-001, 1.494139726819752e-001,-3.491711095531092e-001,-2.528535857361005e-001, 6.319243601660605e-002, 1.162728792677011e-001, 3.994278195956870e-001, 2.949370870800743e-001, 1.892762484800983e-001, 1.277097961025053e-001
 2.380000000000000e+000,-6.256509978991732e-001, 1.557145920012877e-001,-3.491581213139629e-001,-2.308965779204464e-001, 6.185174530437696e-002, 1.233695347266793e-001, 4.084490323756739e-001, 3.080273142411565e-001, 1.916657562023820e-001, 1.355756072915468e-001
 2.390000000000000e+000,-6.255804087673024e-001, 1.621095946548292e-001,-3.491448747601443e-001,-2.081099492488887e-001, 6.044062665559263e-002, 1.309084360070737e-001, 4.174916082246821e-001, 3.211865109054183e-001, 1.946708529144618e-001, 1.431140962847574e-001
 2.400000000000000e+000,-6.257988788217708e-001, 1.686252982625984e-001,-3.491315011519153e-001,-1.845524609784111e-001, 5.898697842578857e-002, 1.388726888780686e-001, 4.264953093914324e-001, 3.341628707831980e-001, 1.983555578479948e-001, 1.501238623856118e-001
 2.410000000000000e+000,-6.262805955593338e-001, 1.752951834893222e-001,-3.491181293299224e-001,-1.602909439201787e-001, 5.753556460567719e-002, 1.472420109109115e-001, 4.353842131551607e-001, 3.468162221058949e-001, 2.026832502968730e-001, 1.564908535490217e-001
 2.420000000000000e+000,-6.270009527519221e-001, 1.821465194844019e-001,-3.491048772086647e-001,-1.354024731659846e-001, 5.611626416358299e-002, 1.559870719886425e-001, 4.441065860324985e-001, 3.589514562971462e-001, 2.075607709736749e-001, 1.621249275696932e-001
 2.430000000000000e+000,-6.279330851747941e-001, 1.891927416945138e-001,-3.490918519130174e-001,-1.099679990033555e-001, 5.476427516886675e-002, 1.650727810356387e-001, 4.526183666114549e-001, 3.704443352178238e-001, 2.128273213544356e-001, 1.669828818546733e-001
 2.440000000000000e+000,-6.290510231340671e-001, 1.964311978878108e-001,-3.490791466819893e-001,-8.407267377980343e-002, 5.351204977116573e-002, 1.744574063294149e-001, 4.608957438628504e-001, 3.811923626137201e-001, 2.182829620967142e-001, 1.710383707502914e-001
 2.450000000000000e+000,-6.303321313361182e-001, 2.038463141768909e-001,-3.490668418261987e-001,-5.780489980912673e-002, 5.238737646368664e-002, 1.840946538680869e-001, 4.689354195362012e-001, 3.911028699875019e-001, 2.237135232960310e-001, 1.742741288558584e-001
 2.460000000000000e+000,-6.317584319275752e-001, 2.114141334694644e-001,-3.490550060336423e-001,-3.125527736892542e-002, 5.141067602084915e-002, 1.939363104511939e-001, 4.767506939702635e-001, 4.000902821533613e-001, 2.289162924226007e-001, 1.766845507309683e-001
 2.470000000000000e+000,-6.333147930758936e-001, 2.191070549604146e-001,-3.490436953539199e-001,-4.515787421405682e-003, 5.059233931589366e-002, 2.039333360582320e-001, 4.843658838131093e-001, 4.080813599528071e-001, 2.337205488125418e-001, 1.782790652835225e-001
 2.480000000000000e+000,-6.349875705031490e-001, 2.268979632289920e-001,-3.490329506822379e-001, 2.231969064166606e-002, 4.993198660281671e-002, 2.140357682073390e-001, 4.918123644842783e-001, 4.150228476698615e-001, 2.379998051130821e-001, 1.790800578988045e-001
 2.490000000000000e+000,-6.367659222337104e-001, 2.347625141874512e-001,-3.490227940410304e-001, 4.915293746480587e-002, 4.941952659776185e-002, 2.241934054131884e-001, 4.991276748227922e-001, 4.208878265704885e-001, 2.416766173267837e-001, 1.791193808698999e-001
 2.500000000000000e+000,-6.386428697082293e-001, 2.426798949294098e-001,-3.490132250361271e-001, 7.587823731069254e-002, 4.903637789211649e-002, 2.343573038739426e-001, 5.063563164106600e-001, 4.256768281252868e-001, 2.447218753447555e-001, 1.784412571582159e-001
 2.510000000000000e+000,-6.406148657755159e-001, 2.506326858623629e-001,-3.490042229241099e-001, 1.023808071140624e-001, 4.875650956578068e-002, 2.444812068982712e-001, 5.135507730920705e-001, 4.294127392003306e-001, 2.471493557157689e-001, 1.771113532860222e-001
 2.520000000000000e+000,-6.426814893482916e-001, 2.586047499767950e-001,-3.489957547291601e-001, 1.285384158976584e-001, 4.854822795467829e-002, 2.545233076522784e-001, 5.207727205508566e-001, 4.321396166469627e-001, 2.490030645058701e-001, 1.752216286988026e-001
 2.530000000000000e+000,-6.448452031153356e-001, 2.665775617318167e-001,-3.489877829179638e-001, 1.542261285201032e-001, 4.837685529879023e-002, 2.644486615073371e-001, 5.280932460359723e-001, 4.339342865389965e-001, 2.503359098453275e-001, 1.728842940518060e-001
 2.540000000000000e+000,-6.471090056644954e-001, 2.745279942972818e-001,-3.489802723735661e-001, 1.793222010621962e-001, 4.820710979561844e-002, 2.742306628990571e-001, 5.355903062915302e-001, 4.349227814620499e-001, 2.511884342564361e-001, 1.702211081691729e-001
 2.550000000000000e+000,-6.494717956593854e-001, 2.824278102110986e-001,-3.489732003257240e-001, 2.037123245544570e-001, 4.800394411003419e-002, 2.838494882854276e-001, 5.433457442798523e-001, 4.352848522107108e-001, 2.515802761652282e-001, 1.673542180764780e-001
 2.560000000000000e+000,-6.519251472973380e-001, 2.902423191571908e-001,-3.489665636052089e-001, 2.272914330031228e-001, 4.773224895717321e-002, 2.932880741864937e-001, 5.514447992928735e-001, 4.352389499443982e-001, 2.515140050884088e-001, 1.643971953408401e-001
 2.570000000000000e+000,-6.544536060400265e-001, 2.979282172283244e-001,-3.489603772372723e-001, 2.499643994197753e-001, 4.735706387453663e-002, 3.025282642168717e-001, 5.599761032122295e-001, 4.350155304313208e-001, 2.509792466716916e-001, 1.614482393154811e-001
 2.580000000000000e+000,-6.570358532279617e-001, 3.054325663001842e-001,-3.489546700161002e-001, 2.716462339904162e-001, 4.684494152854436e-002, 3.115483376249543e-001, 5.690290844010661e-001, 4.348335076772351e-001, 2.499500522784359e-001, 1.585893445274093e-001
 2.590000000000000e+000,-6.596453069524290e-001, 3.126935690898705e-001,-3.489494842116934e-001, 2.922618421055521e-001, 4.616575124116078e-002, 3.203213816665665e-001, 5.786884753213247e-001, 4.348875677326517e-001, 2.483817971607358e-001, 1.558889505648120e-001
 2.600000000000000e+000,-6.622523975678337e-001, 3.196426966543193e-001,-3.489448774406899e-001, 3.117461829957793e-001, 4.529429194663476e-002, 3.288144078668058e-001, 5.890274708603918e-001, 4.353419524719439e-001, 2.462170978330562e-001, 1.534055244341724e-001
 2.610000000000000e+000,-6.648285914744703e-001, 3.262082269158257e-001,-3.489409213698835e-001, 3.300447936980868e-001, 4.421210120582342e-002, 3.369888972073525e-001, 6.001019272404540e-001, 4.363253900533603e-001, 2.433985389735422e-001, 1.511926814940526e-001
 2.620000000000000e+000,-6.673488599109884e-001, 3.323210913255221e-001,-3.489376949943558e-001, 3.471128278263984e-001, 4.290974251268728e-002, 3.448026940823272e-001, 6.119475228700485e-001, 4.379310491224088e-001, 2.398783985438688e-001, 1.493038737248240e-001
 2.630000000000000e+000,-6.697914388411176e-001, 3.379228929604459e-001,-3.489352707186084e-001, 3.629110539779568e-001, 4.138798550896494e-002, 3.522122872961387e-001, 6.245801263875066e-001, 4.402259511017608e-001, 2.356218721502914e-001, 1.477936139497611e-001
 2.640000000000000e+000,-6.721362389001264e-001, 3.429744961880403e-001,-3.489336943332468e-001, 3.773991834121921e-001, 3.965649981766908e-002, 3.591746640073468e-001, 6.379982855678573e-001, 4.432654155404577e-001, 2.306075910258441e-001, 1.467171867096335e-001
 2.650000000000000e+000,-6.743630229387063e-001, 3.474633361151274e-001,-3.489329668969315e-001, 3.905291444128500e-001, 3.773087846228909e-002, 3.656484367494841e-001, 6.521861813170510e-001, 4.471040286727512e-001, 2.248298208126058e-001, 1.461308671381982e-001
 2.660000000000000e+000,-6.764508076614801e-001, 3.514065591246796e-001,-3.489330367800136e-001, 4.022423046662960e-001, 3.562873062333910e-002, 3.715940863072091e-001, 6.671149421997703e-001, 4.517955340493419e-001, 2.183034058519557e-001, 1.460900616746988e-001
 2.670000000000000e+000,-6.783789685408557e-001, 3.548461055539360e-001,-3.489338052479488e-001, 4.124728804043554e-001, 3.336516586424757e-002, 3.769725514510826e-001, 6.827408811880187e-001, 4.573785216258322e-001, 2.110679857681217e-001, 1.466464050895091e-001
 2.680000000000000e+000,-6.801286058576400e-001, 3.578333678404744e-001,-3.489351452742188e-001, 4.211558715657751e-001, 3.094939173046324e-002, 3.817417835338160e-001, 6.990018702853033e-001, 4.638532302693528e-001, 2.031864729597421e-001, 1.478466699956633e-001
 2.690000000000000e+000,-6.816833006671871e-001, 3.604055654588971e-001,-3.489369283514802e-001, 4.282359385454881e-001, 2.838456013428410e-002, 3.858525098172896e-001, 7.158140499479999e-001, 4.711606819230370e-001, 1.947387373828105e-001, 1.497288525055712e-001
 2.700000000000000e+000,-6.830293915311150e-001, 3.625621843369755e-001,-3.489390486249671e-001, 4.336741314618053e-001, 2.567129422705975e-002, 3.892454510510171e-001, 7.330693728271700e-001, 4.791767366476620e-001, 1.858153804301019e-001, 1.523133600361417e-001
 2.710000000000000e+000,-6.841556865737669e-001, 3.642529346394792e-001,-3.489414332690406e-001, 4.374496436270996e-001, 2.281337559904804e-002, 3.918520738514009e-001, 7.506351195630330e-001, 4.877279626345443e-001, 1.765103938779506e-001, 1.555960189120568e-001
 2.720000000000000e+000,-6.850525408753949e-001, 3.653840235264476e-001,-3.489440348225880e-001, 4.395547786111482e-001, 1.982306006614868e-002, 3.935988291679515e-001, 7.683577711260263e-001, 4.966209035758349e-001, 1.669114825889975e-001, 1.595465149121490e-001
 2.730000000000000e+000,-6.857109338030458e-001, 3.658397524329895e-001,-3.489468108623665e-001, 4.399852116066905e-001, 1.672350164229247e-002, 3.944125073689882e-001, 7.860703478112432e-001, 5.056667939718915e-001, 1.570956449236676e-001, 1.641118673196903e-001
 2.740000000000000e+000,-6.861225816444023e-001, 3.655096745393285e-001,-3.489497025746922e-001, 4.387311724113130e-001, 1.354724164465429e-002, 3.942248889189734e-001, 8.035983027030051e-001, 5.146934429465006e-001, 1.471347783891859e-001, 1.692247438540468e-001
 2.750000000000000e+000,-6.862813363652794e-001, 3.643126759772941e-001,-3.489526225925829e-001, 4.357736263544605e-001, 1.033205787671079e-002, 3.929766873398213e-001, 8.207601811806622e-001, 5.235517127684937e-001, 1.371041715126802e-001, 1.748128613060024e-001
 2.760000000000000e+000,-6.861850224648962e-001, 3.622144344506122e-001,-3.489554557687403e-001, 4.310854549817011e-001, 7.116534446038290e-003, 3.906212446607659e-001, 8.373639626405403e-001, 5.321247464497499e-001, 1.270857476817582e-001, 1.808052025921209e-001
 2.770000000000000e+000,-6.858368074369977e-001, 3.592368504522940e-001,-3.489580711903847e-001, 4.246373655809563e-001, 3.936942055814244e-003, 3.871270890176009e-001, 8.532014113378212e-001, 5.403359436621188e-001, 1.171670303275190e-001, 1.871355975731064e-001
 2.780000000000000e+000,-6.852458105885031e-001, 3.554578562115125e-001,-3.489603399681804e-001, 4.164096059709901e-001, 8.261807373697688e-004, 3.824773855525501e-001, 8.680408852741359e-001, 5.481499679157619e-001, 1.074411350652054e-001, 1.937457444544102e-001
 2.790000000000000e+000,-6.844270236259581e-001, 3.510020788759101e-001,-3.489621507193144e-001, 4.064081278787513e-001,-2.184836885216855e-003, 3.766663628672443e-001, 8.816207080398072e-001, 5.555697898378437e-001, 9.800973359905219e-002, 2.005858064942360e-001
 2.800000000000000e+000,-6.834009140929130e-001, 3.460268641908679e-001,-3.489634176384374e-001, 3.946800365702496e-001,-5.064113506945609e-003, 3.696959709276232e-001, 8.936481520146207e-001, 5.626306489823841e-001, 8.898648701296552e-002, 2.076085170555613e-001
 2.810000000000000e+000,-6.821930461053980e-001, 3.407102902571193e-001,-3.489640800928006e-001, 3.813226014309634e-001,-7.775883558421608e-003, 3.615765492843907e-001, 9.038067523909481e-001, 5.693874508435499e-001, 8.049710446706970e-002, 2.147572863041496e-001
 2.820000000000000e+000,-6.808321408177943e-001, 3.352443633591564e-001,-3.489640940137186e-001, 3.664835283414316e-001,-1.028023288603320e-002, 3.523320222030447e-001, 9.117701882863937e-001, 5.758993783333957e-001, 7.267311430327994e-002, 2.219538281361181e-001
 2.830000000000000e+000,-6.793437360731230e-001, 3.298278297932651e-001,-3.489634207362078e-001, 3.503550277910155e-001,-1.253540937887166e-002, 3.420051312683192e-001, 9.172196908866828e-001, 5.822170271704942e-001, 6.563893831014367e-002, 2.290904666783412e-001
 2.840000000000000e+000,-6.777410830561714e-001, 3.246484623939820e-001,-3.489620269063661e-001, 3.331660926811171e-001,-1.450139052135658e-002, 3.306580276255507e-001, 9.198621796610350e-001, 5.883710698723058e-001, 5.949745874715418e-002, 2.360293398961125e-001
 2.850000000000000e+000,-6.760244735332337e-001, 3.198490801510350e-001,-3.489600133173799e-001, 3.151783348449919e-001,-1.614403775253962e-002, 3.183714355566651e-001, 9.194452731714332e-001, 5.943615039790373e-001, 5.432344599354200e-002, 2.426067700171878e-001
 2.860000000000000e+000,-6.741718395736089e-001, 3.155195381831317e-001,-3.489571979671335e-001, 2.966672028332218e-001,-1.742773578725268e-002, 3.052314627051895e-001, 9.157695909702160e-001, 6.001621669584190e-001, 5.015374361910685e-002, 2.486550821614558e-001
 2.870000000000000e+000,-6.721744210923094e-001, 3.116555659764240e-001,-3.489538416906167e-001, 2.779328330114981e-001,-1.832369700440214e-002, 2.913397054294930e-001, 9.086908381503916e-001, 6.057151472222859e-001, 4.699927116451175e-002, 2.540008237181600e-001
 2.880000000000000e+000,-6.700305969401166e-001, 3.081893942483365e-001,-3.489501696801868e-001, 2.592732990604911e-001,-1.879816459242342e-002, 2.767969310968999e-001, 8.981273949849606e-001, 6.109515577886134e-001, 4.483988839164876e-002, 2.584798229259161e-001
 2.890000000000000e+000,-6.677509304484950e-001, 3.050065555132169e-001,-3.489464761477510e-001, 2.409675306762893e-001,-1.881002243314029e-002, 2.617005231546631e-001, 8.840686395462558e-001, 6.158039225397800e-001, 4.364105937036933e-002, 2.619311945014812e-001
 2.900000000000000e+000,-6.653511205760411e-001, 3.019725800201334e-001,-3.489430797060865e-001, 2.232502207895333e-001,-1.830884024917797e-002, 2.461443324238831e-001, 8.665877427270825e-001, 6.202055490972378e-001, 4.338199897546091e-002, 2.641927073440020e-001
 2.910000000000000e+000,-6.628443987079354e-001, 2.989573200268900e-001,-3.489402698114398e-001, 2.062876569771668e-001,-1.723811069317655e-002, 2.302259003449065e-001, 8.458531333725963e-001, 6.240628116818860e-001, 4.409057931495397e-002, 2.651065347178458e-001
 2.920000000000000e+000,-6.602394136127322e-001, 2.958505066885806e-001,-3.489382685682094e-001, 1.901607978851099e-001,-1.554412621488314e-002, 2.140583457435251e-001, 8.221321767276889e-001, 6.272109905807127e-001, 4.587349846530153e-002, 2.645384575278066e-001
 2.930000000000000e+000,-6.575434018875138e-001, 2.925658065264893e-001,-3.489372247605751e-001, 1.748610030008053e-001,-1.318767150522115e-002, 1.977801962231712e-001, 7.957828107584453e-001, 6.293849312485570e-001, 4.892936332540687e-002, 2.624031199780944e-001
 2.940000000000000e+000,-6.547670045198529e-001, 2.890363969786349e-001,-3.489372364128132e-001, 1.602983546000256e-001,-1.015506501901431e-002, 1.815581198965261e-001, 7.672360934309751e-001, 6.302236637853962e-001, 5.353482960792100e-002, 2.586862479453732e-001
 2.950000000000000e+000,-6.519285814927256e-001, 2.852065850385652e-001,-3.489383837751517e-001, 1.463174924248687e-001,-6.466287129815256e-003, 1.655820288123889e-001, 7.369774740931145e-001, 6.293038587700619e-001, 6.000013842257035e-002, 2.534588830586571e-001
 2.960000000000000e+000,-6.490580352706087e-001, 2.810230212537022e-001,-3.489407556423720e-001, 1.327167034173087e-001,-2.178258146036153e-003, 1.500545515137989e-001, 7.055305638238814e-001, 6.261931431164933e-001, 6.860042487209372e-002, 2.468824257771504e-001
 2.970000000000000e+000,-6.461995221387752e-001, 2.764297857309210e-001,-3.489444603832938e-001, 1.192677291445263e-001, 2.617136641535891e-003, 1.351778729374380e-001, 6.734422090902102e-001, 6.205143309115149e-001, 7.949896793014766e-002, 2.392031111154351e-001
 2.980000000000000e+000,-6.434111210224364e-001, 2.713705098965884e-001,-3.489496182585232e-001, 1.057345038595183e-001, 7.797593087063673e-003, 1.211409841483072e-001, 6.412659557190991e-001, 6.120044931550217e-001, 9.268249981236632e-002, 2.307360015734125e-001
 2.990000000000000e+000,-6.407601452486917e-001, 2.657960586609407e-001,-3.489563347755149e-001, 9.189086965292903e-002, 1.321625630836723e-002, 1.081083767377091e-001, 6.095404841160753e-001, 6.005588024170279e-001, 1.079230207632276e-001, 2.218422168679964e-001
 3.000000000000000e+000,-6.383144460582786e-001, 2.596739965249988e-001,-3.489646631176177e-001, 7.753762558252286e-002, 1.871159311115696e-002, 9.620986812138706e-002, 5.787627596487104e-001, 5.862617074912785e-001, 1.247718769989958e-001, 2.128993784969398e-001
 3.010000000000000e+000,-6.361320671548824e-001, 2.529971724710798e-001,-3.489745713851244e-001, 6.251698819138962e-002, 2.412107208038315e-002, 8.553290134303616e-002, 5.493607966992439e-001, 5.694006033115923e-001, 1.425915312067656e-001, 2.042631241408589e-001
 3.020000000000000e+000,-6.342530104220525e-001, 2.457893943797558e-001,-3.489859280549518e-001, 4.672134869400391e-002, 2.929389567711071e-002, 7.611939967713970e-002, 5.216723839126685e-001, 5.504444464725522e-001, 1.606258553736977e-001, 1.962275978729127e-001
 3.030000000000000e+000,-6.326959392438073e-001, 2.381071578158445e-001,-3.489985091812861e-001, 3.009548637830628e-002, 3.410052439472140e-002, 6.796751676835304e-002, 4.959337840223518e-001, 5.299839356365734e-001, 1.780920709422573e-001, 1.889965340493253e-001
 3.040000000000000e+000,-6.314601376805870e-001, 2.300377556030764e-001,-3.490120225393229e-001, 1.263387169024810e-002, 3.844023325643622e-002, 6.103750516343248e-002, 4.722798284358872e-001, 5.086566143221404e-001, 1.942689271337426e-001, 1.826670963480416e-001
 3.050000000000000e+000,-6.305306749335853e-001, 2.216935500385260e-001,-3.490261425340244e-001,-5.626065400895497e-003, 4.224762355433602e-002, 5.526029194496424e-002, 4.507553380467856e-001, 4.870858749637576e-001, 2.085643425191370e-001, 1.772249856066807e-001
 3.060000000000000e+000,-6.298838013618363e-001, 2.132023451780223e-001,-3.490405499957476e-001,-2.461490341326544e-002, 4.549715574217193e-002, 5.054678492370170e-002, 4.313351906763823e-001, 4.658465160783102e-001, 2.205566742014129e-001, 1.725509655907427e-001
 3.070000000000000e+000,-6.294914072109117e-001, 2.046960655065369e-001,-3.490549682062315e-001,-4.424478449672598e-002, 4.820307051207216e-002, 4.679635163610520e-002, 4.139470561008809e-001, 4.454448288929613e-001, 2.300117573304912e-001, 1.684399919058954e-001
 3.080000000000000e+000,-6.293260580667869e-001, 1.963011498023803e-001,-3.490691862782069e-001,-6.442128371280731e-002, 5.041293456699132e-002, 4.390365585706350e-002, 3.984915845869181e-001, 4.262886908208292e-001, 2.368815092135506e-001, 1.646364680433157e-001
 3.090000000000000e+000,-6.293671429402917e-001, 1.881324900492087e-001,-3.490830665234566e-001,-8.504963356445194e-002, 5.219634824459415e-002, 4.176359690278302e-002, 3.848573823443753e-001, 4.086465834630808e-001, 2.412866648085648e-001, 1.608821632070301e-001
 3.100000000000000e+000,-6.296046471394616e-001, 1.802899491477006e-001,-3.490965376073074e-001,-1.060350243578032e-001, 5.363216260823103e-002, 4.027406700152740e-002, 3.729280829948321e-001, 3.926240584137044e-001, 2.434838112335549e-001, 1.569632307697498e-001
 3.110000000000000e+000,-6.300342307172115e-001, 1.728556929199911e-001,-3.491095764871732e-001,-1.272799674994132e-001, 5.479641652350848e-002, 3.933539777546195e-002, 3.625798592336970e-001, 3.781762321581865e-001, 2.438205599209338e-001, 1.527455162162337e-001
 3.120000000000000e+000,-6.306435511393426e-001, 1.658916437238747e-001,-3.491221855512240e-001,-1.486819314342669e-001, 5.575266095613691e-002, 3.884758057518471e-002, 3.536744331748800e-001, 3.651438203819081e-001, 2.426865295877005e-001, 1.481919008303939e-001
 3.130000000000000e+000,-6.314051142724112e-001, 1.594370936953302e-001,-3.491343760077433e-001,-1.701332892624274e-001, 5.654780524819007e-002, 3.871062198106813e-002, 3.460597052923456e-001, 3.532911198955225e-001, 2.404688449365002e-001, 1.433552065989121e-001
 3.140000000000000e+000,-6.322859170130210e-001, 1.535075601019609e-001,-3.491461626728803e-001,-1.915239097096286e-001, 5.721491379852517e-002, 3.882967845215550e-002, 3.395819895929911e-001, 3.423445609102681e-001, 2.375189051730045e-001, 1.383483697239357e-001
 3.150000000000000e+000,-6.332601205316754e-001, 1.480967050204982e-001,-3.491575644864445e-001,-2.127448817391475e-001, 5.777915787000400e-002, 3.911984288880589e-002, 3.340985157126509e-001, 3.320352352604394e-001, 2.341314439496443e-001, 1.333081183959905e-001
 3.160000000000000e+000,-6.343120655521163e-001, 1.431813738742871e-001,-3.491686046624267e-001,-2.336918652254241e-001, 5.826212820936436e-002, 3.950785283968503e-002, 3.294821205599772e-001, 3.221299938692408e-001, 2.305332379739262e-001, 1.283678528602020e-001
 3.170000000000000e+000,-6.354338623360822e-001, 1.387276475486732e-001,-3.491793088411914e-001,-2.542679055280737e-001, 5.868345882161637e-002, 3.993244221185774e-002, 3.256218149596187e-001, 3.124426094799566e-001, 2.268806866464310e-001, 1.236413765917368e-001
 3.180000000000000e+000,-6.366226056463281e-001, 1.346959335143667e-001,-3.491897010558336e-001,-2.743860616186713e-001, 5.906086384538666e-002, 4.034420286349164e-002, 3.224230743343364e-001, 3.028342835870689e-001, 2.232657053453870e-001, 1.192138070736357e-001
 3.190000000000000e+000,-6.378772496981833e-001, 1.310443675841613e-001,-3.491998003325871e-001,-2.939712852771124e-001, 5.940968596061955e-002, 4.070464046533125e-002, 3.198071542960619e-001, 2.932121295106568e-001, 2.197265446281937e-001, 1.151382682786698e-001
 3.200000000000000e+000,-6.391977641285082e-001, 1.277304570749962e-001,-3.492096202114647e-001,-3.129624789159189e-001, 5.973478475315605e-002, 4.098226013887630e-002, 3.177190758146992e-001, 2.834791492991242e-001, 2.162719039664691e-001, 1.114196692988007e-001
 3.210000000000000e+000,-6.405724451845898e-001, 1.247156142172150e-001,-3.492191764573145e-001,-3.313028297233134e-001, 6.005865038365300e-002, 4.115849707352830e-002, 3.160783515339544e-001, 2.737044022761450e-001, 2.128548327843065e-001, 1.080867993010700e-001
 3.220000000000000e+000,-6.419889988151065e-001, 1.219641558461164e-001,-3.492284831202906e-001,-3.489490910628410e-001, 6.038386040926162e-002, 4.121509208544669e-002, 3.148305842874565e-001, 2.638819855339641e-001, 2.094381239505165e-001, 1.051107338151420e-001
 3.230000000000000e+000,-6.434267799742693e-001, 1.194457784576744e-001,-3.492375579862862e-001,-3.658656932971980e-001, 6.071636570365709e-002, 4.113851047762644e-002, 3.139116946203767e-001, 2.540609989188055e-001, 2.059730838770011e-001, 1.024578190632262e-001
 3.240000000000000e+000,-6.448613474640654e-001, 1.171346424903985e-001,-3.492464196469208e-001,-3.820260105026148e-001, 6.106016846919279e-002, 4.091850134552406e-002, 3.132542842349571e-001, 2.443070192720721e-001, 2.024143697390251e-001, 1.000785100902701e-001
 3.250000000000000e+000,-6.462668330311068e-001, 1.150088875624986e-001,-3.492550778950201e-001,-3.974077316865436e-001, 6.142273053393026e-002, 4.055395106851707e-002, 3.127758950320790e-001, 2.347438805622646e-001, 1.987146838769638e-001, 9.792642451802085e-002
 3.260000000000000e+000,-6.476274329609424e-001, 1.130469776021610e-001,-3.492635144262021e-001,-4.119945424727665e-001, 6.178795295779939e-002, 4.005081652464674e-002, 3.124199513764097e-001, 2.253800691865218e-001, 1.948728917526916e-001, 9.590090672536858e-002
 3.270000000000000e+000,-6.489262270180392e-001, 1.112313102242293e-001,-3.492716838863289e-001,-4.257567694140496e-001, 6.215205801072384e-002, 3.944474089713313e-002, 3.120988383562398e-001, 2.163472445847051e-001, 1.908772163417223e-001, 9.394040210606701e-002
 3.280000000000000e+000,-6.501493444382910e-001, 1.095473411816192e-001,-3.492795095528110e-001,-4.386459142272350e-001, 6.250055290198621e-002, 3.880340361109079e-002, 3.117296722438627e-001, 2.077428601207881e-001, 1.867473246429228e-001, 9.197437798778238e-002
 3.290000000000000e+000,-6.512807777754629e-001, 1.079853940250468e-001,-3.492868791423937e-001,-4.505839187401910e-001, 6.281387513390545e-002, 3.823580701482986e-002, 3.112303167240694e-001, 1.996619503310954e-001, 1.825283467868935e-001, 8.993843071369943e-002
 3.300000000000000e+000,-6.522993648608493e-001, 1.065415903273685e-001,-3.492936397885574e-001,-4.614618303648004e-001, 6.306938888212552e-002, 3.789174707617878e-002, 3.105279387205541e-001, 1.921986908220191e-001, 1.782893454198340e-001, 8.777542521675957e-002
 3.310000000000000e+000,-6.531766354182352e-001, 1.052208259211787e-001,-3.492996094007059e-001,-4.711467941784533e-001, 6.324502011201671e-002, 3.795049181095921e-002, 3.095665731392521e-001, 1.854512996937100e-001, 1.741191144339123e-001, 8.543805959919198e-002
 3.320000000000000e+000,-6.538767909053411e-001, 1.040427624418794e-001,-3.493046033302081e-001,-4.794960650169238e-001, 6.332252127569105e-002, 3.859982455418488e-002, 3.083118877715455e-001, 1.795238511783925e-001, 1.701233363990164e-001, 8.289199625427771e-002
 3.330000000000000e+000,-6.543613351709576e-001, 1.030472371788680e-001,-3.493084623615135e-001,-4.863770196043962e-001, 6.328325196608527e-002, 4.000814298560198e-002, 3.067654217892911e-001, 1.744771793416527e-001, 1.664344224191441e-001, 8.010319253154440e-002
 3.340000000000000e+000,-6.545847129810007e-001, 1.022989697797125e-001,-3.493110770351598e-001,-4.916762208546073e-001, 6.313349515798301e-002, 4.231247678561848e-002, 3.049247702248280e-001, 1.704975950421732e-001, 1.631514148209874e-001, 7.710658268712173e-002
 3.350000000000000e+000,-6.545104526463860e-001, 1.018797234451059e-001,-3.493123934975896e-001,-4.953172362289247e-001, 6.286974550282744e-002, 4.558815400732915e-002, 3.028446055927805e-001, 1.676396764492305e-001, 1.604037331825157e-001, 7.391344235141639e-002
 3.360000000000000e+000,-6.541105588218390e-001, 1.018796580087098e-001,-3.493124059305197e-001,-4.972545430467088e-001, 6.250069828446955e-002, 4.984975482703950e-002, 3.005982726961238e-001, 1.659840773917799e-001, 1.582951668243577e-001, 7.056852132966743e-002
 3.370000000000000e+000,-6.533754252770208e-001, 1.023813996114453e-001,-3.493111393162245e-001,-4.974702205728601e-001, 6.204128049820990e-002, 5.504565383989928e-002, 2.982871309023299e-001, 1.655884925011662e-001, 1.569101600940877e-001, 6.712949181869533e-002
 3.380000000000000e+000,-6.523203157933519e-001, 1.034449112688800e-001,-3.493086409863919e-001,-4.959672782757094e-001, 6.151294479816321e-002, 6.106084093372224e-002, 2.960373570940043e-001, 1.664783287653233e-001, 1.563084609630239e-001, 6.366067982802937e-002
 3.390000000000000e+000,-6.509893155626010e-001, 1.050969535983028e-001,-3.493049842693461e-001,-4.927656975212897e-001, 6.094422110812778e-002, 6.772622441758015e-002, 2.939938241601733e-001, 1.686410723086919e-001, 1.565195095645453e-001, 6.022837328336268e-002
 3.400000000000000e+000,-6.494564696694588e-001, 1.073269717193068e-001,-3.493002791263241e-001,-4.879039503930795e-001, 6.037013387538807e-002, 7.483373436531121e-002, 2.923120244741110e-001, 1.720203785249696e-001, 1.575399173225114e-001, 5.689766396328961e-002
 3.410000000000000e+000,-6.478220818354452e-001, 1.100882952282487e-001,-3.492946830126325e-001,-4.814453832422361e-001, 5.982993507595560e-002, 8.215581705893622e-002, 2.911468778349730e-001, 1.765107914129097e-001, 1.593334888053304e-001, 5.373260139817247e-002
 3.420000000000000e+000,-6.462026981429773e-001, 1.133025259528646e-001,-3.492884042587312e-001,-4.734868651073019e-001, 5.936349890517036e-002, 8.946735969075288e-002, 2.906366247480084e-001, 1.819600177991943e-001, 1.618289047882167e-001, 5.080193182580681e-002
 3.430000000000000e+000,-6.447153854035922e-001, 1.168660303358351e-001,-3.492816952916579e-001,-4.641667937341980e-001, 5.900680457415562e-002, 9.656730859828037e-002, 2.908828565651513e-001, 1.881802250738697e-001, 1.649149115870667e-001, 4.818444906210778e-002
 3.440000000000000e+000,-6.434584276139963e-001, 1.206588006996814e-001,-3.492748409550668e-001,-4.536712679174375e-001, 5.878758908860898e-002, 1.032964070973633e-001, 2.919311420719103e-001, 1.949643336462127e-001, 1.684380295707881e-001, 4.596457010851997e-002
 3.450000000000000e+000,-6.424932881264123e-001, 1.245551183898777e-001,-3.492681440308326e-001,-4.422383719053229e-001, 5.872258148399158e-002, 1.095467192788879e-001, 2.937560906061358e-001, 2.021020594068029e-001, 1.722066092162486e-001, 4.421988363806731e-002
 3.460000000000000e+000,-6.418357641734412e-001, 1.284322712867536e-001,-3.492619034178418e-001,-4.301600229607838e-001, 5.881665804715484e-002, 1.152595152691821e-001, 2.962541864257207e-001, 2.093905146844789e-001, 1.760027505634805e-001, 4.300810120551740e-002
 3.470000000000000e+000,-6.414617218844531e-001, 1.321735909629551e-001,-3.492563842073982e-001,-4.177811861132046e-001, 5.906296643974094e-002, 1.204122593896372e-001, 2.992497183953198e-001, 2.166366034450784e-001, 1.796035551976876e-001, 4.235194566787195e-002
 3.480000000000000e+000,-6.413188661399674e-001, 1.356594758980871e-001,-3.492517776892306e-001,-4.055166887190238e-001, 5.944704960326080e-002, 1.249763191502051e-001, 3.025226680070048e-001, 2.236598848313922e-001, 1.828064016467501e-001, 4.224801242534522e-002
 3.490000000000000e+000,-6.413563443002134e-001, 1.387940427723284e-001,-3.492482137121608e-001,-3.937918073094953e-001, 5.992771417821474e-002, 1.289821757951630e-001, 3.058011291963542e-001, 2.302226147498277e-001, 1.854770527847238e-001, 4.254872348044770e-002
 3.500000000000000e+000,-6.415317430552820e-001, 1.415734787530516e-001,-3.492456751864742e-001,-3.827181518174145e-001, 6.048829375841851e-002, 1.325680499622271e-001, 3.088689614443488e-001, 2.363817737387048e-001, 1.875724163880950e-001, 4.310133779417267e-002
