Main.Studies.MarkerTracking.t,Main.Studies.MarkerTracking.JointAngleOutputs.OutputFile1.PelvisPosX,Main.Studies.MarkerTracking.JointAngleOutputs.OutputFile1.PelvisPosY,Main.Studies.MarkerTracking.JointAngleOutputs.OutputFile1.PelvisPosZ,Main.Studies.MarkerTracking.JointAngleOutputs.OutputFile1.PelvisRotX,Main.Studies.MarkerTracking.JointAngleOutputs.OutputFile1.PelvisRotY,Main.Studies.MarkerTracking.JointAngleOutputs.OutputFile1.PelvisRotZ,Main.Studies.MarkerTracking.JointAngleOutputs.OutputFile1.PelvisThoraxExtension,Main.Studies.MarkerTracking.JointAngleOutputs.OutputFile1.PelvisThoraxLateralBending,Main.Studies.MarkerTracking.JointAngleOutputs.OutputFile1.PelvisThoraxRotation,Main.Studies.MarkerTracking.JointAngleOutputs.OutputFile1.SkullThoraxFlexion,Main.Studies.MarkerTracking.JointAngleOutputs.OutputFile1.SkullThoraxLateralBending,Main.Studies.MarkerTracking.JointAngleOutputs.OutputFile1.SkullThoraxRotation
 1.540000000000000e+000,-2.253481739801689e-001, 9.233988739145262e-001,-3.150728004974185e-001, 4.713849781376329e-002, 8.945255631661553e-002,-2.834796391734377e-003,-1.264759697444635e-001,-4.886217851500472e-002,-1.440973257720703e-001,-2.606209351863973e-002,-1.114079324103036e-001, 2.125990188752374e-001
 1.550000000000000e+000,-2.123144858821299e-001, 9.221298849385690e-001,-3.142824085621443e-001, 4.502703932617819e-002, 9.578597412931478e-002,-3.408119274695417e-003,-1.246953690683334e-001,-4.306626671278545e-002,-1.468929204549579e-001,-2.938645226719218e-002,-1.119872756244076e-001, 2.144395864711252e-001
 1.560000000000000e+000,-1.990107700263203e-001, 9.209218147121637e-001,-3.134747834054743e-001, 4.213580765813162e-002, 1.020594015746168e-001,-4.401197129844717e-003,-1.223838562503925e-001,-3.627440535625757e-002,-1.498120023822234e-001,-3.277658813237271e-002,-1.120976953843430e-001, 2.159568479057191e-001
 1.570000000000000e+000,-1.854257594870415e-001, 9.198421752561743e-001,-3.126547133204198e-001, 3.833176905151287e-002, 1.080288248913912e-001,-5.886513826557544e-003,-1.194563877582492e-001,-2.835750243267279e-002,-1.527792501287149e-001,-3.623393930868404e-002,-1.116088297087757e-001, 2.169578998740674e-001
 1.580000000000000e+000,-1.716236733657925e-001, 9.189617026203277e-001,-3.118305981156663e-001, 3.355279758515404e-002, 1.134254220044502e-001,-7.874511712204780e-003,-1.159109655643284e-001,-1.929545606310409e-002,-1.556863908150957e-001,-3.973291278086408e-002,-1.104312116825031e-001, 2.172836784383269e-001
 1.590000000000000e+000,-1.576705836701466e-001, 9.183266487402573e-001,-3.110088630926625e-001, 2.782418643568502e-002, 1.180715402450117e-001,-1.030241111408679e-002,-1.118361644871813e-001,-9.164342247057044e-003,-1.584398609831113e-001,-4.323539545962281e-002,-1.085500079766559e-001, 2.168732620493323e-001
 1.600000000000000e+000,-1.436093651446706e-001, 9.179786676395085e-001,-3.101946815439376e-001, 2.121458901262235e-002, 1.218072555395993e-001,-1.306554322269958e-002,-1.073706142814433e-001, 1.916272279985447e-003,-1.609371995806620e-001,-4.670288191686720e-002,-1.059831134398795e-001, 2.157014457315015e-001
 1.610000000000000e+000,-1.294743264013351e-001, 9.179469999329392e-001,-3.093912168249478e-001, 1.386250953238054e-002, 1.245185366712376e-001,-1.601678348698917e-002,-1.027028249198266e-001, 1.374804989516254e-002,-1.630762321517926e-001,-5.010024802030819e-002,-1.027994387745588e-001, 2.138020712539325e-001
 1.620000000000000e+000,-1.152943320260481e-001, 9.182467498316630e-001,-3.085984532561021e-001, 5.972179716750728e-003, 1.261471830346339e-001,-1.897543595260929e-002,-9.805783602763599e-002, 2.605498532937372e-002,-1.647579749405688e-001,-5.340372943983559e-002,-9.911844662293920e-002, 2.112724568789644e-001
 1.630000000000000e+000,-1.010950695014013e-001, 9.188784242872272e-001,-3.078123840929686e-001,-2.204951491973404e-003, 1.267023849864899e-001,-2.174287247484118e-002,-9.367692182130719e-002, 3.850369686327237e-002,-1.658936893243952e-001,-5.660759797754591e-002,-9.509910733243093e-002, 2.082715857294244e-001
 1.640000000000000e+000,-8.690122657627229e-002, 9.198294834768643e-001,-3.070252822586947e-001,-1.039910242922018e-002, 1.262661491011894e-001,-2.413160374098035e-002,-8.978446377865799e-002, 5.073853815457558e-002,-1.664147626291146e-001,-5.972702418316509e-002,-9.091797463025068e-002, 2.050068561603229e-001
 1.650000000000000e+000,-7.273848094092938e-002, 9.210772818292476e-001,-3.062268271712666e-001,-1.835615562901389e-002, 1.249861682079105e-001,-2.600176377596263e-002,-8.654867668809912e-002, 6.242390399917824e-002,-1.662809430600825e-001,-6.279573183097947e-002,-8.674181262425804e-002, 2.017095539001657e-001
 1.660000000000000e+000,-5.863469014345086e-002, 9.225920360065970e-001,-3.054056972279689e-001,-2.586889863082409e-002, 1.230579463736128e-001,-2.728967197366899e-002,-8.405198275225212e-002, 7.328431235897419e-002,-1.654836549236410e-001,-6.585982570980023e-002,-8.270255759714651e-002, 1.986055011271000e-001
 1.670000000000000e+000,-4.461992314529983e-002, 9.243392189494410e-001,-3.045517193466036e-001,-3.279863889190264e-002, 1.207003469864809e-001,-2.801818124008627e-002,-8.228105475979393e-002, 8.313507444490101e-002,-1.640445438926309e-001,-6.897003539948191e-002,-7.887855515629200e-002, 1.958863705323060e-001
 1.680000000000000e+000,-3.072524248311547e-002, 9.262815595050924e-001,-3.036585902082436e-001,-3.908437420995278e-002, 1.181270539392738e-001,-2.828574825666426e-002,-8.113902573216805e-002, 9.189978646031384e-002,-1.620097918130051e-001,-7.217345523534620e-002,-7.528329134274645e-002, 1.936849776090475e-001
 1.690000000000000e+000,-1.698015557158386e-002, 9.283807624145668e-001,-3.027265216404596e-001,-4.473703387964403e-002, 1.155186437671658e-001,-2.823520046274314e-002,-8.047805409335267e-002, 9.960890888495846e-002,-1.594380281349752e-001,-7.550560792784702e-002,-7.186620740293681e-002, 1.920614681016015e-001
 1.700000000000000e+000,-3.409145136888553e-003, 9.305988639319589e-001,-3.017636193371560e-001,-4.981800877744262e-002, 1.130021922077118e-001,-2.800926596797536e-002,-8.014480894903074e-002, 1.063746724755016e-001,-1.563835254077326e-001,-7.898469717061835e-002,-6.852982644805433e-002, 1.910053642389784e-001
 1.710000000000000e+000, 9.971500934623491e-003, 9.328993495328172e-001,-3.007851640745269e-001,-5.440813103221641e-002, 1.106427144021160e-001,-2.770723816574660e-002,-8.002494439428425e-002, 1.123480426961683e-001,-1.528822477344163e-001,-8.260940337067994e-002,-6.515906271483159e-002, 1.904510677130493e-001
 1.720000000000000e+000, 2.315530652920085e-002, 9.352483088589985e-001,-2.998110205517043e-001,-5.857678143623410e-002, 1.084465006055047e-001,-2.736001863919985e-002,-8.006878265975181e-002, 1.176713654286509e-001,-1.489462250135819e-001,-8.635873131296468e-002,-6.165248842385211e-002, 1.903010957411918e-001
 1.730000000000000e+000, 3.614524863006312e-002, 9.376155657705798e-001,-2.988621043926243e-001,-6.235882758128880e-002, 1.063735394634133e-001,-2.693335321212370e-002,-8.028748556814476e-002, 1.224395319173681e-001,-1.445667750453109e-001,-9.019224506336576e-002,-5.794653336749238e-002, 1.904494825940214e-001
 1.740000000000000e+000, 4.895176780446878e-002, 9.399754068716444e-001,-2.979569596170569e-001,-6.574541229558478e-002, 1.043547650801202e-001,-2.635467906745351e-002,-8.072548903245430e-002, 1.266801067459043e-001,-1.397244946468747e-001,-9.405247079020232e-002,-5.402707587253472e-002, 1.907986180585647e-001
 1.750000000000000e+000, 6.158971637599216e-002, 9.423066100668899e-001,-2.971093532438455e-001,-6.869005184450332e-002, 1.023082170049530e-001,-2.554976122842920e-002,-8.142520842958709e-002, 1.303564539481267e-001,-1.344009954278521e-001,-9.787171528308028e-002,-4.992652534147454e-002, 1.912705397269900e-001
 1.760000000000000e+000, 7.407530332763146e-002, 9.445919066576811e-001,-2.963266531254316e-001,-7.113263168984425e-002, 1.001590578492360e-001,-2.446767377880095e-002,-8.240740390626243e-002, 1.333960724426483e-001,-1.286076957246546e-001,-1.015823418996045e-001,-4.570536478299719e-002, 1.917899561384799e-001
 1.770000000000000e+000, 8.642335703525989e-002, 9.468167613888088e-001,-2.956106126142776e-001,-7.301078779407665e-002, 9.784058746089008e-002,-2.310108732966288e-002,-8.365474938847134e-002, 1.357088306193120e-001,-1.223770669756132e-001,-1.051268499496628e-001,-4.143998699400299e-002, 1.923051337267960e-001
 1.780000000000000e+000, 9.864669643726767e-002, 9.489683870334066e-001,-2.949586138483452e-001,-7.427955045168033e-002, 9.530144532650664e-002,-2.148091408873983e-002,-8.512064440051886e-002, 1.372159776075590e-001,-1.157718534603605e-001,-1.084647193299816e-001,-3.720496709101195e-002, 1.927682801734439e-001
 1.790000000000000e+000, 1.107565619335519e-001, 9.510347162872576e-001,-2.943670321969726e-001,-7.491557191935469e-002, 9.248728519507088e-002,-1.966972375636008e-002,-8.673388650485826e-002, 1.378665325282408e-001,-1.088614242028226e-001,-1.115745216024523e-001,-3.305246075105540e-002, 1.931446360999555e-001
 1.800000000000000e+000, 1.227634043858548e-001, 9.530039183424037e-001,-2.938315586980629e-001,-7.491983409392421e-002, 8.935734061623535e-002,-1.774107468258537e-002,-8.842005172700888e-002, 1.376390280762300e-001,-1.017140163716419e-001,-1.144546134666269e-001,-2.902696806248042e-002, 1.934128086566523e-001
 1.810000000000000e+000, 1.346769398298797e-001, 9.548639823123144e-001,-2.933481203947500e-001,-7.431680218792992e-002, 8.588484015161346e-002,-1.576745952252714e-002,-9.011375020961721e-002, 1.365465850509605e-001,-9.439566921593549e-002,-1.171234057729454e-001,-2.515606298761574e-002, 1.935669927431918e-001
 1.820000000000000e+000, 1.465059866985145e-001, 9.566026214469334e-001,-2.929125201479176e-001,-7.315129629364722e-002, 8.206704810175269e-002,-1.380613434122538e-002,-9.177453833295515e-002, 1.346331420133602e-001,-8.697728265503349e-002,-1.196187088011248e-001,-2.145519209762400e-002, 1.936090283085607e-001
 1.830000000000000e+000, 1.582582385583606e-001, 9.582074718959295e-001,-2.925206413178739e-001,-7.148159317583405e-002, 7.792157308204928e-002,-1.189216588896968e-002,-9.339374416526454e-002, 1.319650817564129e-001,-7.953388036408980e-002,-1.219939833380144e-001,-1.792968050447580e-002, 1.935393838154648e-001
 1.840000000000000e+000, 1.699401042967429e-001, 9.596667374015205e-001,-2.921689856745711e-001,-6.937237309205549e-002, 7.347586088958913e-002,-1.004002004473851e-002,-9.499043972373614e-002, 1.286216863982664e-001,-7.213632474947886e-002,-1.243116517788315e-001,-1.457747980100011e-002, 1.933530891619382e-001
 1.850000000000000e+000, 1.815568947818291e-001, 9.609700013918088e-001,-2.918551278210003e-001,-6.688794131121104e-002, 6.875762999745083e-002,-8.249440506206920e-003,-9.660132112804577e-002, 1.246849289729757e-001,-6.484074662542939e-002,-1.266346052362638e-001,-1.139465114215520e-002, 1.930427786239904e-001
 1.860000000000000e+000, 1.931134077031014e-001, 9.621087008986553e-001,-2.915776264150331e-001,-6.408421492645887e-002, 6.378998927632629e-002,-6.509717428911034e-003,-9.827212534624864e-002, 1.202269958988535e-001,-5.768304260631081e-002,-1.290182048942595e-001,-8.381717109437871e-003, 1.926027100003059e-001
 1.870000000000000e+000, 2.046144034953604e-001, 9.630762371297134e-001,-2.913354242628554e-001,-6.100264553139004e-002, 5.859162294181530e-002,-4.803196290552653e-003,-1.000515447833593e-001, 1.153005062061055e-001,-5.068183429396463e-002,-1.315058723294608e-001,-5.546271876422431e-003, 1.920287346970178e-001
 1.880000000000000e+000, 2.160645670480611e-001, 9.638681441890205e-001,-2.911271847873265e-001,-5.767055525370673e-002, 5.318074269837148e-002,-3.113737568405743e-003,-1.019815306198581e-001, 1.099378650792222e-001,-4.384531191370091e-002,-1.341286837309297e-001,-2.901397273279063e-003, 1.913177684003240e-001
 1.890000000000000e+000, 2.274682138076937e-001, 9.644824302276013e-001,-2.909509191646433e-001,-5.410726023739117e-002, 4.757958524048545e-002,-1.438763674769418e-003,-1.040839848475209e-001, 1.041590368291970e-001,-3.717539046667191e-002,-1.369066579049834e-001,-4.628035495477179e-004, 1.904704873729855e-001
 1.900000000000000e+000, 2.388291053688172e-001, 9.649197680642112e-001,-2.908040512016485e-001,-5.033231850233241e-002, 4.181679494709800e-002, 2.038315343990862e-004,-1.063530598421826e-001, 9.798320534639657e-002,-3.066998201088936e-002,-1.398500308395717e-001, 1.754665427603294e-003, 1.894925218706297e-001
 1.910000000000000e+000, 2.501504451255837e-001, 9.651833162231424e-001,-2.906838723190339e-001,-4.637381146052643e-002, 3.592823018146718e-002, 1.777016998427628e-003,-1.087569636178690e-001, 9.144169732111369e-002,-2.432809994165078e-002,-1.429599953895945e-001, 3.742157817814416e-003, 1.883895983105689e-001
 1.920000000000000e+000, 2.614351343472646e-001, 9.652782190801822e-001,-2.905882053251445e-001,-4.227582134927819e-002, 2.995679709451737e-002, 3.229977423007458e-003,-1.112439625901589e-001, 8.459043784482823e-002,-1.815626113465234e-002,-1.462285996501021e-001, 5.503097923763274e-003, 1.871603453291927e-001
 1.930000000000000e+000, 2.726862536548694e-001, 9.652109502586054e-001,-2.905160344275173e-001,-3.810310318115021e-002, 2.394972021028341e-002, 4.504000762315178e-003,-1.137479884034345e-001, 7.751799003148048e-002,-1.217062639445819e-002,-1.496374622407164e-001, 7.057705215885744e-003, 1.857919698117414e-001
 1.940000000000000e+000, 2.839074868658643e-001, 9.649887329653472e-001,-2.904678052056883e-001,-3.394058660611889e-002, 1.795320691725855e-002, 5.537949145323577e-003,-1.161935379884813e-001, 7.034489833711159e-002,-6.394240561736327e-003,-1.531556045309059e-001, 8.442203505895977e-003, 1.842598971989508e-001
 1.950000000000000e+000, 2.951033436484439e-001, 9.646191313457253e-001,-2.904452642550915e-001,-2.988730106908192e-002, 1.200810705300226e-002, 6.273710796330081e-003,-1.185015628817504e-001, 6.321401506141056e-002,-8.550747117497719e-004,-1.567380466805373e-001, 9.703005380604989e-003, 1.825297044649938e-001
 1.960000000000000e+000, 3.062792804964458e-001, 9.641096794881237e-001,-2.904510145480863e-001,-2.604699102987870e-002, 6.149202693908951e-003, 6.662452892779476e-003,-1.205975634603537e-001, 5.627605161992671e-002, 4.411229841558591e-003,-1.603272395259073e-001, 1.089026192458237e-002, 1.805590475562468e-001
 1.970000000000000e+000, 3.174417596119581e-001, 9.634674887035957e-001,-2.904879844085258e-001,-2.251925673768796e-002, 4.065121013316908e-004, 6.670696591124940e-003,-1.224202862491040e-001, 4.967600672365167e-002, 9.358067288428645e-003,-1.638577857583866e-001, 1.205331587315519e-002, 1.783000199242253e-001
 1.980000000000000e+000, 3.285981740946097e-001, 9.626989565752059e-001,-2.905588810786131e-001,-1.939412398307738e-002,-5.193598128400367e-003, 6.283720783266850e-003,-1.239275648065483e-001, 4.354408196674838e-002, 1.392930407959179e-002,-1.672623370242610e-001, 1.323643856310008e-002, 1.757048154091917e-001
 1.990000000000000e+000, 3.397569620584602e-001, 9.618096055519650e-001,-2.906658224602940e-001,-1.675019579606953e-002,-1.062845286438208e-002, 5.506157818506087e-003,-1.250978968311081e-001, 3.799157287969121e-002, 1.806628612781676e-002,-1.704756618741699e-001, 1.447405057028928e-002, 1.727352354257934e-001
 2.000000000000000e+000, 3.509284955324528e-001, 9.608038172733425e-001,-2.908105476641596e-001,-1.465489907972117e-002,-1.588355481500181e-002, 4.362910647596756e-003,-1.259298878531839e-001, 3.311060198128879e-002, 2.172094939819322e-002,-1.734356575929427e-001, 1.578843542764941e-002, 1.693721989118799e-001
 2.010000000000000e+000, 3.621264995757010e-001, 9.596842777327717e-001,-2.909953033367905e-001,-1.316605931876814e-002,-2.096413679410203e-002, 2.902215749868715e-003,-1.264423957091065e-001, 2.897670673248852e-002, 2.487352722023520e-002,-1.760826328671256e-001, 1.719235207134507e-002, 1.656199959268008e-001
 2.020000000000000e+000, 3.733690722361830e-001, 9.584512800932615e-001,-2.912238665134462e-001,-1.233481841798830e-002,-2.590900924232109e-002, 1.199474300963218e-003,-1.266763527188091e-001, 2.565343958434584e-002, 2.754810005059741e-002,-1.783592042191768e-001, 1.869480854285298e-002, 1.615039447257884e-001
 2.030000000000000e+000, 3.846789205367443e-001, 9.571021459795810e-001,-2.915021211672478e-001,-1.220943710638439e-002,-3.079845387282432e-002,-6.409169161299767e-004,-1.266961487259854e-001, 2.319800076522145e-002, 2.981995502887942e-002,-1.802118289457295e-001, 2.030718149378295e-002, 1.570649672775668e-001
 2.040000000000000e+000, 3.960829194523839e-001, 9.556310021010679e-001,-2.918379858707687e-001,-1.283831383174838e-002,-3.575201130865602e-002,-2.488614883341686e-003,-1.265867222985943e-001, 2.166592051649244e-002, 3.181308308463071e-002,-1.815929021772854e-001, 2.204763423592090e-002, 1.523547169174368e-001
 2.050000000000000e+000, 4.076107839463893e-001, 9.540294124736296e-001,-2.922405940572809e-001,-1.426885921855903e-002,-4.091643291161096e-002,-4.197006469383431e-003,-1.264448456675930e-001, 2.111007537969152e-002, 3.368794194655519e-002,-1.824628208492000e-001, 2.394109820758889e-002, 1.474325966504327e-001
 2.060000000000000e+000, 4.192924077082596e-001, 9.522887268208262e-001,-2.927186125317390e-001,-1.653787632044258e-002,-4.644425168995570e-002,-5.621884046431592e-003,-1.263635502171773e-001, 2.156779881822552e-002, 3.561978237188122e-002,-1.827935986512163e-001, 2.601233452053718e-002, 1.423644222813645e-001
 2.070000000000000e+000, 4.311538149030260e-001, 9.504048133616516e-001,-2.932778415423367e-001,-1.964865880922248e-002,-5.246234578487696e-002,-6.652063145720676e-003,-1.264068605067523e-001, 2.303107746431383e-002, 3.776565236141790e-002,-1.825741584237029e-001, 2.827343467653:196) : , 1.372193887107652e-001
 2.080000000000000e+000, 4.432121741658296e-001, 9.483848906394728e-001,-2.939187080568613e-001,-2.352880857629998e-002,-5.903816440475396e-002,-7.245278509608503e-003,-1.265822347577381e-001, 2.539098980497071e-002, 4.024378527018196e-002,-1.818150269259764e-001, 3.069211474411298e-002, 1.320828819708519e-001
 2.090000000000000e+000, 4.554719185841082e-001, 9.462542709811143e-001,-2.946350304470998e-001,-2.797926737369669e-002,-6.614881059701561e-002,-7.453478772863824e-003,-1.268230589969482e-001, 2.837893515433390e-002, 4.309002218775827e-002,-1.805497651273642e-001, 3.318025047119976e-002, 1.270470447402258e-001
 2.100000000000000e+000, 4.679236533852964e-001, 9.440595642851651e-001,-2.954145337972630e-001,-3.264119415185561e-002,-7.367733994818604e-002,-7.417556351418634e-003,-1.270011240208112e-001, 3.152730595859123e-002, 4.626477572566402e-002,-1.788334204631410e-001, 3.557260526933117e-002, 1.222270479384554e-001
 2.110000000000000e+000, 4.805477085072422e-001, 9.418650192398685e-001,-2.962408664827697e-001,-3.702625537550408e-002,-8.143688328445764e-002,-7.334389578277708e-003,-1.269569177398647e-001, 3.421168091097661e-002, 4.967101884201477e-002,-1.767336531484461e-001, 3.764616363080275e-002, 1.177546325517659e-001
 2.120000000000000e+000, 4.933209284302141e-001, 9.397427907531031e-001,-2.970957779042294e-001,-4.061103828359049e-002,-8.921630094624278e-002,-7.412302292159538e-003,-1.265308450647711e-001, 3.576950860319687e-002, 5.319127318844649e-002,-1.743151177512587e-001, 3.916320834290213e-002, 1.137616244202411e-001
 2.130000000000000e+000, 5.062234611614697e-001, 9.377620501754985e-001,-2.979610249626722e-001,-4.294187907997308e-002,-9.682373548664724e-002,-7.833286352905323e-003,-1.255839124894093e-001, 3.562968577920839e-002, 5.672057445753005e-002,-1.716243225611748e-001, 3.991603997666100e-002, 1.103598681363154e-001
 2.140000000000000e+000, 5.192427763590036e-001, 9.359816901882432e-001,-2.988203732868711e-001,-4.369632812938707e-002,-1.041092478287269e-001,-8.731485297817530e-003,-1.240075767859033e-001, 3.338980179080147e-002, 6.018163183433545e-002,-1.686818274177354e-001, 3.975469678809223e-002, 1.076283440363826e-001
 2.150000000000000e+000, 5.323741374509602e-001, 9.344477609545063e-001,-2.996614773051314e-001,-4.269538250579043e-002,-1.109660000958994e-001,-1.018652307994744e-002,-1.217278199049088e-001, 2.883451291439922e-002, 6.352251143247814e-002,-1.654825167497131e-001, 3.859768715993019e-002, 1.056094462703614e-001
 2.160000000000000e+000, 5.456182274764992e-001, 9.331941241193623e-001,-3.004768089508849e-001,-3.989071420810138e-002,-1.173220537106263e-001,-1.222313715390744e-002,-1.187107970075333e-001, 2.192107460310771e-002, 6.670959935784687e-002,-1.620021493720696e-001, 3.642962987767447e-002, 1.043134709760252e-001
 2.170000000000000e+000, 5.589774921357527e-001, 9.322446238463031e-001,-3.012635536758848e-001,-3.534833509208990e-002,-1.231313120554511e-001,-1.481439613207605e-002,-1.149679721043611e-001, 1.276063963321028e-002, 6.970592189289680e-002,-1.582077136683096e-001, 3.330745495875581e-002, 1.037102498836232e-001
 2.180000000000000e+000, 5.724515981942321e-001, 9.316152835871218e-001,-3.020221761735662e-001,-2.923296183610053e-002,-1.283725427824685e-001,-1.788053009819638e-002,-1.105689020658740e-001, 1.589426656208408e-003, 7.249285942616862e-002,-1.540706162809057e-001, 2.933293063301297e-002, 1.037552281863536e-001
 2.190000000000000e+000, 5.860341748344051e-001, 9.313158622533643e-001,-3.027552698477887e-001,-2.179463864696700e-002,-1.330484730697550e-001,-2.129346359705265e-002,-1.056433629428688e-001,-1.124921755215210e-002, 7.505542584624905e-002,-1.495759203664298e-001, 2.465633966428265e-002, 1.043764848094505e-001
 2.200000000000000e+000, 5.997107697059265e-001, 9.313498362105521e-001,-3.034669330604863e-001,-1.335225432832670e-002,-1.371893963576647e-001,-2.488064609673343e-002,-1.003813521961993e-001,-2.532786078800720e-002, 7.737794299783969e-002,-1.447283153656536e-001, 1.946856797697268e-002, 1.054665042860710e-001
 2.210000000000000e+000, 6.134586547806352e-001, 9.317132636995900e-001,-3.041632827117432e-001,-4.272093442309314e-003,-1.408572724955242e-001,-2.843731002773145e-002,-9.501917451201709e-002,-4.015962139373994e-002, 7.943287017464834e-002,-1.395543453126091e-001, 1.399639778105766e-002, 1.068680093852653e-001
 2.220000000000000e+000, 6.272477854319879e-001, 9.323940570212402e-001,-3.048531262780514e-001, 5.061735594206831e-003,-1.441457772351806e-001,-3.175436063600651e-002,-8.980590054119451e-002,-5.523154217496390e-002, 8.117731365215587e-002,-1.341018639959856e-001, 8.487535439781200e-003, 1.083738496343942e-001
 2.230000000000000e+000, 6.410419301588365e-001, 9.333727242853682e-001,-3.055476488809544e-001, 1.428790526405179e-002,-1.471700653556733e-001,-3.465760358694502e-002,-8.495846241628263e-002,-7.005343517352325e-002, 8.255662298208503e-002,-1.284374497693851e-001, 3.180866081956002e-003, 1.097453406934262e-001
 2.240000000000000e+000, 6.547996899225552e-001, 9.346239557084177e-001,-3.062589405357487e-001, 2.311376124562131e-002,-1.500457241346667e-001,-3.704202632383846e-002,-8.062452553354636e-002,-8.421597700660959e-002, 8.350632610105085e-002,-1.226418683402124e-001,-1.728377166080515e-003, 1.107404091536091e-001
 2.250000000000000e+000, 6.684760250286131e-001, 9.361178544616006e-001,-3.069978735089668e-001, 3.135052250066846e-002,-1.528654746407894e-001,-3.888613948900403e-002,-7.686757843985735e-002,-9.743768899968004e-002, 8.395416430253248e-002,-1.168037795037080e-001,-6.114165853110245e-003, 1.111455242722294e-001
 2.260000000000000e+000, 6.820250742034779e-001, 9.378205464843925e-001,-3.077720328084063e-001, 3.892443261841811e-002,-1.556836290360648e-001,-4.024111804760733e-002,-7.367731275907972e-002,-1.095832961569340e-001, 8.383103078449102e-002,-1.110117423064086e-001,-9.928605563615266e-003, 1.108091838273332e-001
 2.270000000000000e+000, 6.954042376791967e-001, 9.396947555935679e-001,-3.085842997929897e-001, 4.586094868652639e-002,-1.585107961498529e-001,-4.119903876091029e-002,-7.099950355591862e-002,-1.206486372518306e-001, 8.308654214158341e-002,-1.053441569013078e-001,-1.319328256406714e-002, 1.096663596611125e-001
 2.280000000000000e+000, 7.085784124742111e-001, 9.417008817197407e-001,-3.094323510823666e-001, 5.224607306996262e-002,-1.613151723631274e-001,-4.185251571724765e-002,-6.877299349006838e-002,-1.307160249539829e-001, 8.169498740462119e-002,-9.985850270473005e-002,-1.597569372889552e-002, 1.077405464210540e-001
 2.290000000000000e+000, 7.215229426127425e-001, 9.437987391851624e-001,-3.103091584907696e-001, 5.817551545810441e-002,-1.640278619855646e-001,-4.226250295553576e-002,-6.695807320699586e-002,-1.398921967397836e-001, 7.964762854618755e-002,-9.458362997476033e-002,-1.835831055014339e-002, 1.051233889904617e-001
 2.300000000000000e+000, 7.342244908798040e-001, 9.459498527082024e-001,-3.112044189500388e-001, 6.370911620056562e-002,-1.665526567458917e-001,-4.244689124627929e-002,-6.554523365871523e-002,-1.482501740055937e-001, 7.694130605999952e-002,-8.951852646278428e-002,-2.041188402382363e-002, 1.019453098547807e-001
 2.310000000000000e+000, 7.466800809484706e-001, 9.481198190307905e-001,-3.121064269491096e-001, 6.884629163305323e-002,-1.687794299315097e-001,-4.238975527544251e-002,-6.454558844121157e-002,-1.557960631491938e-001, 7.357333556158467e-002,-8.463785760741602e-002,-2.218317915604581e-002, 9.835119210989891e-002
 2.320000000000000e+000, 7.588951223637730e-001, 9.502798952180479e-001,-3.130036584420562e-001, 7.352680995817981e-002,-1.705971473397778e-001,-4.205911088725182e-002,-6.397570101149561e-002,-1.624684089122298e-001, 6.954331892536721e-002,-7.990221820612269e-002,-2.369904776844250e-002, 9.448633416666073e-002
 2.330000000000000e+000, 7.708810935648562e-001, 9.524072445630978e-001,-3.138857361049285e-001, 7.764981818499087e-002,-1.719031902733488e-001,-4.142056878844702e-002,-6.384938078495504e-002,-1.681619025766654e-001, 6.485765105663102e-002,-7.527090553943260e-002,-2.497952547100543e-002, 9.049023831080191e-002
 2.340000000000000e+000, 7.826533224462688e-001, 9.544839666843934e-001,-3.147440710520011e-001, 8.110162978247457e-002,-1.726099990368042e-001,-4.044360114440394e-002,-6.417814134448922e-002,-1.727620086591434e-001, 5.953492003578718e-002,-7.071439759385478e-002,-2.605079572579893e-002, 8.649414449068668e-002
 2.350000000000000e+000, 7.942291683586730e-001, 9.564955178733569e-001,-3.155723355089360e-001, 8.378544817914847e-002,-1.726507025896755e-001,-3.910504328079923e-002,-6.497283865442845e-002,-1.761804253762977e-001, 5.361164142220951e-002,-6.622207733690090e-002,-2.695341874713726e-002, 8.262014408567288e-002
 2.360000000000000e+000, 8.056267325237909e-001, 9.584291595183485e-001,-3.163663455534939e-001, 8.564585080897007e-002,-1.719817375132791e-001,-3.739405877993725e-002,-6.623956929127468e-002,-1.783826028945746e-001, 4.714502184654437e-002,-6.180081684984905e-002,-2.774451324522779e-002, 7.898122165941296e-002
 2.370000000000000e+000, 8.168640866516409e-001, 9.602728209084986e-001,-3.171232250068316e-001, 8.668068293289803e-002,-1.705812343382098e-001,-3.531715909358456e-002,-6.797068367352738e-002,-1.793994009450834e-001, 4.020963783547631e-002,-5.746439637283682e-002,-2.849331916137513e-002, 7.568024728599761e-002
 2.380000000000000e+000, 8.279588973931265e-001, 9.620145271475638e-001,-3.178404361382478e-001, 8.693832824957273e-002,-1.684457954803373e-001,-3.289987705896910e-002,-7.013728494956084e-002,-1.793214918029580e-001, 3.288943373299282e-002,-5.322079797557358e-002,-2.927178440750538e-002, 7.280660763358539e-002
 2.390000000000000e+000, 8.389282401844980e-001, 9.636423544373747e-001,-3.185150929531277e-001, 8.650472988661914e-002,-1.655872288074014e-001,-3.018306796894612e-002,-7.268989621124253e-002,-1.782833353442508e-001, 2.527004092030393e-002,-4.906637225113653e-002,-3.014612301990978e-002, 7.043362722431462e-002
 2.400000000000000e+000, 8.497884633926010e-001, 9.651447967322098e-001,-3.191446330773066e-001, 8.548682948039781e-002,-1.620364324320276e-001,-2.721532248287805e-002,-7.556649977189503e-002,-1.764398178606065e-001, 1.743123827841929e-002,-4.498710952556465e-002,-3.115908688759200e-002, 6.861222450714224e-002
 2.410000000000000e+000, 8.605546867805928e-001, 9.665112422625440e-001,-3.197261829053533e-001, 8.399559278368932e-002,-1.578370358926078e-001,-2.404357214966845e-002,-7.870689262861390e-002,-1.739503921510139e-001, 9.448700198594961e-003,-4.096790278601258e-002,-3.233721304788527e-002, 6.737402343633853e-002
 2.420000000000000e+000, 8.712403481473702e-001, 9.677326612084809e-001,-3.202578533652845e-001, 8.213387173736450e-002,-1.530485776931088e-001,-2.071106536105207e-002,-8.205726345921241e-002,-1.709588963924847e-001, 1.389820880619827e-003,-3.699824292075445e-002,-3.367792284989709e-002, 6.672415505755659e-002
 2.430000000000000e+000, 8.818573301566304e-001, 9.688017701715708e-001,-3.207382573353893e-001, 7.998689728979130e-002,-1.477316692655442e-001,-1.724661265640686e-002,-8.558445162631252e-002,-1.675855900045266e-001,-6.688194010992330e-003,-3.307768982694471e-002,-3.516220212664730e-002, 6.664722316948815e-002
 2.440000000000000e+000, 8.924149227400318e-001, 9.697138029787350e-001,-3.211676010158934e-001, 7.762402726570353e-002,-1.419577175433595e-001,-1.368073664456626e-002,-8.925920138154378e-002,-1.639230412985567e-001,-1.473464867435861e-002,-2.921531369707483e-002,-3.674855723064893e-002, 6.710536480158277e-002
 2.450000000000000e+000, 9.029202427716719e-001, 9.704662170643327e-001,-3.215470627329117e-001, 7.510081981113520e-002,-1.357997639849475e-001,-1.003783662117548e-002,-9.306468857369402e-002,-1.600432257754114e-001,-2.270468931216281e-002,-2.542909641769293e-002,-3.838816865409932e-002, 6.804531814026857e-002
 2.460000000000000e+000, 9.133784052027824e-001, 9.710585336566910e-001,-3.218788412098963e-001, 7.246251372415344e-002,-1.293346629098524e-001,-6.340032580877022e-003,-9.699094346489882e-002,-1.560014806155614e-001,-3.055631910637045e-002,-2.174254627354065e-002,-4.002907367143069e-002, 6.940104893594266e-002
 2.470000000000000e+000, 9.237933592438994e-001, 9.714919254154601e-001,-3.221661039260189e-001, 6.974544279651178e-002,-1.226441704446502e-001,-2.608140917687490e-003,-1.010312856507566e-001,-1.518386754239298e-001,-3.824458076947932e-002,-1.817996103910310e-002,-4.162101659412604e-002, 7.110057132990223e-002
 2.480000000000000e+000, 9.341690270376669e-001, 9.717687373325620e-001,-3.224129341453009e-001, 6.697753806371903e-002,-1.158161955866328e-001, 1.138033174177996e-003,-1.051789349277223e-001,-1.475825184112291e-001,-4.571576953538230e-002,-1.476158705001014e-002,-4.311927339665757e-002, 7.307408338154424e-002
 2.490000000000000e+000, 9.445101887393702e-001, 9.718920618019311e-001,-3.226239674867071e-001, 6.417931865172963e-002,-1.089432800446697e-001, 4.877925357496992e-003,-1.094221407809452e-001,-1.432499349062724e-001,-5.290740591395767e-002,-1.149957896626509e-002,-4.448770000436974e-002, 7.525981618541035e-002
 2.500000000000000e+000, 9.548226444894905e-001, 9.718655025093946e-001,-3.228036273935844e-001, 6.136590112121853e-002,-1.021160790926197e-001, 8.585017581821570e-003,-1.137363803694549e-001,-1.388504422023691e-001,-5.975611510060513e-002,-8.394799718453446e-003,-4.569976111356109e-002, 7.760628382163738e-002
 2.510000000000000e+000, 9.651127291942655e-001, 9.716931980625679e-001,-3.229552960038821e-001, 5.855024639667358e-002,-9.541372255736857e-002, 1.222014401354050e-002,-1.180764554813815e-001,-1.343905153780005e-001,-6.620961719969822e-002,-5.435899621504654e-003,-4.673812166964459e-002, 8.007218422044476e-002
 2.520000000000000e+000, 9.753867522712616e-001, 9.713799733455260e-001,-3.230808607519158e-001, 5.574743346654296e-002,-8.889578745266014e-002, 1.572892336348799e-002,-1.223750071500997e-001,-1.298795013097637e-001,-7.223493961056829e-002,-2.602293777882686e-003,-4.759628458692963e-002, 8.262690610660191e-002
 2.530000000000000e+000, 9.856505811669414e-001, 9.709314553552008e-001,-3.231808301664917e-001, 5.297951911813931e-002,-8.259968680457752e-002, 1.904345858950416e-002,-1.265470108563686e-001,-1.253364332269354e-001,-7.781832091621817e-002, 1.302299712868876e-004,-4.828274913976504e-002, 8.525212199283115e-002
 2.540000000000000e+000, 9.959092629497810e-001, 9.703540667588606e-001,-3.232548238258568e-001, 5.028070398451346e-002,-7.654339196441473e-002, 2.208342882108301e-002,-1.304934394814625e-001,-1.207963404094117e-001,-8.295942476295740e-002, 2.784463130937868e-003,-4.882372462472372e-002, 8.794226460274066e-002
 2.550000000000000e+000, 1.006166914985864e+000, 9.696547676335217e-001,-3.233021120875987e-001, 4.770061614216657e-002,-7.072969912852756e-002, 2.475822667891784e-002,-1.341049029120494e-001,-1.163132957129018e-001,-8.766547144612973e-002, 5.378910541041812e-003,-4.926098786033156e-002, 9.070317776629766e-002
 2.560000000000000e+000, 1.016427116271811e+000, 9.688405402645977e-001,-3.233220990248800e-001, 4.530288708754696e-002,-6.514928135333498e-002, 2.697465444491811e-002,-1.372705883042659e-001,-1.119576410125258e-001,-9.194820908323136e-002, 7.926232585587369e-003,-4.964561184669308e-002, 9.355006049653923e-002
 2.570000000000000e+000, 1.026693683902768e+000, 9.679178107502657e-001,-3.233147087539651e-001, 4.315947460327900e-002,-5.978295656483579e-002, 2.864820671839302e-002,-1.398909409298356e-001,-1.078086905904849e-001,-9.582238460368082e-002, 1.043195674124648e-002,-5.003129202429434e-002, 9.650587976374390e-002
 2.580000000000000e+000, 1.036971624917918e+000, 9.668919577618311e-001,-3.232805182932833e-001, 4.134314933669597e-002,-5.460308139223447e-002, 2.971329747809259e-002,-1.418885425854971e-001,-1.039456567425237e-001,-9.930523686501011e-002, 1.289455946253939e-002,-5.046870185482996e-002, 9.959988860264568e-002
 2.590000000000000e+000, 1.047267996886411e+000, 9.657669832728343e-001,-3.232206129564517e-001, 3.991986108883652e-002,-4.957289651441243e-002, 3.013074556269895e-002,-1.432149150157789e-001,-1.004381809883815e-001,-1.024196500013476e-001, 1.530797846910783e-002,-5.099948897011119e-002, 1.028640866020832e-001
 2.600000000000000e+000, 1.057592458086801e+000, 9.645453630387393e-001,-3.231363846817750e-001, 3.894237740956639e-002,-4.464528000513313e-002, 2.989390513659276e-002,-1.438557520979466e-001,-9.733853192961883e-002,-1.052001171928501e-001, 1.766446852526210e-002,-5.165114843274429e-002, 1.063272231647362e-001
 2.610000000000000e+000, 1.067957503085527e+000, 9.632279576453723e-001,-3.230293873812877e-001, 3.844631348849457e-002,-3.976353739562222e-002, 2.903550223418592e-002,-1.438378619596138e-001,-9.467789407318324e-002,-1.076971179610479e-001, 1.995577391976407e-002,-5.243525225755519e-002, 1.100089731181681e-001
 2.620000000000000e+000, 1.078378514497979e+000, 9.618139316371285e-001,-3.229010505681838e-001, 3.844873544527661e-002,-3.486334711746331e-002, 2.763393856544814e-002,-1.432360379776211e-001,-9.246694309353340e-002,-1.099787857626902e-001, 2.217369697178084e-002,-5.334882168790698e-002, 1.139160604125916e-001
 2.630000000000000e+000, 1.088873845451615e+000, 9.603009351477546e-001,-3.227520622744143e-001, 3.894944967447230e-002,-2.987375545879023e-002, 2.581319112729527e-002,-1.421722812251729e-001,-9.069992635334888e-002,-1.121300204213471e-001, 2.431161049646868e-002,-5.437911758669631e-002, 1.180406861604380e-001
 2.640000000000000e+000, 1.099464920719675e+000, 9.586857758774311e-001,-3.225815552349878e-001, 3.993492775773613e-002,-2.471808692408106e-002, 2.373276003088222e-002,-1.408030284858527e-001,-8.936163550265448e-002,-1.142482671354731e-001, 2.636698277664511e-002,-5.551257030779065e-002, 1.223622817374087e-001
 2.650000000000000e+000, 1.110175922334702e+000, 9.569653974396208e-001,-3.223864073967901e-001, 4.138269126464426e-002,-1.931652451510391e-002, 2.157204542506548e-002,-1.393002338867799e-001,-8.843437641951657e-002,-1.164375356579429e-001, 2.834350427358882e-002,-5.674453177453861e-002, 1.268518823139428e-001
 2.660000000000000e+000, 1.121032659303082e+000, 9.551379782761919e-001,-3.221609211214127e-001, 4.326256754475540e-002,-1.359153985473594e-002, 1.951396030386838e-002,-1.378334807824147e-001,-8.790002436231381e-002,-1.188012072538633e-001, 3.025056313211805e-002,-5.808487108788413e-002, 1.314759928502307e-001
 2.670000000000000e+000, 1.132060516388151e+000, 9.532044435899710e-001,-3.218971249645310e-001, 4.553180415162931e-002,-7.478348645468813e-003, 1.772667233335288e-002,-1.365533268037474e-001,-8.773290163888173e-002,-1.214298482855411e-001, 3.209913392441954e-002,-5.955691467838661e-002, 1.361989590716421e-001
 2.680000000000000e+000, 1.143281600574908e+000, 9.511707904095457e-001,-3.215858447544283e-001, 4.812219614794634e-002,-9.415452023660009e-004, 1.634154925078201e-002,-1.355739820555725e-001,-8.788129153104994e-002,-1.243825968196965e-001, 3.389526827871493e-002,-6.118911702380755e-002, 1.409845991195846e-001
 2.690000000000000e+000, 1.154711462640473e+000, 9.490510451052880e-001,-3.212183930717397e-001, 5.092149023600133e-002, 6.005695024551727e-003, 1.542914176123499e-002,-1.349558995831348e-001,-8.824107759445024e-002,-1.276682909868561e-001, 3.563395854920426e-002,-6.300043574080994e-002, 1.457948598257794e-001
 2.700000000000000e+000, 1.166356139500278e+000, 9.468697805840476e-001,-3.207885261181720e-001, 5.375924732420662e-002, 1.328788839285133e-002, 1.497909872296695e-002,-1.346917228940362e-001,-8.863455308114064e-002,-1.312357257610694e-001, 3.729642597834063e-002,-6.498328104751204e-002, 1.505834142542110e-001
 2.710000000000000e+000, 1.178210821851288e+000, 9.446625317869478e-001,-3.202943407689708e-001, 5.641096898898287e-002, 2.076684938500018e-002, 1.489451886661074e-002,-1.347034291676783e-001,-8.881146682396766e-002,-1.349789974182826e-001, 3.885116353884476e-002,-6.709017451969257e-002, 1.552877705883645e-001
 2.720000000000000e+000, 1.190261450277905e+000, 9.424730796800026e-001,-3.197396838157388e-001, 5.862490614438303e-002, 2.825723743325059e-002, 1.500993805718677e-002,-1.348579311403143e-001,-8.847817241603334e-002,-1.387581209650088e-001, 4.025747494826213e-002,-6.922867545848470e-002, 1.598251652126308e-001
 2.730000000000000e+000, 1.202489095162648e+000, 9.403484260035855e-001,-3.191343292905959e-001, 6.015953532419557e-002, 3.555340663382389e-002, 1.512951724707218e-002,-1.349979465509152e-001,-8.734180172120226e-002,-1.424286778981685e-001, 4.147212073514816e-002,-7.126496290700797e-002, 1.640948002703007e-001
 2.740000000000000e+000, 1.214875261648968e+000, 9.383336198422475e-001,-3.184923089023051e-001, 6.081288466144646e-002, 4.245792375915514e-002, 1.507002023253128e-002,-1.349760048023698e-001,-8.514845317265815e-002,-1.458690657194152e-001, 4.245942202265608e-002,-7.303461955067352e-002, 1.679868847529476e-001
 2.750000000000000e+000, 1.227406088111870e+000, 9.364681840663958e-001,-3.178286726174499e-001, 6.043420356677963e-002, 4.880278559680074e-002, 1.469341686882596e-002,-1.346799012493726e-001,-8.170391495488226e-002,-1.489958134798297e-001, 4.320250699495891e-002,-7.436023525630330e-002, 1.713948344597575e-001
 2.760000000000000e+000, 1.240074435445498e+000, 9.347845716189528e-001,-3.171558489497634e-001, 5.892283681379162e-002, 5.446011328289790e-002, 1.392302039235381e-002,-1.340447417847016e-001,-7.688047465810677e-002,-1.517656575581200e-001, 4.371226292967829e-002,-7.507504913455383e-002, 1.742239561917499e-001
 2.770000000000000e+000, 1.252879673971880e+000, 9.333083274421239e-001,-3.164810401026765e-001, 5.622457427576299e-002, 5.934448886968768e-002, 1.274547911529562e-002,-1.330542963325906e-001,-7.061889778347216e-002,-1.541685274522544e-001, 4.403154769146774e-002,-7.504807900307942e-002, 1.763954066418876e-001
 2.780000000000000e+000, 1.265825343307927e+000, 9.320595670582702e-001,-3.158057297397270e-001, 5.233097721565504e-002, 6.340920852043364e-002, 1.120333637342040e-002,-1.317368773410445e-001,-6.292968613351913e-002,-1.562147324968613e-001, 4.423334173166175e-002,-7.420364887564378e-002, 1.778502731629629e-001
 2.790000000000000e+000, 1.278915280141884e+000, 9.310551694542530e-001,-3.151273840695979e-001, 4.728106001877010e-002, 6.663708918098665e-002, 9.382577195118577e-003,-1.301598657628144e-001,-5.389258990210515e-002,-1.579186545879598e-001, 4.441175273536596e-002,-7.253079909277624e-002, 1.785553248612691e-001
 2.800000000000000e+000, 1.292149301354482e+000, 9.303106814406364e-001,-3.144422043108830e-001, 4.116341593073618e-002, 6.902868691292508e-002, 7.398871591409772e-003,-1.284243933584950e-001,-4.365430917122658e-002,-1.592830819050093e-001, 4.466770864869804e-002,-7.008270755323529e-002, 1.785083625983896e-001
 2.810000000000000e+000, 1.305519906664966e+000, 9.298408268049850e-001,-3.137472290630257e-001, 3.411818382590051e-002, 7.059404985297824e-002, 5.384817529335087e-003,-1.266583364123872e-001,-3.242693232221313e-002,-1.602890465144644e-001, 4.509541263851939e-002,-6.696911827664651e-002, 1.777441371079810e-001
 2.820000000000000e+000, 1.319011228467334e+000, 9.296579889011020e-001,-3.130406069214733e-001, 2.633604001287294e-002, 7.135467206620394e-002, 3.480347130087101e-003,-1.250066022973214e-001,-2.048510138010640e-002,-1.608949421636632e-001, 4.577364572483247e-002,-6.334494905636112e-002, 1.763422657544666e-001
 2.830000000000000e+000, 1.332600028603058e+000, 9.297693832265404e-001,-3.123204536818512e-001, 1.804896904968319e-002, 7.135782594234441e-002, 1.824638528451388e-003,-1.236174445155692e-001,-8.153220814103170e-003,-1.610475048784179e-001, 4.676257132601268e-002,-5.939509044831651e-002, 1.744324605436998e-001
 2.840000000000000e+000, 1.346257275977217e+000, 9.301747838529179e-001,-3.115836700604902e-001, 9.506439280242505e-003, 7.069778101754598e-002, 5.423389726095263e-004,-1.226253199935104e-001, 4.229275850310747e-003,-1.606971238637287e-001, 4.808859142200023e-002,-5.531228076113037e-002, 1.721918958944013e-001
 2.850000000000000e+000, 1.359948477212973e+000, 9.308668217503554e-001,-3.108265549053457e-001, 9.508856223157736e-004, 6.952198497476836e-002,-2.874625352987541e-004,-1.221129596710566e-001, 1.634406355483800e-002,-1.598141805489290e-001, 4.975628622257691e-002,-5.127291323775645e-002, 1.698286946885420e-001
 2.860000000000000e+000, 1.373633824235421e+000, 9.318326392311365e-001,-3.100455598212227e-001,-7.417693680079610e-003, 6.802332564166624e-002,-6.615750486403229e-004,-1.220833981680574e-001, 2.794255799022768e-002,-1.584021284975038e-001, 5.174091401163526e-002,-4.740851606853969e-002, 1.675483851648902e-001
 2.870000000000000e+000, 1.387269059414823e+000, 9.330555337926823e-001,-3.092385754997759e-001,-1.546572558041648e-002, 6.641665276365361e-002,-6.647491760330133e-004,-1.224502361865302e-001, 3.887642470180946e-002,-1.564969459517149e-001, 5.399559860981303e-002,-4.379028570933945e-002, 1.655265419157158e-001
 2.880000000000000e+000, 1.400808256489389e+000, 9.345154941314946e-001,-3.084064431248564e-001,-2.313441300964908e-002, 6.490969196013574e-002,-4.521493642823917e-004,-1.230576892320136e-001, 4.910695098064076e-002,-1.541575952901701e-001, 5.645735504780757e-002,-4.042526659597150e-002, 1.638895662525845e-001
 2.890000000000000e+000, 1.414208099624078e+000, 9.361890215428667e-001,-3.075547815612857e-001,-3.042731761652050e-002, 6.367148486909779e-002,-2.058795179038608e-004,-1.237253280537931e-001, 5.868727702535678e-002,-1.514473077369666e-001, 5.905294431129528e-002,-3.726500164103381e-002, 1.627063113682891e-001
 2.900000000000000e+000, 1.427432449978075e+000, 9.380490186132978e-001,-3.066952524681200e-001,-3.738032716517458e-002, 6.280495996270097e-002,-7.970303231120855e-005,-1.243037842094084e-001, 6.771954801299811e-002,-1.484118179174642e-001, 6.170418956666014e-002,-3.422734970872648e-002, 1.619909630855217e-001
 2.910000000000000e+000, 1.440455958502862e+000, 9.400653126997688e-001,-3.058451386306644e-001,-4.402388954917098e-002, 6.233275929752247e-002,-1.526800689589825e-004,-1.247205479531383e-001, 7.629856912032086e-002,-1.450639723864788e-001, 6.433373811498315e-002,-3.122815792778938e-002, 1.617156520359863e-001
 2.920000000000000e+000, 1.453265766483313e+000, 9.422059824582171e-001,-3.050251523468160e-001,-5.035092803796185e-002, 6.220074580757995e-002,-4.096082502361386e-004,-1.249975607807167e-001, 8.446193902802600e-002,-1.413816814628572e-001, 6.687265608099835e-002,-2.821134943155475e-002, 1.618259968838989e-001
 2.930000000000000e+000, 1.465860940652009e+000, 9.444391325882632e-001,-3.042564252622837e-001,-5.630087376479940e-002, 6.229649733256104e-002,-7.535004497535982e-004,-1.252357026512395e-001, 9.216422501716742e-002,-1.373190559369195e-001, 6.926911292256253e-002,-2.516524030950444e-002, 1.622544729814988e-001
 2.940000000000000e+000, 1.478250100700371e+000, 9.467344213925993e-001,-3.035577521983622e-001,-6.176247160018744e-002, 6.247499605659512e-002,-1.041492883214113e-003,-1.255758420392077e-001, 9.928032522205420e-002,-1.328243693509017e-001, 7.149491842898079e-002,-2.211993038858092e-002, 1.629301122822630e-001
 2.950000000000000e+000, 1.490447934803793e+000, 9.490639352912599e-001,-3.029435592132956e-001,-6.659182501727200e-002, 6.258382497065895e-002,-1.126277476580727e-003,-1.261578977050217e-001, 1.056304831584780e-001,-1.278436855213874e-001, 7.354098931382855e-002,-1.914045255184157e-002, 1.637969542822274e-001
 2.960000000000000e+000, 1.502472551032280e+000, 9.514025032729875e-001,-3.024237396800713e-001,-7.064655307364470e-002, 6.247724031794566e-002,-9.045050951246828e-004,-1.270660976363968e-001, 1.110331423739934e-001,-1.223887184528633e-001, 7.543695973621271e-002,-1.625854932909475e-002, 1.647590756136808e-001
 2.970000000000000e+000, 1.514341894694185e+000, 9.537275047363720e-001,-3.020023812610964e-001,-7.381109627077401e-002, 6.203639362208424e-002,-3.225465362682993e-004,-1.283386977766204e-001, 1.153311186497500e-001,-1.164662661970059e-001, 7.720688063151683e-002,-1.352014093611656e-002, 1.657596160028942e-001
 2.980000000000000e+000, 1.526073145363311e+000, 9.560180958823796e-001,-3.016787139311838e-001,-7.602020922021258e-002, 6.117489498942286e-002, 6.138048265167080e-004,-1.299549319922812e-001, 1.184278966468032e-001,-1.101341049300035e-001, 7.888298219880058e-002,-1.093591327169846e-002, 1.667277391918608e-001
 2.990000000000000e+000, 1.537682224625285e+000, 9.582542452201316e-001,-3.014478015836564e-001,-7.726339383661456e-002, 5.984242610763890e-002, 1.859009991114960e-003,-1.318601070742360e-001, 1.202932529321166e-001,-1.034814734175620e-001, 8.049141789340940e-002,-8.494956060399100e-003, 1.675937976095698e-001
 3.000000000000000e+000, 1.549183596816470e+000, 9.604160511174498e-001,-3.013018950734999e-001,-7.758105962459944e-002, 5.802105404641011e-002, 3.350100139574124e-003,-1.339909033724401e-001, 1.209602798202333e-001,-9.661470599244101e-002, 8.204544039836501e-002,-6.172550911065691e-003, 1.682938938597836e-001
 3.010000000000000e+000, 1.560589753350066e+000, 9.624835882601613e-001,-3.012318403094739e-001,-7.705591359197808e-002, 5.571801092659112e-002, 5.024243562410947e-003,-1.362952014824615e-001, 1.205161380147793e-001,-8.964031757608358e-002, 8.354058611019252e-002,-3.939412380495312e-003, 1.687757307634992e-001
 3.020000000000000e+000, 1.571910621444955e+000, 9.644372780015926e-001,-3.012279781775766e-001,-7.580165900316734e-002, 5.295881441535566e-002, 6.828157038533612e-003,-1.387419623726892e-001, 1.190879563691272e-001,-8.265201754388682e-002, 8.495414529248643e-002,-1.771127845847033e-003, 1.690035453779401e-001
 3.030000000000000e+000, 1.583153461135016e+000, 9.662585858142959e-001,-3.012804091994816e-001,-7.395056720597899e-002, 4.978233087143291e-002, 8.721441362168332e-003,-1.413224924290429e-001, 1.168256339022060e-001,-7.572483665893076e-002, 8.625018434886711e-002, 3.438107995776156e-004, 1.689602331744644e-001
 3.040000000000000e+000, 1.594323567739894e+000, 9.679306874808625e-001,-3.013791401534998e-001,-7.164032916526322e-002, 4.623475374156616e-002, 1.067905486359035e-002,-1.440488578344831e-001, 1.138833749348492e-001,-6.891320983126570e-002, 8.738822352857441e-002, 2.399455302180002e-003, 1.686461649135780e-001
 3.050000000000000e+000, 1.605425309551224e+000, 9.694390667838986e-001,-3.015145122168509e-001,-6.900105859049406e-002, 4.236231101379340e-002, 1.269128732550845e-002,-1.469489009738720e-001, 1.104026869283839e-001,-6.225143560016564e-002, 8.833271358245229e-002, 4.372784278540679e-003, 1.680752400639340e-001
 3.060000000000000e+000, 1.616462828354131e+000, 9.707723170958631e-001,-3.016777179195896e-001,-6.614515494061141e-002, 3.820755522238217e-002, 1.475352616870740e-002,-1.500504603767650e-001, 1.065006625607002e-001,-5.575849185645024e-002, 8.906172587820060e-002, 6.228287651243430e-003, 1.672696820734908e-001
 3.070000000000000e+000, 1.627440606182393e+000, 9.719229299286472e-001,-3.018610717993500e-001,-6.316184201520528e-002, 3.381096469750000e-002, 1.685054531546913e-002,-1.533600824021628e-001, 1.022650990118259e-001,-4.944644935874599e-002, 8.957370782774342e-002, 7.924756771913188e-003, 1.662550412459321e-001
 3.080000000000000e+000, 1.638364104854744e+000, 9.728873728525989e-001,-3.020579195433933e-001,-6.011560930062371e-002, 2.921470202526688e-002, 1.895086854155140e-002,-1.568544244595239e-001, 9.775466498959995e-002,-4.333073470085177e-002, 8.988986637620035e-002, 9.423763061793725e-003, 1.650537045239343e-001
 3.090000000000000e+000, 1.649239942159825e+000, 9.736653068863346e-001,-3.022623884680505e-001,-5.704673336252401e-002, 2.446434994325464e-002, 2.101496150639871e-002,-1.604900736612961e-001, 9.300140409358816e-002,-3.743962440106906e-002, 9.005035253738807e-002, 1.069869988452706e-002, 1.636753068756341e-001
 3.100000000000000e+000, 1.660075563042378e+000, 9.742585298827253e-001,-3.024693634619294e-001,-5.397398645452377e-002, 1.960685460431577e-002, 2.300740061549345e-002,-1.642198117152712e-001, 8.801571494808623e-002,-3.181679487326274e-002, 9.010643412889730e-002, 1.174088868442759e-002, 1.621096030437364e-001
 3.110000000000000e+000, 1.670879176898176e+000, 9.746702414148327e-001,-3.026749640179094e-001,-5.090206972748869e-002, 1.468662382234043e-002, 2.490329920900287e-002,-1.680013236189739e-001, 8.279747588912294e-002,-2.650768730479660e-002, 9.011365375334610e-002, 1.255806831353906e-002, 1.603352538747136e-001
 3.120000000000000e+000, 1.681660203884630e+000, 9.749048101193963e-001,-3.028774131138626e-001,-4.783366493809735e-002, 9.741754392178281e-003, 2.668611235438858e-002,-1.717942834310742e-001, 7.735309917635007e-002,-2.152943225357565e-002, 9.012807968171692e-002, 1.316417238458720e-002, 1.583474973944477e-001
 3.130000000000000e+000, 1.692429227498371e+000, 9.749676963996437e-001,-3.030775173385649e-001,-4.478050451042696e-002, 4.800932002175129e-003, 2.834347720810298e-002,-1.755571027543149e-001, 7.170947144216271e-002,-1.685309222801055e-002, 9.020202973104223e-002, 1.357132135506939e-002, 1.561751435492519e-001
 3.140000000000000e+000, 1.703196771973548e+000, 9.748651331384884e-001,-3.032781518678780e-001,-4.176878482557649e-002,-1.176424813091881e-004, 2.986754711851421e-002,-1.792526825712132e-001, 6.591750611519234e-002,-1.242236517770153e-002, 9.037698566534293e-002, 1.379387084609944e-002, 1.538636781205111e-001
 3.150000000000000e+000, 1.713971948353842e+000, 9.746036869892768e-001,-3.034833139181448e-001,-3.883879473648842e-002,-5.004240661317327e-003, 3.125599276131980e-002,-1.828544704316490e-001, 6.004739776798628e-002,-8.185451314102241e-003, 9.067815698652264e-002, 1.385544112294618e-002, 1.514496177746712e-001
 3.160000000000000e+000, 1.724762027476616e+000, 9.741899716183319e-001,-3.036974471966727e-001,-3.603979705680172e-002,-9.853325801424173e-003, 3.250948126701393e-002,-1.863445687873068e-001, 5.417951176026373e-002,-4.111274608791534e-003, 9.111428125853963e-002, 1.378792041232852e-002, 1.489531699536724e-001
 3.170000000000000e+000, 1.735572705460210e+000, 9.736305139840455e-001,-3.039249870042893e-001,-3.342283081771170e-002,-1.465936747217334e-002, 3.362745144972917e-002,-1.897074163891465e-001, 4.839405327410692e-002,-1.915783428148492e-004, 9.168075293483795e-002, 1.362517026746992e-002, 1.463833652331669e-001
 3.180000000000000e+000, 1.746408757851485e+000, 9.729315840086119e-001,-3.041700285793276e-001,-3.103525907420124e-002,-1.941572114479384e-002, 3.460583046586617e-002,-1.929249344851013e-001, 4.276344675522978e-002, 3.563686177900597e-003, 9.236340338285032e-002, 1.339790597325272e-002, 1.437442751876655e-001
 3.190000000000000e+000, 1.757275172570624e+000, 9.720988007742095e-001,-3.044362340687972e-001,-2.891859833354012e-002,-2.411738172587863e-002, 3.544037032525710e-002,-1.959777477723763e-001, 3.734930599675804e-002, 7.135781425900522e-003, 9.314144958838329e-002, 1.313202756811649e-002, 1.410388382919958e-001
 3.200000000000000e+000, 1.768178478183534e+000, 9.711366218659897e-001,-3.047269394713186e-001,-2.710940526686621e-002,-2.876573892729128e-002, 3.613451622133081e-002,-1.988515638004074e-001, 3.220364534999990e-002, 1.050890547974507e-002, 9.398984835601770e-002, 1.284946551112860e-002, 1.382702505675643e-001
 3.210000000000000e+000, 1.779127698184115e+000, 9.700480802457681e-001,-3.050453160308065e-001,-2.564241015634772e-002,-3.337367631071309e-002, 3.670549198199194e-002,-2.015417210929681e-001, 2.737304758930473e-002, 1.368128661431597e-002, 9.488297362939219e-002, 1.257012299046493e-002, 1.354427714649278e-001
 3.220000000000000e+000, 1.790134821972064e+000, 9.688349642318499e-001,-3.053945421500650e-001,-2.455456658304907e-002,-3.797027766186867e-002, 3.718517768950075e-002,-2.040519441623609e-001, 2.290396082240798e-002, 1.667330753977580e-002, 9.580040895095293e-002, 1.231408106640029e-002, 1.325627764978666e-001
 3.230000000000000e+000, 1.801215037716779e+000, 9.674984375796893e-001,-3.057779716108966e-001,-2.388835596023221e-002,-4.260350732829910e-002, 3.761644145224201e-002,-2.063881066103889e-001, 1.884716005470776e-002, 1.953097463099260e-002, 9.673378012130866e-002, 1.210329359359684e-002, 1.296397435799418e-001
 3.240000000000000e+000, 1.812386504730363e+000, 9.660402127169193e-001,-3.061990299436102e-001,-2.369164695318548e-002,-4.733682007005458e-002, 3.804509263257320e-002,-2.085485369340565e-001, 1.525812152664723e-002, 2.232221361855032e-002, 9.769168980072038e-002, 1.196113522724562e-002, 1.266871186394610e-001
 3.250000000000000e+000, 1.823669083325699e+000, 9.644644893279515e-001,-3.066604857956354e-001,-2.401049589980662e-002,-5.223663861258898e-002, 3.850714169030856e-002,-2.105125365893260e-001, 1.218850065424274e-002, 2.512400965745667e-002, 9.869958614511167e-002, 1.190673119931985e-002, 1.237225234170130e-001
 3.260000000000000e+000, 1.835081993043819e+000, 9.627806827420072e-001,-3.071633019078162e-001,-2.487226171810139e-002,-5.735474203224245e-002, 3.901308249348358e-002,-2.122293086671731e-001, 9.665328263178213e-003, 2.800455157152117e-002, 9.979485483849436e-002, 1.194292976772979e-002, 1.207673450154851e-001
 3.270000000000000e+000, 1.846640949439047e+000, 9.610065835431880e-001,-3.077056169889205e-001,-2.625897442293054e-002,-6.271258001224678e-002, 3.953459219943303e-002,-2.136122463123082e-001, 7.658231663125849e-003, 3.100744946530357e-002, 1.010192556698902e-001, 1.204105361926425e-002, 1.178476521626161e-001
 3.280000000000000e+000, 1.858355514767039e+000, 9.591711625215619e-001,-3.082821294357826e-001,-2.807498272017561e-002,-6.829007744221771e-002, 4.000159136954064e-002,-2.145460121031561e-001, 6.039774907482682e-003, 3.414063181438193e-002, 1.024099185787351e-001, 1.212669431833468e-002, 1.149975985310463e-001
 3.290000000000000e+000, 1.870227659680116e+000, 9.573159390165169e-001,-3.088841361998659e-001,-3.011908882390383e-002,-7.402059585021648e-002, 4.031414884576094e-002,-2.149084754843600e-001, 4.551493646918598e-003, 3.737120019971248e-002, 1.039907931129099e-001, 1.207096267586416e-002, 1.122634173002046e-001
 3.300000000000000e+000, 1.882252356614831e+000, 9.554939763178504e-001,-3.095004847063914e-001,-3.207652374552264e-002,-7.979509325161160e-002, 4.036478710241177e-002,-2.145989513567038e-001, 2.794880208957743e-003, 4.062927004062581e-002, 1.057671104475838e-001, 1.169310407911738e-002, 1.097055045282297e-001
 3.310000000000000e+000, 1.894420154430531e+000, 9.537662012765114e-001,-3.101190804650313e-001,-3.354420736934746e-002,-8.547482404184104e-002, 4.006071852027469e-002,-2.135591811385203e-001, 2.638980286075308e-004, 4.382119474941162e-002, 1.077240809711323e-001, 1.077835366255267e-002, 1.073979199411686e-001
 3.320000000000000e+000, 1.906720931563293e+000, 9.521956284190647e-001,-3.107281532536238e-001,-3.409011364044560e-002,-9.090753210179359e-002, 3.933749035600919e-002,-2.117779905545721e-001,-3.580500051378995e-003, 4.684766552328283e-002, 1.098300831296835e-001, 9.108383049957484e-003, 1.054258434035570e-001
 3.330000000000000e+000, 1.919147590818325e+000, 9.508410309881399e-001,-3.113169554897745e-001,-3.332836524456489e-002,-9.594208662369752e-002, 3.816240315115745e-002,-2.092809646523501e-001,-9.216441302992281e-003, 4.962013134003302e-002, 1.120439273962150e-001, 6.496410603652133e-003, 1.038820598433181e-001
 3.340000000000000e+000, 1.931698324214307e+000, 9.497519190512832e-001,-3.118762531699210e-001,-3.098258908949410e-002,-1.004397864363220e-001, 3.653185111671574e-002,-2.061152464485301e-001,-1.698092318897351e-002, 5.207126050426808e-002, 1.143227859993189e-001, 2.817756903402744e-003, 1.028616049825919e-001
 3.350000000000000e+000, 1.944376653804970e+000, 9.489657601157936e-001,-3.123989621157894e-001,-2.692213711512711e-002,-1.042831758814935e-001, 3.446714259233238e-002,-2.023389177136792e-001,-2.702226542174072e-002, 5.415860768721278e-002, 1.166249843772311e-001,-1.970858600251910e-003, 1.024503692655762e-001
 3.360000000000000e+000, 1.957189360933100e+000, 9.485072104748791e-001,-3.128809413071055e-001,-2.117280668978785e-002,-1.073830444190924e-001, 3.201036428528954e-002,-1.980172671984037e-001,-3.928395387325547e-002, 5.586220515795425e-002, 1.189054807277083e-001,-7.823403061754528e-003, 1.027072121858415e-001
 3.370000000000000e+000, 1.970142977468473e+000, 9.483887055616384e-001,-3.133219671630160e-001,-1.390748996232435e-002,-1.096840829591803e-001, 2.922032473065821e-002,-1.932236360891019e-001,-5.351359840160225e-002, 5.717786610149389e-002, 1.211078676347741e-001,-1.460331728527000e-002, 1.036460297081033e-001
 3.380000000000000e+000, 1.983239848808647e+000, 9.486115950517601e-001,-3.137269503177331e-001,-5.418642210896941e-003,-1.111702216200401e-001, 2.616949558500350e-002,-1.880424515344679e-001,-6.929490239106104e-002, 5.810842511047077e-002, 1.231578290032411e-001,-2.208786093360128e-002, 1.052224494342020e-001
 3.390000000000000e+000, 1.996474666994298e+000, 9.491669538216232e-001,-3.141070361655767e-001, 3.923739629204065e-003,-1.118701716362363e-001, 2.294165096614593e-002,-1.825711173356213e-001,-8.609928445813997e-002, 5.865541551187786e-002, 1.249606859838807e-001,-2.998200995396669e-002, 1.073259380833164e-001
 3.400000000000000e+000, 2.009831502558756e+000, 9.500357992444715e-001,-3.144797156575387e-001, 1.371963300763967e-002,-1.118621971777107e-001, 1.962715594958412e-002,-1.769167454692615e-001,-1.033484637067539e-001, 5.881418284328057e-002, 1.264035823081192e-001,-3.794482949756765e-002, 1.097803641125658e-001
 3.410000000000000e+000, 2.023280592226547e+000, 9.511896523862369e-001,-3.148675517842505e-001, 2.357911401777695e-002,-1.112770443692686e-001, 1.630373241220419e-002,-1.711736563787407e-001,-1.204686811942125e-001, 5.858430726003333e-002, 1.273702397470100e-001,-4.562023976579222e-002, 1.123650543667355e-001
 3.420000000000000e+000, 2.036774896368934e+000, 9.525909305413393e-001,-3.152948975687712e-001, 3.316032980949092e-002,-1.102887551376046e-001, 1.302953898877235e-002,-1.654173879141858e-001,-1.369497874025433e-001, 5.796782603784634e-002, 1.277491578784356e-001,-5.268094076426719e-002, 1.148326341338675e-001
 3.430000000000000e+000, 2.050246456652374e+000, 9.541942855815286e-001,-3.157842741869296e-001, 4.219649458113638e-002,-1.090970295981693e-001, 9.830291653287648e-003,-1.596899857327963e-001,-1.523833116748957e-001, 5.698149093048167e-002, 1.274535798114437e-001,-5.886325085723993e-002, 1.169418149533757e-001
 3.440000000000000e+000, 2.063603524246607e+000, 9.559476628322636e-001,-3.163523952739478e-001, 5.051619433778718e-002,-1.078979089917118e-001, 6.707474953227649e-003,-1.540099464240048e-001,-1.664924686679273e-001, 5.565704058016807e-002, 1.264366478014631e-001,-6.399410188132079e-002, 1.184861663971771e-001
 3.450000000000000e+000, 2.076728581689046e+000, 9.577931294073082e-001,-3.170063711123923e-001, 5.804680905395477e-002,-1.068530090569091e-001, 3.664219748713818e-003,-1.484023343470362e-001,-1.791427618766219e-001, 5.403776879189413e-002, 1.247009721442235e-001,-6.800577144556791e-002, 1.193220148450531e-001
 3.460000000000000e+000, 2.089476877805911e+000, 9.596684074492516e-001,-3.177412416821613e-001, 6.479171528395732e-002,-1.060676917343961e-001, 7.236925705065007e-004,-1.429177235343925e-001,-1.903147919461207e-001, 5.218129469531362e-002, 1.223127689442162e-001,-7.092523008659948e-002, 1.193926980687639e-001
 3.470000000000000e+000, 2.101675307626851e+000, 9.615091296572722e-001,-3.185391059553939e-001, 7.079265022564125e-002,-1.055852960195827e-001,-2.054688024807514e-003,-1.376530898403216e-001,-2.000631953589666e-001, 5.015741770888974e-002, 1.193947593798022e-001,-7.286231863133059e-002, 1.187295267827677e-001
 3.480000000000000e+000, 2.113086195648962e+000, 9.632492931503434e-001,-3.193700465439230e-001, 7.606040776305759e-002,-1.054010222465378e-001,-4.576635411122710e-003,-1.327609062824203e-001,-2.084169747228404e-001, 4.804854945622734e-002, 1.161136631269152e-001,-7.396431670441107e-002, 1.174293129715192e-001
 3.490000000000000e+000, 2.123529758479553e+000, 9.648344745707794e-001,-3.201946208020878e-001, 8.064984253285322e-002,-1.054496200525847e-001,-6.770850698147638e-003,-1.283575087630260e-001,-2.155155746541297e-001, 4.595744144127609e-002, 1.126956933571243e-001,-7.445488436839277e-002, 1.157053472189134e-001
 3.500000000000000e+000, 2.133096795584697e+000, 9.662618539051566e-001,-3.209913699846606e-001, 8.470323846794253e-002,-1.056382182495339e-001,-8.642611323265340e-003,-1.244240152367519e-001,-2.216530511464503e-001, 4.393564330059809e-002, 1.092928937581815e-001,-7.455512612077977e-002, 1.137706735845265e-001
