Main.Studies.MarkerTracking.t,Main.Studies.MarkerTracking.JointAngleOutputs.OutputFile_RightArm.ThoraxClavicula[0],Main.Studies.MarkerTracking.JointAngleOutputs.OutputFile_RightArm.ThoraxClavicula[1],Main.Studies.MarkerTracking.JointAngleOutputs.OutputFile_RightArm.ThoraxClavicula[2],Main.Studies.MarkerTracking.JointAngleOutputs.OutputFile_RightArm.ClaviculaScapula[0],Main.Studies.MarkerTracking.JointAngleOutputs.OutputFile_RightArm.ClaviculaScapula[1],Main.Studies.MarkerTracking.JointAngleOutputs.OutputFile_RightArm.ClaviculaScapula[2],Main.Studies.MarkerTracking.JointAngleOutputs.OutputFile_RightArm.ScapulaHumerus[0],Main.Studies.MarkerTracking.JointAngleOutputs.OutputFile_RightArm.ScapulaHumerus[1],Main.Studies.MarkerTracking.JointAngleOutputs.OutputFile_RightArm.ScapulaHumerus[2],Main.Studies.MarkerTracking.JointAngleOutputs.OutputFile_RightArm.HumerusUlna,Main.Studies.MarkerTracking.JointAngleOutputs.OutputFile_RightArm.UlnaRadius,Main.Studies.MarkerTracking.JointAngleOutputs.OutputFile_RightArm.RadiusWrist,Main.Studies.MarkerTracking.JointAngleOutputs.OutputFile_RightArm.WristHand
  6.000000000000000e-01,  1.270349946118565e-03, -3.957696395880823e-01,  2.063961215278542e-01,  9.243190639058055e-02,  8.047041330763706e-01,  1.067170059761710e-01, -1.776863806007037e-01,  4.839618056749903e-01,  5.202420308371549e-01,  1.047197556609300e+00,  2.041989800495308e-05, -4.440892098500626e-16,  0.000000000000000e+00
  6.100000000000000e-01,  1.270349946112631e-03, -3.957696395880824e-01,  2.063961215278400e-01,  9.243190639057687e-02,  8.047041330763715e-01,  1.067170059761715e-01, -1.776863805008717e-01,  4.839618053113650e-01,  5.202420308623751e-01,  1.047197556609342e+00,  2.041989800495308e-05,  9.992007221626409e-15,  0.000000000000000e+00
  6.200000000000000e-01,  1.270349946116774e-03, -3.957696395880814e-01,  2.063961215278676e-01,  9.243190639059057e-02,  8.047041330763690e-01,  1.067170059761706e-01, -1.776863803787624e-01,  4.839618048655625e-01,  5.202420308933758e-01,  1.047197556609250e+00,  2.041990887888329e-05, -3.064215547965432e-14,  0.000000000000000e+00
  6.300000000000000e-01,  1.270349946111624e-03, -3.957696395880838e-01,  2.063961215278641e-01,  9.243190639059252e-02,  8.047041330763708e-01,  1.067170059761712e-01, -1.776863762793303e-01,  4.839617899221952e-01,  5.202420319309382e-01,  1.047197556609259e+00,  2.041989800495308e-05, -3.130828929442941e-14,  0.000000000000000e+00
  6.400000000000000e-01,  1.270349946115542e-03, -3.957696395880816e-01,  2.063961215278620e-01,  9.243190639058796e-02,  8.047041330763715e-01,  1.067170059761692e-01, -1.776863749751244e-01,  4.839617851678419e-01,  5.202420322610761e-01,  1.047197556609264e+00,  2.041989800495308e-05, -3.175237850427948e-14,  0.000000000000000e+00
  6.500000000000000e-01,  1.270349946120356e-03, -3.957696395880799e-01,  2.063961215278625e-01,  9.243190639058460e-02,  8.047041330763717e-01,  1.067170059761710e-01, -1.776863749477715e-01,  4.839617850682688e-01,  5.202420322679977e-01,  1.047197556609266e+00,  2.041989800495308e-05, -3.175237850427948e-14,  0.000000000000000e+00
  6.599999999999999e-01,  1.270349946118005e-03, -3.957696395880813e-01,  2.063961215278615e-01,  9.243190639058620e-02,  8.047041330763719e-01,  1.067170059761710e-01, -1.776863765619738e-01,  4.839617909524169e-01,  5.202420318594179e-01,  1.047197556609268e+00,  2.041989800495308e-05, -2.975397705995420e-14,  0.000000000000000e+00
  6.699999999999999e-01,  1.270349946119908e-03, -3.957696395880811e-01,  2.063961215278594e-01,  9.243190639058277e-02,  8.047041330763718e-01,  1.067170059761708e-01, -1.776863781850081e-01,  4.839617968688506e-01,  5.202420314486007e-01,  1.047197556609277e+00,  2.041990887888329e-05, -2.220446049250313e-14,  0.000000000000000e+00
  6.799999999999999e-01,  1.270349946105689e-03, -3.957696395880801e-01,  2.063961215277960e-01,  9.243190639055483e-02,  8.047041330763712e-01,  1.067170059761753e-01, -1.776863758399870e-01,  4.839617883210796e-01,  5.202420320424661e-01,  1.047197556609483e+00,  2.041989800495308e-05,  7.327471962526033e-14,  0.000000000000000e+00
  6.899999999999999e-01,  1.270349946110504e-03, -3.957696395880803e-01,  2.063961215278321e-01,  9.243190639057529e-02,  8.047041330763712e-01,  1.067170059761727e-01, -1.776863798130375e-01,  4.839618028040452e-01,  5.202420310365290e-01,  1.047197556609361e+00,  2.041989800495308e-05,  2.198241588757810e-14,  0.000000000000000e+00
  7.000000000000000e-01,  1.270349946116326e-03, -3.957696395880834e-01,  2.063961215278629e-01,  9.243190639058636e-02,  8.047041330763706e-01,  1.067170059761698e-01, -1.776863758176526e-01,  4.839617882391780e-01,  5.202420320477957e-01,  1.047197556609269e+00,  2.041989800495308e-05, -1.576516694967722e-14,  0.000000000000000e+00
  7.100000000000000e-01,  1.270349946117670e-03, -3.957696395880851e-01,  2.063961215278800e-01,  9.243190639059751e-02,  8.047041330763718e-01,  1.067170059761703e-01, -1.776863774623439e-01,  4.839617942342153e-01,  5.202420316315206e-01,  1.047197556609213e+00,  2.041989800495308e-05, -3.708144902248023e-14,  0.000000000000000e+00
  7.200000000000000e-01,  1.270349946128529e-03, -3.957696395880824e-01,  2.063961215278897e-01,  9.243190639059470e-02,  8.047041330763706e-01,  1.067170059761708e-01, -1.776863814427382e-01,  4.839618087438810e-01,  5.202420306240116e-01,  1.047197556609188e+00,  2.041990887888329e-05, -4.485301019485632e-14,  0.000000000000000e+00
  7.300000000000000e-01,  1.270349946125954e-03, -3.957696395880846e-01,  2.063961215278911e-01,  9.243190639059830e-02,  8.047041330763717e-01,  1.067170059761707e-01, -1.776863758076463e-01,  4.839617882025273e-01,  5.202420320500970e-01,  1.047197556609186e+00,  2.041991975280771e-05, -4.241051954068098e-14,  0.000000000000000e+00
  7.400000000000000e-01,  1.270349946122820e-03, -3.957696395880850e-01,  2.063961215278877e-01,  9.243190639059876e-02,  8.047041330763700e-01,  1.067170059761725e-01, -1.776863758071439e-01,  4.839617882006211e-01,  5.202420320502394e-01,  1.047197556609196e+00,  2.041990887888329e-05, -3.419486915845482e-14,  0.000000000000000e+00
  7.500000000000000e-01,  1.270349947253632e-03, -3.957696395882400e-01,  2.063961215281285e-01,  9.243190639441699e-02,  8.047041330805458e-01,  1.067170059794997e-01, -1.776863814473341e-01,  4.839618087528945e-01,  5.202420306211453e-01,  1.047197556609073e+00,  2.041991975280771e-05,  8.548717289613705e-14,  0.000000000000000e+00
  7.600000000000000e-01,  1.270349947050442e-03, -3.957696395881957e-01,  2.063961215281278e-01,  9.243190639370685e-02,  8.047041330794635e-01,  1.067170059790236e-01, -1.776863774639683e-01,  4.839617942322212e-01,  5.202420316279128e-01,  1.047197556608987e+00,  2.041991975280771e-05,  1.065814103640150e-14,  0.000000000000000e+00
  7.700000000000000e-01,  1.270349946862700e-03, -3.957696395881380e-01,  2.063961215281249e-01,  9.243190639306195e-02,  8.047041330785393e-01,  1.067170059786702e-01, -1.776863814492914e-01,  4.839618087593999e-01,  5.202420306206603e-01,  1.047197556608906e+00,  2.041990887888329e-05, -6.572520305780927e-14,  0.000000000000000e+00
  7.800000000000000e-01,  1.270349946121476e-03, -3.957696395880836e-01,  2.063961215278655e-01,  9.243190639058478e-02,  8.047041330763711e-01,  1.067170059761706e-01, -1.776863830981494e-01,  4.839618147786893e-01,  5.202420302051830e-01,  1.047197556609274e+00,  2.041989800495308e-05,  7.105427357601002e-15,  0.000000000000000e+00
  7.900000000000000e-01,  1.270349946117446e-03, -3.957696395880825e-01,  2.063961215278586e-01,  9.243190639058631e-02,  8.047041330763725e-01,  1.067170059761723e-01, -1.776863801827508e-01,  4.839618041512641e-01,  5.202420309430649e-01,  1.047197556609293e+00,  2.041989800495308e-05,  1.976196983832779e-14,  0.000000000000000e+00
  7.999999999999999e-01,  1.270349946113527e-03, -3.957696395880842e-01,  2.063961215278533e-01,  9.243190639058511e-02,  8.047041330763709e-01,  1.067170059761715e-01, -1.776863761970730e-01,  4.839617896219569e-01,  5.202420319517468e-01,  1.047197556609312e+00,  2.041991975280771e-05,  3.064215547965432e-14,  0.000000000000000e+00
  8.100000000000001e-01,  1.270349946116326e-03, -3.957696395880840e-01,  2.063961215278502e-01,  9.243190639058062e-02,  8.047041330763719e-01,  1.067170059761728e-01, -1.776863801806738e-01,  4.839618041439280e-01,  5.202420309435837e-01,  1.047197556609328e+00,  2.041989800495308e-05,  4.218847493575595e-14,  0.000000000000000e+00
  8.200000000000001e-01,  1.270349946115766e-03, -3.957696395880845e-01,  2.063961215278473e-01,  9.243190639057969e-02,  8.047041330763725e-01,  1.067170059761727e-01, -1.776863801760641e-01,  4.839618041272175e-01,  5.202420309447470e-01,  1.047197556609339e+00,  2.041991975280771e-05,  5.151434834260726e-14,  0.000000000000000e+00
  8.300000000000000e-01,  1.270349946117893e-03, -3.957696395880845e-01,  2.063961215278462e-01,  9.243190639057855e-02,  8.047041330763745e-01,  1.067170059761736e-01, -1.776863814371165e-01,  4.839618087244231e-01,  5.202420306255959e-01,  1.047197556609345e+00,  2.041989800495308e-05,  5.817568649035820e-14,  0.000000000000000e+00
  8.400000000000000e-01,  1.270349946119237e-03, -3.957696395880833e-01,  2.063961215278470e-01,  9.243190639057938e-02,  8.047041330763756e-01,  1.067170059761750e-01, -1.776863797771986e-01,  4.839618026732692e-01,  5.202420310457031e-01,  1.047197556609342e+00,  2.041991975280771e-05,  6.039613253960852e-14,  0.000000000000000e+00
  8.500000000000001e-01,  1.270349946110393e-03, -3.957696395880854e-01,  2.063961215278476e-01,  9.243190639058570e-02,  8.047041330763733e-01,  1.067170059761737e-01, -1.776863797686148e-01,  4.839618026416656e-01,  5.202420310478063e-01,  1.047197556609335e+00,  2.041991975280771e-05,  5.950795411990839e-14,  0.000000000000000e+00
  8.600000000000000e-01,  1.270349946117669e-03, -3.957696395880843e-01,  2.063961215278523e-01,  9.243190639058163e-02,  8.047041330763747e-01,  1.067170059761715e-01, -1.776863774245246e-01,  4.839617940964192e-01,  5.202420316410425e-01,  1.047197556609323e+00,  2.041990887888329e-05,  5.861977570020827e-14,  0.000000000000000e+00
  8.700000000000000e-01,  1.270349946113975e-03, -3.957696395880852e-01,  2.063961215278542e-01,  9.243190639058738e-02,  8.047041330763707e-01,  1.067170059761763e-01, -1.776863774144146e-01,  4.839617940597389e-01,  5.202420316436914e-01,  1.047197556609313e+00,  2.041990887888329e-05,  5.972999872483342e-14,  0.000000000000000e+00
  8.800000000000000e-01,  1.270349946114311e-03, -3.957696395880848e-01,  2.063961215278553e-01,  9.243190639058850e-02,  8.047041330763748e-01,  1.067170059761747e-01, -1.776863774061322e-01,  4.839617940295134e-01,  5.202420316457876e-01,  1.047197556609309e+00,  2.041989800495308e-05,  6.195044477408373e-14,  0.000000000000000e+00
  8.899999999999999e-01,  1.270349946113416e-03, -3.957696395880853e-01,  2.063961215278545e-01,  9.243190639058665e-02,  8.047041330763715e-01,  1.067170059761745e-01, -1.776863790484053e-01,  4.839618000161765e-01,  5.202420312300974e-01,  1.047197556609312e+00,  2.041990887888329e-05,  6.594724766273430e-14,  0.000000000000000e+00
  9.000000000000000e-01,  1.270349946114535e-03, -3.957696395880849e-01,  2.063961215278513e-01,  9.243190639058479e-02,  8.047041330763728e-01,  1.067170059761740e-01, -1.776863806909928e-01,  4.839618060043215e-01,  5.202420308144523e-01,  1.047197556609323e+00,  2.041990887888329e-05,  7.238654120556021e-14,  0.000000000000000e+00
  9.099999999999999e-01,  1.270349946110616e-03, -3.957696395880835e-01,  2.063961215278436e-01,  9.243190639058158e-02,  8.047041330763715e-01,  1.067170059761724e-01, -1.776863750511669e-01,  4.839617854447163e-01,  5.202420322417922e-01,  1.047197556609341e+00,  2.041990887888329e-05,  7.926992395823618e-14,  0.000000000000000e+00
  9.199999999999999e-01,  1.270349946123939e-03, -3.957696395880824e-01,  2.063961215278646e-01,  9.243190639058264e-02,  8.047041330763703e-01,  1.067170059761709e-01, -1.776863823314762e-01,  4.839618119838914e-01,  5.202420303991359e-01,  1.047197556609269e+00,  2.041990887888329e-05, -2.065014825802791e-14,  0.000000000000000e+00
  9.299999999999999e-01,  1.270349946119796e-03, -3.957696395880834e-01,  2.063961215278641e-01,  9.243190639058631e-02,  8.047041330763715e-01,  1.067170059761717e-01, -1.776863835956643e-01,  4.839618165922279e-01,  5.202420300791576e-01,  1.047197556609267e+00,  2.041988713101708e-05, -2.287059430727822e-14,  0.000000000000000e+00
  9.399999999999999e-01,  1.270349946117669e-03, -3.957696395880840e-01,  2.063961215278646e-01,  9.243190639058801e-02,  8.047041330763703e-01,  1.067170059761708e-01, -1.776863779611572e-01,  4.839617960527875e-01,  5.202420315052719e-01,  1.047197556609266e+00,  2.041989800495308e-05, -2.575717417130363e-14,  0.000000000000000e+00
  9.500000000000000e-01,  1.270349946113752e-03, -3.957696395880838e-01,  2.063961215278628e-01,  9.243190639058990e-02,  8.047041330763706e-01,  1.067170059761719e-01, -1.776863763106848e-01,  4.839617900364657e-01,  5.202420319229876e-01,  1.047197556609268e+00,  2.041989800495308e-05, -2.575717417130363e-14,  0.000000000000000e+00
  9.600000000000000e-01,  1.270349946121699e-03, -3.957696395880818e-01,  2.063961215278616e-01,  9.243190639058338e-02,  8.047041330763711e-01,  1.067170059761722e-01, -1.776863763126484e-01,  4.839617900436117e-01,  5.202420319225106e-01,  1.047197556609273e+00,  2.041989800495308e-05, -2.287059430727822e-14,  0.000000000000000e+00
  9.700000000000000e-01,  1.270349946109944e-03, -3.957696395880811e-01,  2.063961215278172e-01,  9.243190639056592e-02,  8.047041330763726e-01,  1.067170059761722e-01, -1.776863808817465e-01,  4.839618067005884e-01,  5.202420307658335e-01,  1.047197556609420e+00,  2.041990887888329e-05,  5.684341886080801e-14,  0.000000000000000e+00
  9.800000000000000e-01,  1.270349946114646e-03, -3.957696395880820e-01,  2.063961215278377e-01,  9.243190639057333e-02,  8.047041330763708e-01,  1.067170059761717e-01, -1.776863752552534e-01,  4.839617861892108e-01,  5.202420321902738e-01,  1.047197556609353e+00,  2.041990887888329e-05,  1.132427485117660e-14,  0.000000000000000e+00
  9.900000000000000e-01,  1.270349946123043e-03, -3.957696395880825e-01,  2.063961215278742e-01,  9.243190639058743e-02,  8.047041330763699e-01,  1.067170059761688e-01, -1.776863781785099e-01,  4.839617968453072e-01,  5.202420314501831e-01,  1.047197556609228e+00,  2.041989800495308e-05, -6.195044477408373e-14,  0.000000000000000e+00
  1.000000000000000e+00,  1.270349948245946e-03, -3.957696395864263e-01,  2.063961215211732e-01,  9.243190639778816e-02,  8.047041330763000e-01,  1.067170059917430e-01, -1.776863765130830e-01,  4.839617907667862e-01,  5.202420318561084e-01,  1.047197556603514e+00,  2.041991975280771e-05, -5.746514375459810e-12,  0.000000000000000e+00
  1.010000000000000e+00,  1.270349960692741e-03, -3.957696395896818e-01,  2.063961215271058e-01,  9.243190643146218e-02,  8.047041331000657e-01,  1.067170060307533e-01, -1.776863798545931e-01,  4.839618028061206e-01,  5.202420309878307e-01,  1.047197556601797e+00,  2.041990887888329e-05, -1.616928813064078e-12,  0.000000000000000e+00
  1.020000000000000e+00,  1.270349931624200e-03, -3.957696395949394e-01,  2.063961215273385e-01,  9.243190638378915e-02,  8.047041330841576e-01,  1.067170059946587e-01, -1.776863819586885e-01,  4.839618105863480e-01,  5.202420305167103e-01,  1.047197556605219e+00,  2.041988713101708e-05,  3.482991672854041e-12,  0.000000000000000e+00
  1.030000000000000e+00,  1.270349944589113e-03, -3.957696395882433e-01,  2.063961215275508e-01,  9.243190638904696e-02,  8.047041330765344e-01,  1.067170059765796e-01, -1.776863793056589e-01,  4.839618009566036e-01,  5.202420311675916e-01,  1.047197556609247e+00,  2.041989800495308e-05, -2.176037128265307e-14,  0.000000000000000e+00
  1.040000000000000e+00,  1.270349948177298e-03, -3.957696395874317e-01,  2.063961215283746e-01,  9.243190639079764e-02,  8.047041330744100e-01,  1.067170059715988e-01, -1.776863791211915e-01,  4.839618002886875e-01,  5.202420312082026e-01,  1.047197556609357e+00,  2.041990887888329e-05, -3.395062009303729e-13,  0.000000000000000e+00
  1.050000000000000e+00,  1.270349946114759e-03, -3.957696395880826e-01,  2.063961215278527e-01,  9.243190639058205e-02,  8.047041330763715e-01,  1.067170059761705e-01, -1.776863787163876e-01,  4.839617988060597e-01,  5.202420313141107e-01,  1.047197556609301e+00,  2.041990887888329e-05,  2.220446049250313e-16,  0.000000000000000e+00
  1.060000000000000e+00,  1.270349947309373e-03, -3.957696395881105e-01,  2.063961215279055e-01,  9.243190639122796e-02,  8.047041330757602e-01,  1.067170059746904e-01, -1.776863782020099e-01,  4.839617969326713e-01,  5.202420314421936e-01,  1.047197556609383e+00,  2.041990887888329e-05,  1.314504061156185e-13,  0.000000000000000e+00
  1.070000000000000e+00,  1.270349945284245e-03, -3.957696395885824e-01,  2.063961215286519e-01,  9.243190638645471e-02,  8.047041330728706e-01,  1.067170059686340e-01, -1.776863795535558e-01,  4.839618018712940e-01,  5.202420311035792e-01,  1.047197556608282e+00,  2.041990887888329e-05,  1.183497744250417e-13,  0.000000000000000e+00
  1.080000000000000e+00,  1.270349951066754e-03, -3.957696395860342e-01,  2.063961215279433e-01,  9.243190639385665e-02,  8.047041330749511e-01,  1.067170059718636e-01, -1.776863807851451e-01,  4.839618063567123e-01,  5.202420307813079e-01,  1.047197556609690e+00,  2.041991975280771e-05, -1.404654170755748e-12,  0.000000000000000e+00
  1.090000000000000e+00,  1.270349965438904e-03, -3.957696395892301e-01,  2.063961215362757e-01,  9.243190640649485e-02,  8.047041330700501e-01,  1.067170059601053e-01, -1.776863820780720e-01,  4.839618110227128e-01,  5.202420304304483e-01,  1.047197556606758e+00,  2.041990887888329e-05,  2.744471316873387e-12,  0.000000000000000e+00
  1.100000000000000e+00,  1.270349945498565e-03, -3.957696395879834e-01,  2.063961215269326e-01,  9.243190639016199e-02,  8.047041330768273e-01,  1.067170059772249e-01, -1.776863797643096e-01,  4.839618026297778e-01,  5.202420310501076e-01,  1.047197556610037e+00,  2.041989800495308e-05,  2.553512956637860e-14,  0.000000000000000e+00
  1.110000000000000e+00,  1.270349953900141e-03, -3.957696395980319e-01,  2.063961215230657e-01,  9.243190639043296e-02,  8.047041330672773e-01,  1.067170059573164e-01, -1.776863767270038e-01,  4.839617915919458e-01,  5.202420318013796e-01,  1.047197556609668e+00,  2.041989800495308e-05,  8.413270080609436e-12,  0.000000000000000e+00
  1.120000000000000e+00,  1.270349946397800e-03, -3.957696395864924e-01,  2.063961215273100e-01,  9.243190639104865e-02,  8.047041330768301e-01,  1.067170059771915e-01, -1.776863815400820e-01,  4.839618091036105e-01,  5.202420305987185e-01,  1.047197556609803e+00,  2.041989800495308e-05, -1.324718112982737e-12,  0.000000000000000e+00
  1.130000000000000e+00,  1.270349945846826e-03, -3.957696395873951e-01,  2.063961215274259e-01,  9.243190639026165e-02,  8.047041330765718e-01,  1.067170059764585e-01, -1.776863788826306e-01,  4.839617994160059e-01,  5.202420312725533e-01,  1.047197556609707e+00,  2.041989800495308e-05, -5.484501741648273e-13,  0.000000000000000e+00
  1.140000000000000e+00,  1.270349946113415e-03, -3.957696395880830e-01,  2.063961215278468e-01,  9.243190639057951e-02,  8.047041330763695e-01,  1.067170059761715e-01, -1.776863789083156e-01,  4.839617995057687e-01,  5.202420312655363e-01,  1.047197556609318e+00,  2.041991975280771e-05, -3.108624468950438e-15,  0.000000000000000e+00
  1.150000000000000e+00,  1.270349948652627e-03, -3.957696395826058e-01,  2.063961215220015e-01,  9.243190639498461e-02,  8.047041330799594e-01,  1.067170059839432e-01, -1.776863769750588e-01,  4.839617924855896e-01,  5.202420317451462e-01,  1.047197556609945e+00,  2.041988713101708e-05, -5.951905635015464e-12,  0.000000000000000e+00
  1.160000000000000e+00,  1.270349939337431e-03, -3.957696395866438e-01,  2.063961215243191e-01,  9.243190638483918e-02,  8.047041330792942e-01,  1.067170059818773e-01, -1.776863820155486e-01,  4.839618108531454e-01,  5.202420304901342e-01,  1.047197556610453e+00,  2.041988713101708e-05, -1.920907877206446e-12,  0.000000000000000e+00
  1.170000000000000e+00,  1.270349946397153e-03, -3.957696395895864e-01,  2.063961215276095e-01,  9.243190639142281e-02,  8.047041330782359e-01,  1.067170059768188e-01, -1.776863789122527e-01,  4.839617995193059e-01,  5.202420312625956e-01,  1.047197556608140e+00,  2.041990887888329e-05,  7.682743330406083e-13,  0.000000000000000e+00
  1.180000000000000e+00,  1.270349911818252e-03, -3.957696395696211e-01,  2.063961214950163e-01,  9.243190635994604e-02,  8.047041330944417e-01,  1.067170060117719e-01, -1.776863814721992e-01,  4.839618090573138e-01,  5.202420306614213e-01,  1.047197556616541e+00,  2.041991975280771e-05, -2.266653531535212e-11,  0.000000000000000e+00
  1.190000000000000e+00,  1.270349921900962e-03, -3.957696395950025e-01,  2.063961215276812e-01,  9.243190637732879e-02,  8.047041330876199e-01,  1.067170060037120e-01, -1.776863735827358e-01,  4.839617800397317e-01,  5.202420326580345e-01,  1.047197556607541e+00,  2.041989800495308e-05,  4.245936935376449e-12,  0.000000000000000e+00
  1.200000000000000e+00,  1.270349946115878e-03, -3.957696395880829e-01,  2.063961215278545e-01,  9.243190639058321e-02,  8.047041330763706e-01,  1.067170059761711e-01, -1.776863746048934e-01,  4.839617838182352e-01,  5.202420323547868e-01,  1.047197556609299e+00,  2.041990887888329e-05,  1.776356839400250e-15,  0.000000000000000e+00
  1.210000000000000e+00,  1.270349946554387e-03, -3.957696395879424e-01,  2.063961215282740e-01,  9.243190639167821e-02,  8.047041330774284e-01,  1.067170059772430e-01, -1.776863811873573e-01,  4.839618078091242e-01,  5.202420306885138e-01,  1.047197556609723e+00,  2.041990887888329e-05,  1.971756091734278e-13,  0.000000000000000e+00
  1.220000000000000e+00,  1.270349946115094e-03, -3.957696395880825e-01,  2.063961215278530e-01,  9.243190639058266e-02,  8.047041330763708e-01,  1.067170059761701e-01, -1.776863796160207e-01,  4.839618020855008e-01,  5.202420310863968e-01,  1.047197556609300e+00,  2.041990887888329e-05,  2.220446049250313e-16,  0.000000000000000e+00
  1.230000000000000e+00,  1.270349946115766e-03, -3.957696395880835e-01,  2.063961215278527e-01,  9.243190639058109e-02,  8.047041330763699e-01,  1.067170059761715e-01, -1.776863796396402e-01,  4.839618021715917e-01,  5.202420310804202e-01,  1.047197556609302e+00,  2.041988713101708e-05,  6.883382752675971e-15,  0.000000000000000e+00
  1.240000000000000e+00,  1.270349946110168e-03, -3.957696395880828e-01,  2.063961215278450e-01,  9.243190639058363e-02,  8.047041330763705e-01,  1.067170059761741e-01, -1.776863796528751e-01,  4.839618022200298e-01,  5.202420310770289e-01,  1.047197556609322e+00,  2.041989800495308e-05,  1.243449787580175e-14,  0.000000000000000e+00
  1.250000000000000e+00,  1.270349946117333e-03, -3.957696395880819e-01,  2.063961215278599e-01,  9.243190639058327e-02,  8.047041330763705e-01,  1.067170059761676e-01, -1.776863809235911e-01,  4.839618068518301e-01,  5.202420307554104e-01,  1.047197556609272e+00,  2.041991975280771e-05,  6.661338147750939e-16,  0.000000000000000e+00
  1.260000000000000e+00,  1.270349946111847e-03, -3.957696395880814e-01,  2.063961215278390e-01,  9.243190639057666e-02,  8.047041330763713e-01,  1.067170059761719e-01, -1.776863792766116e-01,  4.839618008485961e-01,  5.202420311722571e-01,  1.047197556609340e+00,  2.041988713101708e-05,  3.996802888650564e-14,  0.000000000000000e+00
  1.270000000000000e+00,  1.270349946114647e-03, -3.957696395880815e-01,  2.063961215278529e-01,  9.243190639058374e-02,  8.047041330763708e-01,  1.067170059761731e-01, -1.776863819499797e-01,  4.839618105935284e-01,  5.202420304956324e-01,  1.047197556609299e+00,  2.041990887888329e-05, -2.220446049250313e-15,  0.000000000000000e+00
