 	0	0	 	0	 	-2.112	  
0.02	 	0	 	0	 	-2.953
0.04	 	0	 	0	 	-0.5
0.06	 	0	 	0	 	0.301
0.08	 	0	 	0	 	0.154
0.1	 	0	 	0	 	-0.416
0.12	 	0	 	0	 	-0.86
0.14	 	0	 	0	 	-0.816
0.16	 	0	 	0	 	-1.349
0.18	 	0	 	0	 	-1.765
0.2	 	0	 	0	 	-1.943
0.22	 	0	 	0	 	-1.678
0.24	 	0	 	0	 	-1.27
0.26	 	0	 	0	 	-1.18
0.28	 	0	 	0	 	-0.729
0.3	 	0	 	0	 	-0.12
0.32	 	0	 	0	 	0.963
0.34	 	0	 	0	 	1.435
0.36	 	0	 	0	 	1.585
0.38	 	0	 	0	 	1.757
0.4	 	0	 	0	 	1.365
0.42	 	0	 	0	 	1.601
0.44	 	0	 	0	 	1.887
0.46	 	0	 	0	 	2.314
0.48	 	0	 	0	 	2.724
0.5	 	0	 	0	 	2.849
0.52	 	0	 	0	 	2.925
0.54	 	0	 	0	 	2.605
0.56	 	0	 	0	 	2.439
0.58	 	0	 	0	 	2.864
0.6	 	0	 	0	 	3.073
0.62	 	0	 	0	 	3.235
0.64	 	0	 	0	 	3.272
0.66	 	0	 	0	 	2.877
0.68	 	0	 	0	 	2.774
0.7	 	0	 	0	 	2.546
0.72	 	0	 	0	 	1.417
0.74	 	0	 	0	 	0.214
0.76	 	0	 	0	 	-0.272
0.78	 	0	 	0	 	0.167
0.8	 	0	 	0	 	-0.253
0.82	 	0	 	0	 	0
0.84	 	0	 	0	 	0
0.86	 	0	 	0	 	0
0.88	 	0	 	0	 	0
0.9	 	0	 	0	 	0
0.92	 	0	 	0	 	0
0.94	 	0	 	0	 	0
0.96	 	0	 	0	 	0
0.98	 	0	 	0	 	0
1	 	0	 	0	 	0
1.02	 	0	 	0	 	0
1.04	 	0	 	0	 	0
1.06	 	0	 	0	 	0
1.08	 	0	 	0	 	0
1.1	 	0	 	0	 	0
1.12	 	0	 	0	 	0
1.14	 	0	 	0	 	0
1.16	 	0	 	0	 	0
1.18	 	0	 	0	 	0
1.2	 	0	 	0	 	0
1.22	 	0	 	0	 	0
1.24	 	0	 	0	 	0
1.26	 	0	 	0	 	0
1.28	 	0	 	0	 	0
1.3	 	0	 	0	 	0
1.32	 	0	 	0	 	0
1.34	 	0	 	0	 	0
1.36	 	0	 	0	 	0
1.38	 	0	 	0	 	0
1.4	 	0	 	0	 	0
1.42	 	0	 	0	 	0
1.44	 	0	 	0	 	0
1.46	 	0	 	0	 	0
1.48	 	0	 	0	 	0
1.5	 	0	 	0	 	0
1.52	 	0	 	0	 	0
1.54	 	0	 	0	 	0
1.56	 	0	 	0	 	0
1.58	 	0	 	0	 	0
1.6	 	0	 	0	 	0
1.62	 	0	 	0	 	0
1.64	 	0	 	0	 	0
1.66	 	0	 	0	 	0
1.68	 	0	 	0	 	0