Main.Studies.MarkerTracking.t,Main.Studies.MarkerTracking.JointAngleOutputs.OutputFile_LeftLeg.HipFlexion,Main.Studies.MarkerTracking.JointAngleOutputs.OutputFile_LeftLeg.HipAbduction,Main.Studies.MarkerTracking.JointAngleOutputs.OutputFile_LeftLeg.HipExternalRotation,Main.Studies.MarkerTracking.JointAngleOutputs.OutputFile_LeftLeg.KneeFlexion,Main.Studies.MarkerTracking.JointAngleOutputs.OutputFile_LeftLeg.AnklePlantarFlexion,Main.Studies.MarkerTracking.JointAngleOutputs.OutputFile_LeftLeg.SubTalarEversion
  2.791890000000000e+00,  3.877218831754051e-01,  1.910454674477913e-01,  6.117202250784277e-01,  1.822899543709114e-01,  2.393408329186359e-02,  1.205654213526890e-01
  2.796057000000000e+00,  3.872453739762330e-01,  1.921010254840143e-01,  6.208827561405569e-01,  1.675629053706369e-01,  2.608290418592339e-02,  1.122299684994427e-01
  2.800224000000000e+00,  3.869885139577077e-01,  1.929740800797151e-01,  6.291032327881919e-01,  1.541607592003482e-01,  2.801775416471028e-02,  1.044563289439058e-01
  2.804391000000000e+00,  3.869320188627499e-01,  1.936804908106964e-01,  6.364267103910618e-01,  1.421055447296616e-01,  2.968408598554634e-02,  9.728505474826836e-02
  2.808558000000000e+00,  3.870564140710374e-01,  1.942334454292503e-01,  6.429136331413809e-01,  1.314126633131761e-01,  3.103752983578575e-02,  9.073767885780246e-02
  2.812725000000000e+00,  3.873424437325498e-01,  1.946432671502212e-01,  6.486316647864404e-01,  1.220900754128948e-01,  3.204541071171792e-02,  8.482371989478713e-02
  2.816892000000000e+00,  3.877720544003422e-01,  1.949177244892435e-01,  6.536483212174403e-01,  1.141380839569008e-01,  3.268689738964185e-02,  7.954628779388395e-02
  2.821059000000000e+00,  3.883281707541526e-01,  1.950624153593907e-01,  6.580255417155076e-01,  1.075486599175528e-01,  3.295336549889096e-02,  7.490752673560801e-02
  2.825226000000000e+00,  3.889947491469136e-01,  1.950812962316137e-01,  6.618155063182405e-01,  1.023052445088223e-01,  3.284792428902687e-02,  7.091233386401768e-02
  2.829393000000000e+00,  3.897566988597265e-01,  1.949771737175885e-01,  6.650577577438570e-01,  9.838276316655102e-02,  3.238459668794768e-02,  6.757081759216083e-02
  2.833560000000000e+00,  3.905997745000296e-01,  1.947520955352089e-01,  6.677774037198561e-01,  9.574789007453549e-02,  3.158723505980320e-02,  6.489958548958592e-02
  2.837727000000000e+00,  3.915109423376509e-01,  1.944076176910539e-01,  6.699838692746314e-01,  9.435985981824616e-02,  3.048787830477191e-02,  6.292160364019815e-02
  2.841894000000000e+00,  3.924781439289754e-01,  1.939448706659901e-01,  6.716708879460411e-01,  9.417105905323328e-02,  2.912567285286146e-02,  6.166589072307117e-02
  2.846061000000000e+00,  3.934908877118480e-01,  1.933645098216372e-01,  6.728166141523618e-01,  9.512828666233990e-02,  2.754517706583274e-02,  6.116586300330553e-02
  2.850228000000000e+00,  3.945405673528339e-01,  1.926665104710374e-01,  6.733846147181758e-01,  9.717389751291766e-02,  2.579509597889490e-02,  6.145753335962315e-02
  2.854395000000000e+00,  3.956208655714756e-01,  1.918498642896993e-01,  6.733254335991303e-01,  1.002470245259897e-01,  2.392711612937445e-02,  6.257729758244630e-02
  2.858562000000000e+00,  3.967281046205346e-01,  1.909122138908441e-01,  6.725787814875077e-01,  1.042847634637349e-01,  2.199489643996434e-02,  6.455946778509783e-02
  2.862729000000000e+00,  3.978615309715156e-01,  1.898494727277529e-01,  6.710763013723262e-01,  1.092233075226828e-01,  2.005309774016116e-02,  6.743356957314066e-02
  2.866896000000000e+00,  3.990231485022782e-01,  1.886555153573237e-01,  6.687452179698103e-01,  1.149987552019778e-01,  1.815671782989956e-02,  7.122179823747189e-02
  2.871063000000000e+00,  4.002178763160736e-01,  1.873219353879310e-01,  6.655120713265935e-01,  1.215481568078729e-01,  1.635977427519169e-02,  7.593592500631709e-02
  2.875230000000000e+00,  4.014529253423781e-01,  1.858380060574090e-01,  6.613074759854866e-01,  1.288100158386863e-01,  1.471442297601345e-02,  8.157482070774792e-02
  2.879397000000000e+00,  4.027371761096654e-01,  1.841908359912523e-01,  6.560710255906985e-01,  1.367248095274415e-01,  1.326963744298417e-02,  8.812196562715463e-02
  2.883564000000000e+00,  4.040802478861197e-01,  1.823657725615524e-01,  6.497564267444856e-01,  1.452352711800457e-01,  1.206979691820999e-02,  9.554343439163940e-02
  2.887731000000000e+00,  4.054913517199555e-01,  1.803470562145186e-01,  6.423365112262155e-01,  1.542864321320515e-01,  1.115317858108296e-02,  1.037865081323713e-01
  2.891898000000000e+00,  4.069780016885130e-01,  1.781187001375091e-01,  6.338077418369729e-01,  1.638254044498107e-01,  1.055042960400933e-02,  1.127791224900227e-01
  2.896065000000000e+00,  4.085446854125452e-01,  1.756655409752315e-01,  6.241937595835947e-01,  1.738009193073534e-01,  1.028311776317770e-02,  1.224303566920000e-01
  2.900232000000000e+00,  4.101916205943911e-01,  1.729743904873051e-01,  6.135474790291906e-01,  1.841626830627376e-01,  1.036248018644189e-02,  1.326321507363022e-01
  2.904399000000000e+00,  4.119137028446865e-01,  1.700352164789714e-01,  6.019513388947975e-01,  1.948606249703518e-01,  1.078856578394939e-02,  1.432624074926805e-01
  2.908566000000000e+00,  4.137000454912137e-01,  1.668421650758749e-01,  5.895152301151009e-01,  2.058443814520656e-01,  1.154955178637435e-02,  1.541891238307932e-01
  2.912733000000000e+00,  4.155335444707646e-01,  1.633945180786327e-01,  5.763728748258232e-01,  2.170625609514235e-01,  1.262223155467985e-02,  1.652759506910713e-01
  2.916900000000000e+00,  4.173913285423311e-01,  1.596972266418222e-01,  5.626761664787896e-01,  2.284625634829054e-01,  1.397254243760846e-02,  1.763877414824852e-01
  2.921067000000000e+00,  4.192453904965094e-01,  1.557611596878703e-01,  5.485886723903529e-01,  2.399904310242195e-01,  1.555695739682991e-02,  1.873961834759599e-01
  2.925234000000000e+00,  4.210635482594198e-01,  1.516029797010354e-01,  5.342786708335386e-01,  2.515909315013712e-01,  1.732429405810247e-02,  1.981846911860187e-01
  2.929401000000000e+00,  4.228105842950745e-01,  1.472446797438656e-01,  5.199123637610560e-01,  2.632078299550980e-01,  1.921786537890235e-02,  2.086522460757289e-01
  2.933568000000000e+00,  4.244494671523265e-01,  1.427128182592723e-01,  5.056477409119706e-01,  2.747843399426850e-01,  2.117783956650638e-02,  2.187160355159702e-01
  2.937735000000000e+00,  4.259425753896899e-01,  1.380374978260726e-01,  4.916294403386890e-01,  2.862637340325035e-01,  2.314367446023755e-02,  2.283128825723777e-01
  2.941902000000000e+00,  4.272528745394077e-01,  1.332511251433739e-01,  4.779848089758069e-01,  2.975900690543255e-01,  2.505644205308293e-02,  2.373995042851495e-01
  2.946069000000000e+00,  4.283450344891257e-01,  1.283869769592396e-01,  4.648211850918383e-01,  3.087089760490607e-01,  2.686082574415740e-02,  2.459516509524084e-01
  2.950236000000000e+00,  4.291864612943545e-01,  1.234776575533951e-01,  4.522243168956524e-01,  3.195684719544823e-01,  2.850668326622137e-02,  2.539622505548272e-01
  2.954403000000000e+00,  4.297481646232917e-01,  1.185536357796728e-01,  4.402578654598925e-01,  3.301197465789951e-01,  2.995023114791471e-02,  2.614388082563426e-01
  2.958570000000000e+00,  4.300053798360126e-01,  1.136420483776168e-01,  4.289639664761423e-01,  3.403178650845525e-01,  3.115491678880196e-02,  2.684003775033839e-01
  2.962737000000000e+00,  4.299379546534821e-01,  1.087658412742929e-01,  4.183647145699150e-01,  3.501223620563185e-01,  3.209189406281373e-02,  2.748743488585840e-01
  2.966904000000000e+00,  4.295302856863425e-01,  1.039434188322177e-01,  4.084645582200552e-01,  3.594974490269719e-01,  3.274045318941992e-02,  2.808935692822540e-01
  2.971071000000000e+00,  4.287714090009068e-01,  9.918847017525967e-02,  3.992528492092570e-01,  3.684124039690065e-01,  3.308747104521769e-02,  2.864933485445672e-01
  2.975238000000000e+00,  4.276545421868561e-01,  9.451036409638891e-02,  3.907069313685623e-01,  3.768413948050469e-01,  3.312720657133643e-02,  2.917093652411024e-01
  2.979405000000000e+00,  4.261766951178230e-01,  8.991468010903136e-02,  3.827950490016186e-01,  3.847633426269157e-01,  3.286057638436503e-02,  2.965758627784170e-01
  2.983572000000000e+00,  4.243381700649989e-01,  8.540390284240051e-02,  3.754790940829822e-01,  3.921616337177866e-01,  3.229434817652495e-02,  3.011243570437974e-01
  2.987739000000000e+00,  4.221420233064746e-01,  8.097818286662184e-02,  3.687170556922739e-01,  3.990237578058977e-01,  3.144023757412757e-02,  3.053827706554452e-01
  2.991906000000000e+00,  4.195935239738940e-01,  7.663610146700894e-02,  3.624651412144272e-01,  4.053409152469455e-01,  3.031395621439492e-02,  3.093749703527837e-01
  2.996073000000000e+00,  4.166996503387156e-01,  7.237537436981167e-02,  3.566795716844107e-01,  4.111076296584222e-01,  2.893426694564936e-02,  3.131206566051893e-01
  3.000240000000000e+00,  4.134686593038077e-01,  6.819344046818165e-02,  3.513180472008968e-01,  4.163213890208568e-01,  2.732209615414129e-02,  3.166355084883551e-01
  3.004407000000000e+00,  4.099097505185043e-01,  6.408790697924305e-02,  3.463408722302710e-01,  4.209823249939734e-01,  2.549973183153604e-02,  3.199314782783512e-01
  3.008574000000000e+00,  4.060328258674674e-01,  6.005684759317376e-02,  3.417117419239091e-01,  4.250929298836596e-01,  2.349011482743819e-02,  3.230171540205875e-01
  3.012741000000000e+00,  4.018483222589262e-01,  5.609897197631941e-02,  3.373982178528358e-01,  4.286578045137061e-01,  2.131621977703185e-02,  3.258981480106750e-01
  3.016908000000000e+00,  3.973670467014004e-01,  5.221371527501328e-02,  3.333719641702423e-01,  4.316833893034323e-01,  1.900058894165700e-02,  3.285775500810791e-01
  3.021075000000000e+00,  3.926002341121939e-01,  4.840112954669906e-02,  3.296087344809404e-01,  4.341779185235649e-01,  1.656460448659120e-02,  3.310561739279731e-01
  3.025242000000000e+00,  3.875592217481981e-01,  4.466191321266288e-02,  3.260883608818951e-01,  4.361509840758551e-01,  1.402854293271764e-02,  3.333332763618735e-01
  3.029409000000000e+00,  3.822555539335475e-01,  4.099713059962840e-02,  3.227944946538325e-01,  4.376135359055465e-01,  1.141102289897837e-02,  3.354067965766051e-01
  3.033576000000000e+00,  3.767009070502000e-01,  3.740798475379670e-02,  3.197143190136467e-01,  4.385776962658194e-01,  8.728900668069049e-03,  3.372737744909661e-01
  3.037743000000000e+00,  3.709070719425241e-01,  3.389554436749953e-02,  3.168381493102330e-01,  4.390566370030699e-01,  5.997182032639005e-03,  3.389306667202099e-01
  3.041910000000000e+00,  3.648859413403212e-01,  3.046048553275127e-02,  3.141589556752966e-01,  4.390644751527111e-01,  3.229005754690584e-03,  3.403736539490432e-01
  3.046077000000000e+00,  3.586494931686983e-01,  2.710287054267257e-02,  3.116718412049359e-01,  4.386161805811379e-01,  4.356865703745352e-04,  3.415989694584818e-01
  3.050244000000000e+00,  3.522098074515981e-01,  2.382195268538934e-02,  3.093735130768761e-01,  4.377275269456949e-01, -2.373264096453001e-03,  3.426031734956693e-01
  3.054411000000000e+00,  3.455788389943451e-01,  2.061613034970700e-02,  3.072617138758482e-01,  4.364148355750588e-01, -5.189715103847466e-03,  3.433836310240755e-01
  3.058578000000000e+00,  3.387686404042555e-01,  1.748274350752554e-02,  3.053347462867079e-01,  4.346951358831973e-01, -8.007231334727836e-03,  3.439384185296718e-01
  3.062745000000000e+00,  3.317910960351025e-01,  1.441813548879201e-02,  3.035909638794344e-01,  4.325858918178100e-01, -1.082060518346814e-02,  3.442667051467918e-01
  3.066912000000000e+00,  3.246578414396016e-01,  1.141768045602176e-02,  3.020283449445312e-01,  4.301049102026058e-01, -1.362569772168856e-02,  3.443688874062410e-01
  3.071079000000000e+00,  3.173804210955777e-01,  8.475789123247424e-03,  3.006442664375872e-01,  4.272704440236985e-01, -1.641962747593547e-02,  3.442464483338380e-01
  3.075246000000000e+00,  3.099698706440052e-01,  5.586190387967038e-03,  2.994351178604810e-01,  4.241008360864977e-01, -1.920007959560464e-02,  3.439023918965132e-01
  3.079413000000000e+00,  3.024369239250974e-01,  2.742030248118033e-03,  2.983962331394461e-01,  4.206146706106555e-01, -2.196554950447671e-02,  3.433409755950622e-01
  3.083580000000000e+00,  2.947919956275396e-01, -6.390177028348099e-05,  2.975218186859203e-01,  4.168307238737225e-01, -2.471521275660799e-02,  3.425676387492006e-01
  3.087747000000000e+00,  2.870449346647157e-01, -2.838868748740841e-03,  2.968048068620349e-01,  4.127677557031557e-01, -2.744848303407441e-02,  3.415891135369682e-01
  3.091914000000000e+00,  2.792054620603815e-01, -5.590083662092571e-03,  2.962371591654474e-01,  4.084447778284677e-01, -3.016549309634629e-02,  3.404128351889679e-01
  3.096081000000000e+00,  2.712828465917797e-01, -8.324405017160252e-03,  2.958097770486293e-01,  4.038807844176042e-01, -3.286654574287873e-02,  3.390471192786473e-01
  3.100248000000000e+00,  2.632863701282162e-01, -1.104825074859739e-02,  2.955129775358075e-01,  3.990950054688203e-01, -3.555260922487405e-02,  3.375005593479987e-01
  3.104415000000000e+00,  2.552248313391327e-01, -1.376734165797311e-02,  2.953362928107814e-01,  3.941065365901045e-01, -3.822459176255740e-02,  3.357824292222935e-01
  3.108582000000000e+00,  2.471070945272022e-01, -1.648668057818448e-02,  2.952690404416609e-01,  3.889346168034430e-01, -4.088392729132988e-02,  3.339020254292221e-01
  3.112749000000000e+00,  2.389414993473420e-01, -1.921038624718951e-02,  2.953001678760966e-01,  3.835982051598957e-01, -4.353181236790605e-02,  3.318691932068417e-01
  3.116916000000000e+00,  2.307367102874237e-01, -2.194177284705057e-02,  2.954189088480166e-01,  3.781163830034579e-01, -4.617009058519942e-02,  3.296933720031530e-01
  3.121083000000000e+00,  2.225011484229287e-01, -2.468327795765735e-02,  2.956146273868303e-01,  3.725079311286553e-01, -4.880055624313154e-02,  3.273841372368598e-01
  3.125250000000000e+00,  2.142429862775159e-01, -2.743657782845688e-02,  2.958767739016048e-01,  3.667912253439817e-01, -5.142486638720358e-02,  3.249513884687522e-01
  3.129417000000000e+00,  2.059708169303057e-01, -3.020249284194998e-02,  2.961962435233075e-01,  3.609845759667125e-01, -5.404544839364007e-02,  3.224040204955371e-01
  3.133584000000000e+00,  1.976925701228516e-01, -3.298134179575740e-02,  2.965636471279284e-01,  3.551054521759368e-01, -5.666398461179602e-02,  3.197520992881818e-01
  3.137751000000000e+00,  1.894162386398364e-01, -3.577289627632596e-02,  2.969706525610472e-01,  3.491708547759351e-01, -5.928240456380004e-02,  3.170054498330837e-01
  3.141918000000000e+00,  1.811501748195655e-01, -3.857643477276951e-02,  2.974096763280425e-01,  3.431974533765366e-01, -6.190320044776369e-02,  3.141730661438975e-01
  3.146085000000000e+00,  1.729009019416121e-01, -4.139129694203558e-02,  2.978739924500178e-01,  3.372000413217575e-01, -6.452691722407548e-02,  3.112670796442905e-01
  3.150252000000000e+00,  1.646763714834074e-01, -4.421637529696998e-02,  2.983576245843833e-01,  3.311936627672635e-01, -6.715592874873004e-02,  3.082968244829988e-01
  3.154419000000000e+00,  1.564836529064742e-01, -4.705064052860686e-02,  2.988554114130982e-01,  3.251920345312758e-01, -6.979182826081524e-02,  3.052728533666071e-01
  3.158586000000000e+00,  1.483279775696272e-01, -4.989416808156255e-02,  2.993573946710265e-01,  3.192065759135607e-01, -7.243335613560642e-02,  3.022120724825315e-01
  3.162753000000000e+00,  1.402186674903480e-01, -5.274411300432491e-02,  2.998713445091956e-01,  3.132515177366089e-01, -7.508726362936842e-02,  2.991129322114094e-01
  3.166920000000000e+00,  1.321599968148706e-01, -5.560102406193401e-02,  3.003887564801543e-01,  3.073360698554848e-01, -7.775182337962243e-02,  2.959925371783597e-01
  3.171087000000000e+00,  1.241572601145501e-01, -5.846470767585266e-02,  3.009075859802942e-01,  3.014696215513138e-01, -8.042789888129225e-02,  2.928616228124392e-01
  3.175254000000000e+00,  1.162151619414861e-01, -6.133533014327108e-02,  3.014264809530018e-01,  2.956604176613821e-01, -8.311613261119366e-02,  2.897306389121384e-01
  3.179421000000000e+00,  1.083377680667269e-01, -6.421344584705868e-02,  3.019447415689717e-01,  2.899155728475964e-01, -8.581692908949176e-02,  2.866096020861220e-01
  3.183588000000000e+00,  1.005284669699849e-01, -6.710001371663088e-02,  3.024622856793062e-01,  2.842411078044322e-01, -8.853042884736537e-02,  2.835079738735198e-01
  3.187755000000000e+00,  9.278994402067048e-02, -6.999640688574815e-02,  3.029796057721628e-01,  2.786420064234149e-01, -9.125647425990738e-02,  2.804345497490246e-01
  3.191922000000000e+00,  8.512416737995246e-02, -7.290442362267702e-02,  3.034976829172242e-01,  2.731222874803176e-01, -9.399456819543769e-02,  2.773973287556144e-01
  3.196089000000000e+00,  7.753238297576119e-02, -7.582630478786756e-02,  3.040178293296818e-01,  2.676850839778367e-01, -9.674382637265770e-02,  2.744033492160220e-01
  3.200256000000000e+00,  7.001511597272654e-02, -7.876475401147021e-02,  3.045414641913650e-01,  2.623327295967812e-01, -9.950292473759785e-02,  2.714585115741827e-01
  3.204423000000000e+00,  6.257217607003172e-02, -8.172294835853067e-02,  3.050698636511759e-01,  2.570668586285416e-01, -1.022700429622394e-01,  2.685674412646809e-01
  3.208590000000000e+00,  5.520266281608007e-02, -8.470452726514033e-02,  3.056039365822733e-01,  2.518885271048888e-01, -1.050428079386730e-01,  2.657334471029518e-01
  3.212757000000000e+00,  4.790496679903174e-02, -8.771355934259706e-02,  3.061440388521711e-01,  2.467983580388643e-01, -1.078182530998605e-01,  2.629585776168747e-01
  3.216924000000000e+00,  4.067676508924279e-02, -9.075449922883472e-02,  3.066897876078060e-01,  2.417967074119957e-01, -1.105928183357967e-01,  2.602437149992353e-01
  3.221091000000000e+00,  3.351501303632116e-02, -9.383214457435729e-02,  3.072398394475564e-01,  2.368838432811440e-01, -1.133624008490403e-01,  2.575886522076336e-01
  3.225258000000000e+00,  2.641593541705478e-02, -9.695159070026360e-02,  3.077916379444464e-01,  2.320601286034794e-01, -1.161224419344238e-01,  2.549921505883061e-01
  3.229425000000000e+00,  1.937501829639910e-02, -1.001181722747515e-01,  3.083411593016985e-01,  2.273262007136718e-01, -1.188680277758341e-01,  2.524520013664999e-01
  3.233592000000000e+00,  1.238700298875953e-02, -1.033373806656264e-01,  3.088826811792160e-01,  2.226831454867148e-01, -1.215939931663211e-01,  2.499651063774835e-01
  3.237759000000000e+00,  5.445885168216479e-03, -1.066147482755948e-01,  3.094085870242477e-01,  2.181326664165487e-01, -1.242950273329202e-01,  2.475275777724656e-01
  3.241926000000000e+00, -1.455077850665834e-03, -1.099556953115470e-01,  3.099092056105510e-01,  2.136772461621829e-01, -1.269657823761375e-01,  2.451348455503404e-01
  3.246093000000000e+00, -8.323349989063649e-03, -1.133653372058068e-01,  3.103726778925093e-01,  2.093202946643205e-01, -1.296009775075722e-01,  2.427817586799286e-01
  3.250260000000000e+00, -1.516708796600060e-02, -1.168482481140194e-01,  3.107848462211725e-01,  2.050662795547625e-01, -1.321954877644422e-01,  2.404626718088250e-01
  3.254427000000000e+00, -2.199509939966525e-02, -1.204081693243977e-01,  3.111291777504614e-01,  2.009208416653349e-01, -1.347444137768033e-01,  2.381715264623638e-01
  3.258594000000000e+00, -2.881678580703067e-02, -1.240476482847970e-01,  3.113867474230488e-01,  1.968909025993283e-01, -1.372431389111158e-01,  2.359019468351095e-01
  3.262761000000000e+00, -3.564207017003664e-02, -1.277675967650058e-01,  3.115362920175526e-01,  1.929847672456949e-01, -1.396873812601347e-01,  2.336473520797107e-01
  3.266928000000000e+00, -4.248130817858400e-02, -1.315667609746138e-01,  3.115543278254961e-01,  1.892122196731101e-01, -1.420732460485374e-01,  2.314010631453358e-01
  3.271095000000000e+00, -4.934517939242818e-02, -1.354410999547555e-01,  3.114153434735868e-01,  1.855846138614259e-01, -1.443972843517924e-01,  2.291563974872928e-01
  3.275262000000000e+00, -5.624455138340152e-02, -1.393830764474417e-01,  3.110921104856282e-01,  1.821149631965531e-01, -1.466565641707835e-01,  2.269067723851964e-01
  3.279429000000000e+00, -6.319030596934164e-02, -1.433808839444342e-01,  3.105561416136262e-01,  1.788180236874898e-01, -1.488487576834238e-01,  2.246458177310444e-01
  3.283596000000000e+00, -7.019310808987941e-02, -1.474176657197868e-01,  3.097783039107228e-01,  1.757103531617222e-01, -1.509722444808895e-01,  2.223674629090168e-01
  3.287763000000000e+00, -7.726308263115619e-02, -1.514708219756160e-01,  3.087296310481095e-01,  1.728103263722812e-01, -1.530262252095384e-01,  2.200659815531441e-01
  3.291930000000000e+00, -8.440934674793837e-02, -1.555115463589476e-01,  3.073824475426763e-01,  1.701380895959675e-01, -1.550108313970846e-01,  2.177360283013617e-01
  3.296097000000000e+00, -9.163933362038476e-02, -1.595047777514693e-01,  3.057119345862961e-01,  1.677154361742825e-01, -1.569272036266928e-01,  2.153727146717903e-01
  3.300264000000000e+00, -9.895784788755482e-02, -1.634097812605928e-01,  3.036982210684512e-01,  1.655655810745397e-01, -1.587774969926872e-01,  2.129717551455264e-01
  3.304431000000000e+00, -1.063658251343275e-01, -1.671815563142587e-01,  3.013289936268289e-01,  1.637128196343850e-01, -1.605647672743464e-01,  2.105297136215230e-01
  3.308598000000000e+00, -1.138588402224893e-01, -1.707731810566158e-01,  2.986024627932027e-01,  1.621820737954670e-01, -1.622926899988372e-01,  2.080443895681219e-01
  3.312765000000000e+00, -1.214255228534942e-01, -1.741390261483615e-01,  2.955302816680831e-01,  1.609983537649191e-01, -1.639650666660323e-01,  2.055153714937863e-01
  3.316932000000000e+00, -1.290461695431251e-01, -1.772385241734595e-01,  2.921397523223757e-01,  1.601861929122320e-01, -1.655850946810848e-01,  2.029447494707426e-01
  3.321099000000000e+00, -1.366919383653023e-01, -1.800399247265312e-01,  2.884745012806821e-01,  1.597691415285297e-01, -1.671544308775087e-01,  2.003379350227634e-01
  3.325266000000000e+00, -1.443250115511414e-01, -1.825233015267074e-01,  2.845928922565127e-01,  1.597694143774133e-01, -1.686721484650267e-01,  1.977044974924495e-01
  3.329433000000000e+00, -1.518948468535832e-01, -1.846839376294955e-01,  2.805638356869030e-01,  1.602096759200249e-01, -1.701351699412514e-01,  1.950556923987321e-01
  3.333600000000000e+00, -1.593606171066693e-01, -1.865250369601577e-01,  2.764604416343499e-01,  1.611056051368498e-01, -1.715318165779375e-01,  1.924179327064260e-01
  3.337767000000000e+00, -1.666655285209784e-01, -1.880655107059495e-01,  2.723523213363483e-01,  1.624774101267614e-01, -1.728499761911539e-01,  1.898133256566285e-01
  3.341934000000000e+00, -1.737590368208706e-01, -1.893301597922314e-01,  2.682980687326617e-01,  1.643428975235151e-01, -1.740714933971629e-01,  1.872727152288128e-01
  3.346101000000000e+00, -1.805952776646542e-01, -1.903471645948538e-01,  2.643396713927643e-01,  1.667196596894747e-01, -1.751740956712016e-01,  1.848317523964876e-01
  3.350268000000000e+00, -1.871350395386822e-01, -1.911444218946023e-01,  2.604995383393630e-01,  1.696253148759515e-01, -1.761321964321571e-01,  1.825300123395789e-01
  3.354435000000000e+00, -1.933465425711574e-01, -1.917468578320638e-01,  2.567804321789298e-01,  1.730775656307839e-01, -1.769178281767865e-01,  1.804099228867419e-01
  3.358602000000000e+00, -1.992051403661945e-01, -1.921749747381443e-01,  2.531678157585017e-01,  1.770940906121952e-01, -1.775015414432629e-01,  1.785156040174820e-01
  3.362769000000000e+00, -2.046922672303364e-01, -1.924445462033368e-01,  2.496337307279513e-01,  1.816923237491981e-01, -1.778531498752649e-01,  1.768916667776328e-01
  3.366936000000000e+00, -2.097940134570005e-01, -1.925671600121466e-01,  2.461412849807708e-01,  1.868891885796577e-01, -1.779422609495944e-01,  1.755819697654937e-01
  3.371103000000000e+00, -2.144996576942990e-01, -1.925512437014796e-01,  2.426490209303580e-01,  1.927008469683506e-01, -1.777385878423219e-01,  1.746283401352543e-01
  3.375270000000000e+00, -2.188003764539800e-01, -1.924032516757648e-01,  2.391147191459669e-01,  1.991424987486944e-01, -1.772120782850752e-01,  1.740693076683655e-01
  3.379437000000000e+00, -2.226882363248273e-01, -1.921287862442280e-01,  2.354984608557001e-01,  2.062282436584036e-01, -1.763329134888056e-01,  1.739388943508500e-01
  3.383604000000000e+00, -2.261554843925573e-01, -1.917335207868851e-01,  2.317649770763810e-01,  2.139709988602281e-01, -1.750714292111177e-01,  1.742654588900210e-01
  3.387771000000000e+00, -2.291940986109476e-01, -1.912238662384085e-01,  2.278854358998011e-01,  2.223824569776033e-01, -1.733980026496504e-01,  1.750705863514084e-01
  3.391938000000000e+00, -2.317955403767084e-01, -1.906073667364991e-01,  2.238388566946602e-01,  2.314730661228059e-01, -1.712829395436467e-01,  1.763680395300450e-01
  3.396105000000000e+00, -2.339506556353268e-01, -1.898928336226118e-01,  2.196132946130826e-01,  2.412520110128280e-01, -1.686963891992669e-01,  1.781628096512114e-01
  3.400272000000000e+00, -2.356496861333386e-01, -1.890902379790385e-01,  2.152068486905613e-01,  2.517271737095420e-01, -1.656083065908616e-01,  1.804503151061889e-01
  3.404439000000000e+00, -2.368823711840806e-01, -1.882103877216035e-01,  2.106284580949214e-01,  2.629050531223565e-01, -1.619884636519067e-01,  1.832158132056302e-01
  3.408606000000000e+00, -2.376381364248949e-01, -1.872644199853579e-01,  2.058983860157012e-01,  2.747906253656470e-01, -1.578065009820576e-01,  1.864341062853240e-01
  3.412773000000000e+00, -2.379063736706762e-01, -1.862631422174568e-01,  2.010482584243452e-01,  2.873871345782378e-01, -1.530320184565344e-01,  1.900696274200413e-01
  3.416940000000000e+00, -2.376768187164841e-01, -1.852162559793376e-01,  1.961205273726058e-01,  3.006958094559929e-01, -1.476347054388079e-01,  1.940769826650218e-01
  3.421107000000000e+00, -2.369400340709336e-01, -1.841315010311702e-01,  1.911672612715141e-01,  3.147155045778167e-01, -1.415844973878927e-01,  1.984020134089438e-01
  3.425274000000000e+00, -2.356879881820581e-01, -1.830137699707346e-01,  1.862482151507810e-01,  3.294422804396188e-01, -1.348517400465478e-01,  2.029834200339028e-01
  3.429441000000000e+00, -2.339146929465619e-01, -1.818642671813455e-01,  1.814281878745232e-01,  3.448689547628518e-01, -1.274073493186276e-01,  2.077549393806465e-01
  3.433608000000000e+00, -2.316168431651855e-01, -1.806798107874026e-01,  1.767737434158028e-01,  3.609846576021128e-01, -1.192229565842965e-01,  2.126479927920213e-01
  3.437775000000000e+00, -2.287944025457319e-01, -1.794523878383179e-01,  1.723494763457233e-01,  3.777744080387379e-01, -1.102710279760798e-01,  2.175946456681775e-01
  3.441942000000000e+00, -2.254510833077132e-01, -1.781690660715329e-01,  1.682141123473340e-01,  3.952187209316635e-01, -1.005249531449157e-01,  2.225306661110620e-01
  3.446109000000000e+00, -2.215946646816986e-01, -1.768123425501980e-01,  1.644168145966130e-01,  4.132932509570394e-01, -8.995911295265149e-02,  2.273984411585437e-01
  3.450276000000000e+00, -2.172371000508964e-01, -1.753609691010585e-01,  1.609940969158662e-01,  4.319684810868857e-01, -7.854895216350979e-02,  2.321495036431067e-01
  3.454443000000000e+00, -2.123943801931619e-01, -1.737912356338467e-01,  1.579677074165297e-01,  4.512094636258835e-01, -6.627110035899852e-02,  2.367464473796328e-01
  3.458610000000000e+00, -2.070861468176430e-01, -1.720786210368010e-01,  1.553437324344478e-01,  4.709756275630047e-01, -5.310359699177527e-02,  2.411640640281402e-01
  3.462777000000000e+00, -2.013350798008828e-01, -1.701996534548615e-01,  1.531130009253646e-01,  4.912206762335822e-01, -3.902628051946117e-02,  2.453896104813586e-01
  3.466944000000000e+00, -1.951661144768951e-01, -1.681337749150151e-01,  1.512526905546376e-01,  5.118926084866418e-01, -2.402139375743242e-02,  2.494222026551383e-01
  3.471111000000000e+00, -1.886055791226360e-01, -1.658649892371882e-01,  1.497288898986297e-01,  5.329338981177346e-01, -8.074434755016690e-03,  2.532714228220095e-01
  3.475278000000000e+00, -1.816803544729663e-01, -1.633830964193503e-01,  1.484997812320442e-01,  5.542818587578461e-01,  8.824742887859912e-03,  2.569553008152384e-01
  3.479445000000000e+00, -1.744171277558548e-01, -1.606843883755362e-01,  1.475190991692139e-01,  5.758692084358782e-01,  2.668057975701584e-02,  2.604978625403136e-01
  3.483612000000000e+00, -1.668417801397148e-01, -1.577717837825312e-01,  1.467395610333168e-01,  5.976248368620283e-01,  4.549020105896555e-02,  2.639264285472131e-01
  3.487779000000000e+00, -1.589789561347051e-01, -1.546544685738123e-01,  1.461159804167454e-01,  6.194747725413081e-01,  6.524156221608456e-02,  2.672688172120871e-01
  3.491946000000000e+00, -1.508518683337105e-01, -1.513471478824941e-01,  1.456078055317874e-01,  6.413433380064311e-01,  8.591142832690660e-02,  2.705506099057374e-01
  3.496113000000000e+00, -1.424823319942476e-01, -1.478690243105429e-01,  1.451809453993666e-01,  6.631544620201993e-01,  1.074633274704600e-01,  2.737926670091952e-01
  3.500280000000000e+00, -1.338909552853750e-01, -1.442426320474923e-01,  1.448088891081967e-01,  6.848330951943122e-01,  1.298456476258358e-01,  2.770090868944759e-01
  3.504447000000000e+00, -1.250973932453136e-01, -1.404926608650467e-01,  1.444732015918177e-01,  7.063066624332907e-01,  1.529900487737594e-01,  2.802057598375934e-01
  3.508614000000000e+00, -1.161251332054089e-01, -1.366420867134421e-01,  1.441635874504693e-01,  7.275056673011618e-01,  1.768102075268592e-01,  2.833787153715068e-01
  3.512781000000000e+00, -1.069831251922302e-01, -1.327225748752237e-01,  1.438772583252831e-01,  7.483683436865335e-01,  2.012018267754945e-01,  2.865177268569579e-01
  3.516948000000000e+00, -9.769424005653515e-02, -1.287562448564032e-01,  1.436185050122666e-01,  7.688367408745380e-01,  2.260420174027650e-01,  2.896013675789344e-01
  3.521115000000000e+00, -8.827582776610274e-02, -1.247669337316644e-01,  1.433978044538954e-01,  7.888611398204554e-01,  2.511907509531970e-01,  2.926020134363298e-01
  3.525282000000000e+00, -7.874450407565162e-02, -1.207766419229619e-01,  1.432308484766136e-01,  8.083998631920974e-01,  2.764924793710077e-01,  2.954865207673668e-01
  3.529449000000000e+00, -6.911588488288685e-02, -1.168051690987510e-01,  1.431375143391035e-01,  8.274196673417569e-01,  3.017786718074189e-01,  2.982181679837397e-01
  3.533616000000000e+00, -5.940428048017283e-02, -1.128698637410936e-01,  1.431407816559728e-01,  8.458958030609075e-01,  3.268710745998656e-01,  3.007587102013506e-01
  3.537783000000000e+00, -4.962239133825692e-02, -1.089854674656436e-01,  1.432656203544688e-01,  8.638117325451856e-01,  3.515855671257693e-01,  3.030703611106126e-01
  3.541950000000000e+00, -3.978104100397395e-02, -1.051640161244218e-01,  1.435378734188837e-01,  8.811585120794460e-01,  3.757364303855464e-01,  3.051175350481162e-01
  3.546117000000000e+00, -2.988897708750739e-02, -1.014147592878925e-01,  1.439831614264240e-01,  8.979338757875213e-01,  3.991408057024540e-01,  3.068682351164504e-01
  3.550284000000000e+00, -1.995276895991912e-02, -9.774408794106204e-02,  1.446258499651980e-01,  9.141410875029147e-01,  4.216230895502903e-01,  3.082950787512884e-01
  3.554451000000000e+00, -9.976821528844727e-03, -9.415548812752106e-02,  1.454881324092448e-01,  9.297876556638701e-01,  4.430189934089673e-01,  3.093760517733966e-01
  3.558618000000000e+00,  3.648878775405358e-05, -9.064954524334667e-02,  1.465892605641482e-01,  9.448840050690657e-01,  4.631790471001790e-01,  3.100950416647767e-01
  3.562785000000000e+00,  1.008655958260352e-02, -8.722401640402477e-02,  1.479449276358239e-01,  9.594421745413908e-01,  4.819714322820315e-01,  3.104420683443267e-01
  3.566952000000000e+00,  2.017420373090438e-02, -8.387397832583265e-02,  1.495668120431022e-01,  9.734745956610388e-01,  4.992841036376376e-01,  3.104131161503231e-01
  3.571119000000000e+00,  3.030121327517411e-02, -8.059204841350454e-02,  1.514622974059233e-01,  9.869930093913215e-01,  5.150261535759174e-01,  3.100095897302714e-01
  3.575286000000000e+00,  4.046988177036706e-02, -7.736866514687701e-02,  1.536343645797837e-01,  1.000007574077416e+00,  5.291283622965895e-01,  3.092375135939212e-01
  3.579453000000000e+00,  5.068252425832366e-02, -7.419240415702988e-02,  1.560816338265606e-01,  1.012526203926005e+00,  5.415429050226499e-01,  3.081066121147813e-01
  3.583620000000000e+00,  6.094102981794296e-02, -7.105030847324922e-02,  1.587985358518635e-01,  1.024554154325857e+00,  5.522422695310449e-01,  3.066293805153295e-01
  3.587787000000000e+00,  7.124647009817572e-02, -6.792822672930621e-02,  1.617755998203046e-01,  1.036093839723927e+00,  5.612175391039638e-01,  3.048202217722730e-01
  3.591954000000000e+00,  8.159877550891778e-02, -6.481116916367147e-02,  1.649998525472727e-01,  1.047144837650199e+00,  5.684762719153943e-01,  3.026947031717203e-01
  3.596121000000000e+00,  9.199648427233970e-02, -6.168369271610330e-02,  1.684553133105060e-01,  1.057704013949776e+00,  5.740402201572835e-01,  3.002689847199763e-01
  3.600288000000000e+00,  1.024365665749029e-01, -5.853030942628634e-02,  1.721235520154713e-01,  1.067765710963378e+00,  5.779430777309976e-01,  2.975594580931566e-01
  3.604455000000000e+00,  1.129143217830502e-01, -5.533589003357520e-02,  1.759842748975412e-01,  1.077321965232721e+00,  5.802283639153965e-01,  2.945825866717415e-01
  3.608622000000000e+00,  1.234233415039062e-01, -5.208602793073669e-02,  1.800159092720348e-01,  1.086362742773921e+00,  5.809474930520470e-01,  2.913548974629169e-01
  3.612789000000000e+00,  1.339555301652606e-01, -4.876734411244765e-02,  1.841961648360627e-01,  1.094876184634792e+00,  5.801580648600423e-01,  2.878930890477770e-01
  3.616956000000000e+00,  1.445011763817483e-01, -4.536773591469134e-02,  1.885025505434858e-01,  1.102848850082115e+00,  5.779224136276749e-01,  2.842142465536804e-01
  3.621123000000000e+00,  1.550490682563778e-01, -4.187658095829594e-02,  1.929128295834217e-01,  1.110265944585728e+00,  5.743064444601658e-01,  2.803361393030553e-01
  3.625290000000000e+00,  1.655866453827901e-01, -3.828489978097305e-02,  1.974054049641945e-01,  1.117111529317414e+00,  5.693787533237800e-01,  2.762775440257758e-01
  3.629457000000000e+00,  1.761001813244263e-01, -3.458547153201974e-02,  2.019596351522678e-01,  1.123368718345466e+00,  5.632099975773702e-01,  2.720585362978543e-01
  3.633624000000000e+00,  1.865749913671158e-01, -3.077289913591597e-02,  2.065560772585947e-01,  1.129019870263367e+00,  5.558724751846218e-01,  2.677007175414344e-01
  3.637791000000000e+00,  1.969956603114924e-01, -2.684362752513825e-02,  2.111766551066982e-01,  1.134046775807430e+00,  5.474398746892174e-01,  2.632273611130326e-01
  3.641958000000000e+00,  2.073462838280708e-01, -2.279592120767537e-02,  2.158047567713514e-01,  1.138430839925845e+00,  5.379871560455194e-01,  2.586634665440964e-01
  3.646125000000000e+00,  2.176107149670121e-01, -1.862980739216225e-02,  2.204252721530570e-01,  1.142153257342001e+00,  5.275905143514448e-01,  2.540357223648738e-01
  3.650292000000000e+00,  2.277728060407203e-01, -1.434699060194267e-02,  2.250245831619149e-01,  1.145195182121665e+00,  5.163273739039846e-01,  2.493723899502485e-01
  3.654459000000000e+00,  2.378166361218427e-01, -9.950741893836712e-03,  2.295905228465881e-01,  1.147537893716541e+00,  5.042763601933747e-01,  2.447031171863652e-01
  3.658626000000000e+00,  2.477267152985664e-01, -5.445763849333041e-03,  2.341123224734680e-01,  1.149162963829920e+00,  4.915172000666236e-01,  2.400586822542485e-01
  3.662793000000000e+00,  2.574881587233037e-01, -8.380365221201114e-04,  2.385805599073142e-01,  1.150052427245861e+00,  4.781305090132759e-01,  2.354706766145676e-01
