Main.Studies.MarkerTracking.t,Main.Studies.MarkerTracking.JointAngleOutputs.OutputFile_RightArm.SternoClavicularProtraction,Main.Studies.MarkerTracking.JointAngleOutputs.OutputFile_RightArm.SternoClavicularElevation,Main.Studies.MarkerTracking.JointAngleOutputs.OutputFile_RightArm.SternoClavicularAxialRotation,Main.Studies.MarkerTracking.JointAngleOutputs.OutputFile_RightArm.AcromioClavicularProtraction,Main.Studies.MarkerTracking.JointAngleOutputs.OutputFile_RightArm.AcromioClavicularMedialRotation,Main.Studies.MarkerTracking.JointAngleOutputs.OutputFile_RightArm.AcromioClavicularPosteriorTilt,Main.Studies.MarkerTracking.JointAngleOutputs.OutputFile_RightArm.GlenohumeralFlexion,Main.Studies.MarkerTracking.JointAngleOutputs.OutputFile_RightArm.GlenohumeralExternalRotation,Main.Studies.MarkerTracking.JointAngleOutputs.OutputFile_RightArm.GlenohumeralAbduction,Main.Studies.MarkerTracking.JointAngleOutputs.OutputFile_RightArm.ElbowFlexion,Main.Studies.MarkerTracking.JointAngleOutputs.OutputFile_RightArm.ElbowPronation,Main.Studies.MarkerTracking.JointAngleOutputs.OutputFile_RightArm.WristFlexion,Main.Studies.MarkerTracking.JointAngleOutputs.OutputFile_RightArm.WristAbduction
  2.791890000000000e+00, -7.033235612873734e-01,  1.247555109597460e-01,  1.254841265745222e-02,  6.585768431241085e-01, -2.262206597061502e-01,  1.254841265744337e-02,  2.593372305163271e-01, -1.519520824274853e-01,  2.809521150286134e-01,  4.786599329984152e-01,  6.811086369479437e-01,  5.167338352253954e-01,  1.487661097580026e-01
  2.796057000000000e+00, -7.033710445576732e-01,  1.252777112736758e-01,  1.278089778287707e-02,  6.585423331141855e-01, -2.262841973034067e-01,  1.278089778287707e-02,  2.613991331527701e-01, -1.500443464797164e-01,  2.822295185755897e-01,  4.794639309387814e-01,  6.805607637895037e-01,  5.181163731382448e-01,  1.489876954251302e-01
  2.800224000000000e+00, -7.034282586486091e-01,  1.257622241467338e-01,  1.299738260872710e-02,  6.585093454819813e-01, -2.263436853154319e-01,  1.299738260870148e-02,  2.632392572207687e-01, -1.480047196205615e-01,  2.833686894630081e-01,  4.801793710262348e-01,  6.799624874334294e-01,  5.196168300148774e-01,  1.492158460088791e-01
  2.804391000000000e+00, -7.034948593492782e-01,  1.262002602518724e-01,  1.319390829048440e-02,  6.584783997044092e-01, -2.263980694553529e-01,  1.319390829047599e-02,  2.648559342230941e-01, -1.458432300769772e-01,  2.843692831607780e-01,  4.808137229300096e-01,  6.793146432016423e-01,  5.212303065346489e-01,  1.494494965666859e-01
  2.808558000000000e+00, -7.035703168737072e-01,  1.265843609601365e-01,  1.336708740069610e-02,  6.584499489881425e-01, -2.264464447033714e-01,  1.336708740073763e-02,  2.662470003770108e-01, -1.435702576336961e-01,  2.852316342210248e-01,  4.813741231306137e-01,  6.786184858548040e-01,  5.229513964957735e-01,  1.496875127017205e-01
  2.812725000000000e+00, -7.036552370459761e-01,  1.269086829841868e-01,  1.351428975465355e-02,  6.584242595377665e-01, -2.264881419244094e-01,  1.351428975463712e-02,  2.674107344096344e-01, -1.411964742468000e-01,  2.859571299737729e-01,  4.818670920499676e-01,  6.778758226216332e-01,  5.247742658554313e-01,  1.499286938750782e-01
  2.816892000000000e+00, -7.037495971171113e-01,  1.271689171602972e-01,  1.363354227549799e-02,  6.584015603375981e-01, -2.265226482118905e-01,  1.363354227553057e-02,  2.683446275754142e-01, -1.387329452690869e-01,  2.865475365008997e-01,  4.822986908230761e-01,  6.770888864701740e-01,  5.266925865643994e-01,  1.501718020456548e-01
  2.821059000000000e+00, -7.038537952073890e-01,  1.273624369342905e-01,  1.372364216402358e-02,  6.583819517411001e-01, -2.265496665296676e-01,  1.372364216400740e-02,  2.690462097370003e-01, -1.361910819842175e-01,  2.870052601356560e-01,  4.826742753996088e-01,  6.762604365384659e-01,  5.286996015616312e-01,  1.504155679078742e-01
  2.825226000000000e+00, -7.039683286507975e-01,  1.274882554677215e-01,  1.378412900438076e-02,  6.583654354776169e-01, -2.265690980029367e-01,  1.378412900438076e-02,  2.695129279467308e-01, -1.335826587359171e-01,  2.873331412960543e-01,  4.829984452185774e-01,  6.753937419020026e-01,  5.307881230874640e-01,  1.506587073293538e-01
  2.829393000000000e+00, -7.040937356812123e-01,  1.275469599709516e-01,  1.381525563176188e-02,  6.583519240508907e-01, -2.265810319443911e-01,  1.381525563172974e-02,  2.697422449470370e-01, -1.309198053785327e-01,  2.875343325759709e-01,  4.832749543631221e-01,  6.744925841084874e-01,  5.329505409600328e-01,  1.508999352159097e-01
  2.833560000000000e+00, -7.042308364773343e-01,  1.275406330315074e-01,  1.381796363394335e-02,  6.583412261019792e-01, -2.265857461908889e-01,  1.381796363394335e-02,  2.697319704473631e-01, -1.282149725451687e-01,  2.876122780115063e-01,  4.835065821130185e-01,  6.735612808689608e-01,  5.351788403411071e-01,  1.511379765054107e-01
  2.837727000000000e+00, -7.043795253758645e-01,  1.274725917404673e-01,  1.379371808556805e-02,  6.583331586147904e-01, -2.265836281236306e-01,  1.379371808555195e-02,  2.694795980077442e-01, -1.254809427416212e-01,  2.875702081520486e-01,  4.836952179099698e-01,  6.726045914504716e-01,  5.374645529924864e-01,  1.513715813242313e-01
  2.841894000000000e+00, -7.045404036456888e-01,  1.273473904232210e-01,  1.374457256074115e-02,  6.583274142254636e-01, -2.265752399434939e-01,  1.374457256074115e-02,  2.689836314818144e-01, -1.227306985245779e-01,  2.874116038518019e-01,  4.838415471755181e-01,  6.716278472956170e-01,  5.397988255238886e-01,  1.515995210895858e-01
  2.846061000000000e+00, -7.047136575035968e-01,  1.271705296559955e-01,  1.367299190641279e-02,  6.583236674490272e-01, -2.265612394505696e-01,  1.367299190642903e-02,  2.682429862231939e-01, -1.199773912484804e-01,  2.871397445165640e-01,  4.839451483018403e-01,  6.706368604141476e-01,  5.421723644216527e-01,  1.518205961065551e-01
  2.850228000000000e+00, -7.048992979961965e-01,  1.269483016894604e-01,  1.358178999897412e-02,  6.583215629471629e-01, -2.265423711821124e-01,  1.358178999899047e-02,  2.672573289230284e-01, -1.172342282463786e-01,  2.867577343473000e-01,  4.840044128534364e-01,  6.696379395483520e-01,  5.445754354433383e-01,  1.520336330842925e-01
  2.854395000000000e+00, -7.050971546605528e-01,  1.266876182158814e-01,  1.347404965714144e-02,  6.583207246423740e-01, -2.265194456517206e-01,  1.347404965714144e-02,  2.660272228112801e-01, -1.145143496479888e-01,  2.862684672963500e-01,  4.840165264600704e-01,  6.686378854847733e-01,  5.469978484947831e-01,  1.522374799977602e-01
  2.858562000000000e+00, -7.053068882698620e-01,  1.263958539687522e-01,  1.335305056720346e-02,  6.583207624537133e-01, -2.264933212316853e-01,  1.335305056722009e-02,  2.645542553853688e-01, -1.118306850948499e-01,  2.856746220933620e-01,  4.839774768966897e-01,  6.676439858754297e-01,  5.494289416973865e-01,  1.524309965808097e-01
  2.862729000000000e+00, -7.055277503067822e-01,  1.260806824812746e-01,  1.322218407688170e-02,  6.583213000699357e-01, -2.264648750694871e-01,  1.322218407687331e-02,  2.628409553275466e-01, -1.091958037243673e-01,  2.849785946548917e-01,  4.838821297028228e-01,  6.666639859546296e-01,  5.518575582522454e-01,  1.526130431568820e-01
  2.866896000000000e+00, -7.057596981890629e-01,  1.257500663974571e-01,  1.308499125830284e-02,  6.583218847246314e-01, -2.264350461639240e-01,  1.308499125828587e-02,  2.608916009214299e-01, -1.066217057697238e-01,  2.841829185218534e-01,  4.837241484916274e-01,  6.657061599118678e-01,  5.542720865652586e-01,  1.527824626736796e-01
  2.871063000000000e+00, -7.060018973630205e-01,  1.254120019163751e-01,  1.294498822523513e-02,  6.583221221180625e-01, -2.264047455796299e-01,  1.294498822520083e-02,  2.587111870670500e-01, -1.041197007746556e-01,  2.832898132507772e-01,  4.834963106356408e-01,  6.647791675010385e-01,  5.566604083157154e-01,  1.529380709564455e-01
  2.875230000000000e+00, -7.062538138629226e-01,  1.250745338490200e-01,  1.280571570926174e-02,  6.583215871540112e-01, -2.263749016148511e-01,  1.280571570927908e-02,  2.563061354670366e-01, -1.017001972155100e-01,  2.823016368405341e-01,  4.831904930505878e-01,  6.638921033775609e-01,  5.590099700035731e-01,  1.530786350148670e-01
  2.879397000000000e+00, -7.065150416562225e-01,  1.247456479153659e-01,  1.267068434186247e-02,  6.583198440822599e-01, -2.263464402065136e-01,  1.267068434188000e-02,  2.536840993980665e-01, -9.937255096792037e-02,  2.812209186196343e-01,  4.827978624311954e-01,  6.630544293979620e-01,  5.613078274297112e-01,  1.532028564228158e-01
  2.883564000000000e+00, -7.067853711668037e-01,  1.244331865389710e-01,  1.254334074186817e-02,  6.583164461516489e-01, -2.263202777258406e-01,  1.254334074189472e-02,  2.508539088337283e-01, -9.714493032965303e-02,  2.800504808375582e-01,  4.823090552985265e-01,  6.622759055863371e-01,  5.635407287134644e-01,  1.533093548429692e-01
  2.887731000000000e+00, -7.070648381318917e-01,  1.241447587027205e-01,  1.242703091010179e-02,  6.583109374960666e-01, -2.262973123176681e-01,  1.242703091011072e-02,  2.478254873997321e-01, -9.502421503780561e-02,  2.787935510840158e-01,  4.817143767213969e-01,  6.615665005012116e-01,  5.656952276417866e-01,  1.533966525890805e-01
  2.891898000000000e+00, -7.073537409188181e-01,  1.238876403745355e-01,  1.232495887632072e-02,  6.583028583904585e-01, -2.262784129009197e-01,  1.232495887629370e-02,  2.446097482262102e-01, -9.301593488301346e-02,  2.774538501989879e-01,  4.810040094470395e-01,  6.609362840276818e-01,  5.677578269539891e-01,  1.534631614554947e-01
  2.896065000000000e+00, -7.076526186817399e-01,  1.236686653524146e-01,  1.224014015443786e-02,  6.582917544571740e-01, -2.262644055096181e-01,  1.224014015444693e-02,  2.412184786702680e-01, -9.112425128301188e-02,  2.760356414345071e-01,  4.801682232089050e-01,  6.603953064523070e-01,  5.697151485032870e-01,  1.535071747288529e-01
  2.900232000000000e+00, -7.079621897507347e-01,  1.234941117124895e-01,  1.217535214252956e-02,  6.582771895033763e-01, -2.262560575620098e-01,  1.217535214252956e-02,  2.376642219962488e-01, -8.935198272582155e-02,  2.745437317175446e-01,  4.791975730544896e-01,  6.599534687344309e-01,  5.715541239835313e-01,  1.535268662288651e-01
  2.904399000000000e+00, -7.082835247340129e-01,  1.233696199540510e-01,  1.213310800333088e-02,  6.582587377243118e-01, -2.262540751639186e-01,  1.213310800333088e-02,  2.339603393886505e-01, -8.770066359338713e-02,  2.729835172047287e-01,  4.780830419352223e-01,  6.596204101347010e-01,  5.732622081250609e-01,  1.535202953843762e-01
  2.908566000000000e+00, -7.086168739457701e-01,  1.232999878959260e-01,  1.211552325010606e-02,  6.582360912781098e-01, -2.262590326844081e-01,  1.211552325006941e-02,  2.301201834013995e-01, -8.617068580387360e-02,  2.713605121816829e-01,  4.768163283470896e-01,  6.594052916313681e-01,  5.748275404033576e-01,  1.534854243808394e-01
  2.912733000000000e+00, -7.089631029025132e-01,  1.232892548608686e-01,  1.212441234424832e-02,  6.582089411184150e-01, -2.262714395897054e-01,  1.212441234425748e-02,  2.261580268199359e-01, -8.476138661369777e-02,  2.696807665404601e-01,  4.753897618837973e-01,  6.593167859971050e-01,  5.762392027609944e-01,  1.534201351297747e-01
  2.916900000000000e+00, -7.093225572224370e-01,  1.233405480085952e-01,  1.216117868672357e-02,  6.581770781997967e-01, -2.262916775632591e-01,  1.216117868673270e-02,  2.220882538802389e-01, -8.347124885171336e-02,  2.679503488954641e-01,  4.737965239047012e-01,  6.593628679042793e-01,  5.774873536017382e-01,  1.533222651182401e-01
  2.921067000000000e+00, -7.096952266364359e-01,  1.234560895358634e-01,  1.222682600567169e-02,  6.581403804983279e-01, -2.263200079731933e-01,  1.222682600567169e-02,  2.179254046579930e-01, -8.229807872445347e-02,  2.661752793239404e-01,  4.720306721816889e-01,  6.595507089904400e-01,  5.785633804826777e-01,  1.531896473407460e-01
  2.925234000000000e+00, -7.100806917309218e-01,  1.236372076729906e-01,  1.232196201131919e-02,  6.580988169304939e-01, -2.263565711749851e-01,  1.232196201130117e-02,  2.136840455888684e-01, -8.123920387755842e-02,  2.643613919626494e-01,  4.700871751877525e-01,  6.598865612179837e-01,  5.794599996028058e-01,  1.530201585987824e-01
  2.929401000000000e+00, -7.104781076058788e-01,  1.238843713173532e-01,  1.244681302942373e-02,  6.580524465645736e-01, -2.264013900363226e-01,  1.244681302944157e-02,  2.093786357318239e-01, -8.029167413068392e-02,  2.625142304146718e-01,  4.679619313734792e-01,  6.603756528120993e-01,  5.801713045899950e-01,  1.528117749236166e-01
  2.933568000000000e+00, -7.108862185676629e-01,  1.241972378848064e-01,  1.260124481000395e-02,  6.580014142321936e-01, -2.264543762160838e-01,  1.260124481002157e-02,  2.050233899450653e-01, -7.945245531587151e-02,  2.606389807807185e-01,  4.656517813341506e-01,  6.610221036560137e-01,  5.806927604988794e-01,  1.525626321072901e-01
  2.937735000000000e+00, -7.113033918144336e-01,  1.245747021025390e-01,  1.278478368777373e-02,  6.579459442649332e-01, -2.265153372704116e-01,  1.278478368776504e-02,  2.006321423388822e-01, -7.871860780061481e-02,  2.587404386958462e-01,  4.631545188523052e-01,  6.618288687512581e-01,  5.810211431522916e-01,  1.522710869639992e-01
  2.941902000000000e+00, -7.117276551763994e-01,  1.250149311909905e-01,  1.299663115015030e-02,  6.578863344423873e-01, -2.265839822770537e-01,  1.299663115015030e-02,  1.962182160344801e-01, -7.808744398800112e-02,  2.568229980268015e-01,  4.604689053968021e-01,  6.627977170027876e-01,  5.811544293376469e-01,  1.519357749711797e-01
  2.946069000000000e+00, -7.121567266950706e-01,  1.255153731330685e-01,  1.323566547976153e-02,  6.578229519251223e-01, -2.266599239251832e-01,  1.323566547975315e-02,  1.917943051665556e-01, -7.755666112345636e-02,  2.548906447490671e-01,  4.575946915782959e-01,  6.639292489263497e-01,  5.810916474502279e-01,  1.515556613574550e-01
  2.950236000000000e+00, -7.125880363905197e-01,  1.260727415934488e-01,  1.350043205048670e-02,  6.577562309332132e-01, -2.267426775019494e-01,  1.350043205047025e-02,  1.873723709713973e-01, -7.712444313848828e-02,  2.529469527554135e-01,  4.545326461394045e-01,  6.652229541466897e-01,  5.808326995100863e-01,  1.511300833045656e-01
  2.954403000000000e+00, -7.130187542038597e-01,  1.266830018419900e-01,  1.378913364992747e-02,  6.576866696430604e-01, -2.268316601970297e-01,  1.378913364990331e-02,  1.829635499342954e-01, -7.678952124118885e-02,  2.509950973708633e-01,  4.512845894920282e-01,  6.666773077653290e-01,  5.803781661431708e-01,  1.506587815004516e-01
  2.958570000000000e+00, -7.134458381490232e-01,  1.273413810800463e-01,  1.409963192253697e-02,  6.576148238828785e-01, -2.269261940386693e-01,  1.409963192254484e-02,  1.785780720017525e-01, -7.655118501512588e-02,  2.490379002266991e-01,  4.478534279975124e-01,  6.682899016572166e-01,  5.797291075489248e-01,  1.501419208288004e-01
  2.962737000000000e+00, -7.138658354099091e-01,  1.280423808774689e-01,  1.442943947834710e-02,  6.575413202185021e-01, -2.270254993669329e-01,  1.442943947833941e-02,  1.742250150830118e-01, -7.640925610413156e-02,  2.470778028700969e-01,  4.442432215080822e-01,  6.700575813338893e-01,  5.788868619528391e-01,  1.495801022851668e-01
  2.966904000000000e+00, -7.142760615167770e-01,  1.287799855267018e-01,  1.477585502178858e-02,  6.574667484752340e-01, -2.271287653802012e-01,  1.477585502181864e-02,  1.699129264534744e-01, -7.636394249065123e-02,  2.451173628260632e-01,  4.404590701250863e-01,  6.719767144577631e-01,  5.778529298554034e-01,  1.489743571677391e-01
  2.971071000000000e+00, -7.146731131845225e-01,  1.295475994160298e-01,  1.513587083087508e-02,  6.573917817366804e-01, -2.272350842408790e-01,  1.513587083091176e-02,  1.656487438746228e-01, -7.641578319801752e-02,  2.431587706594848e-01,  4.365073394255634e-01,  6.740432516150199e-01,  5.766287704628823e-01,  1.483261434080957e-01
  2.975238000000000e+00, -7.150540578129095e-01,  1.303383258631055e-01,  1.550634118816977e-02,  6.573170645678920e-01, -2.273435303541249e-01,  1.550634118814829e-02,  1.614384251316170e-01, -7.656541711463818e-02,  2.412043526697302e-01,  4.323955269753234e-01,  6.762530110622380e-01,  5.752157643891191e-01,  1.476373152981748e-01
  2.979405000000000e+00, -7.154162943995608e-01,  1.311451092466756e-01,  1.588403783749475e-02,  6.572432151456765e-01, -2.274531714841330e-01,  1.588403783745282e-02,  1.572867535472355e-01, -7.681338668834581e-02,  2.392565669475921e-01,  4.281322836221337e-01,  6.786018512636056e-01,  5.736151668734690e-01,  1.469100873918831e-01
  2.983572000000000e+00, -7.157576589399174e-01,  1.319609093408165e-01,  1.626573114725433e-02,  6.571708066792110e-01, -2.275630932982495e-01,  1.626573114724750e-02,  1.531973326615161e-01, -7.715991030846654e-02,  2.373180650541501e-01,  4.237273827704027e-01,  6.810858505390248e-01,  5.718281263962073e-01,  1.461469845631411e-01
  2.987739000000000e+00, -7.160765039539999e-01,  1.327788697768288e-01,  1.664826916934635e-02,  6.571003517846370e-01, -2.276724222663409e-01,  1.664826916935302e-02,  1.491725993543991e-01, -7.760465138583543e-02,  2.353917174962405e-01,  4.191916713670558e-01,  6.837014608946407e-01,  5.698557549867305e-01,  1.453507802436851e-01
  2.991906000000000e+00, -7.163717467252760e-01,  1.335924732081137e-01,  1.702865094112055e-02,  6.570322906132956e-01, -2.277803458370824e-01,  1.702865094110098e-02,  1.452138485444254e-01, -7.814649880351994e-02,  2.334806007788085e-01,  4.145370047140321e-01,  6.864456249900792e-01,  5.676992443792805e-01,  1.445244253745219e-01
  2.996073000000000e+00, -7.166428815068023e-01,  1.343956737844263e-01,  1.740408937749185e-02,  6.569669835418841e-01, -2.278861285972136e-01,  1.740408937749823e-02,  1.413212641493728e-01, -7.878337245782137e-02,  2.315879440088720e-01,  4.097761683897580e-01,  6.893158470187972e-01,  5.653600191003489e-01,  1.436709723053384e-01
  3.000240000000000e+00, -7.168899534957970e-01,  1.351830007054007e-01,  1.777206051710725e-02,  6.569047088173724e-01, -2.279891235866807e-01,  1.777206051707601e-02,  1.374939548759913e-01, -7.951206613572688e-02,  2.297170377068484e-01,  4.049227897268360e-01,  6.923102107887752e-01,  5.628399152023702e-01,  1.427934979494695e-01
  3.004407000000000e+00, -7.171134966701722e-01,  1.359496323390623e-01,  1.813033859322381e-02,  6.568456648805890e-01, -2.280887787797696e-01,  1.813033859321156e-02,  1.337299961112186e-01, -8.032813735010016e-02,  2.278711139948919e-01,  3.999912403957935e-01,  6.954273409864110e-01,  5.601413722953459e-01,  1.418950300015136e-01
  3.008574000000000e+00, -7.173144417463567e-01,  1.366914436578608e-01,  1.847701806638061e-02,  6.567899765927109e-01, -2.281846392878297e-01,  1.847701806638061e-02,  1.300264791816805e-01, -8.122585004831100e-02,  2.260532110455889e-01,  3.949965320904644e-01,  6.986663067232216e-01,  5.572676272643617e-01,  1.409784804370114e-01
  3.012741000000000e+00, -7.174940037585643e-01,  1.374050314000428e-01,  1.881052469425079e-02,  6.567377042659812e-01, -2.282763461599568e-01,  1.881052469423898e-02,  1.263795680730242e-01, -8.219817309712223e-02,  2.242660362068231e-01,  3.899542076596357e-01,  7.020264695163917e-01,  5.542228995242140e-01,  1.400465909463803e-01
  3.016908000000000e+00, -7.176538417363822e-01,  1.380877621189063e-01,  1.912964843246415e-02,  6.566888300655827e-01, -2.283636485117928e-01,  1.912964843244093e-02,  1.227847336331007e-01, -8.323681376787825e-02,  2.225119480692818e-01,  3.848801876333374e-01,  7.055073068536679e-01,  5.510125758508946e-01,  1.391018914179263e-01
  3.021075000000000e+00, -7.177947956130771e-01,  1.387376011973254e-01,  1.943341549917082e-02,  6.566433675421663e-01, -2.284463342684266e-01,  1.943341549915940e-02,  1.192361356053184e-01, -8.433242558795512e-02,  2.207924176049203e-01,  3.797908218323670e-01,  7.091080533168660e-01,  5.476432863531491e-01,  1.381466885392324e-01
  3.025242000000000e+00, -7.179184980935274e-01,  1.393533339314443e-01,  1.972126093591052e-02,  6.566012245480464e-01, -2.285243193600250e-01,  1.972126093589927e-02,  1.157277489415474e-01, -8.547464322683419e-02,  2.191086020517475e-01,  3.747025185232319e-01,  7.128275789466165e-01,  5.441231197993970e-01,  1.371830476052553e-01
  3.029409000000000e+00, -7.180261032729012e-01,  1.399343575241252e-01,  1.999288242591758e-02,  6.565623150523446e-01, -2.285975737134596e-01,  1.999288242590648e-02,  1.122527498445955e-01, -8.665239942098953e-02,  2.174608434803685e-01,  3.696317916704870e-01,  7.166639693070660e-01,  5.404616339732824e-01,  1.362128178276263e-01
  3.033576000000000e+00, -7.181184836432195e-01,  1.404806629913160e-01,  2.024824231645514e-02,  6.565265453549944e-01, -2.286661269225136e-01,  2.024824231642772e-02,  1.088037915017053e-01, -8.785416557611073e-02,  2.158487457268342e-01,  3.645950929334667e-01,  7.206142407118825e-01,  5.366699124329339e-01,  1.352376614224641e-01
  3.037743000000000e+00, -7.181961505822850e-01,  1.409927654068919e-01,  2.048753370893444e-02,  6.564938245363064e-01, -2.287300569849606e-01,  2.048753370890193e-02,  1.053731077525379e-01, -8.906824132067130e-02,  2.142711689249445e-01,  3.596086821318224e-01,  7.246740453825319e-01,  5.327605623909979e-01,  1.342590980941123e-01
  3.041910000000000e+00, -7.182591956087633e-01,  1.414716290665146e-01,  2.071114452016748e-02,  6.564640733429967e-01, -2.287894792093679e-01,  2.071114452014604e-02,  1.019526211935260e-01, -9.028305407186520e-02,  2.127262541670805e-01,  3.546884939458492e-01,  7.288374141883706e-01,  5.287476688529598e-01,  1.332785588272274e-01
  3.046077000000000e+00, -7.183072550515029e-01,  1.419185901892142e-01,  2.091962091032922e-02,  6.564372311943608e-01, -2.288445357065130e-01,  2.091962091032922e-02,  9.853405672946236e-02, -9.148745115424681e-02,  2.112114762089360e-01,  3.498500023900142e-01,  7.330965549869927e-01,  5.246467036923486e-01,  1.322974456125424e-01
  3.050244000000000e+00, -7.183392186485761e-01,  1.423352315663997e-01,  2.111359699110469e-02,  6.564132855313214e-01, -2.288953691692430e-01,  2.111359699106262e-02,  9.510889166910785e-02, -9.267099388622230e-02,  2.097236110858874e-01,  3.451081307163384e-01,  7.374416910068567e-01,  5.204743684911315e-01,  1.313171966895126e-01
  3.054411000000000e+00, -7.183544119986428e-01,  1.427234994749973e-01,  2.129389994259513e-02,  6.563921733703043e-01, -2.289421827914713e-01,  2.129389994255863e-02,  9.166918431062143e-02, -9.382407385861005e-02,  2.082592852855279e-01,  3.404769300636974e-01,  7.418611423851696e-01,  5.162484971921804e-01,  1.303393303090722e-01
  3.058578000000000e+00, -7.183508319394351e-01,  1.430853293821213e-01,  2.146130041787518e-02,  6.563739384594155e-01, -2.289851270599472e-01,  2.146130041789070e-02,  8.820661382757966e-02, -9.493826148996649e-02,  2.068143864294487e-01,  3.359697411061090e-01,  7.463411692813736e-01,  5.119877044884378e-01,  1.293655191566832e-01
  3.062745000000000e+00, -7.183264632308258e-01,  1.434227825013279e-01,  2.161663202775249e-02,  6.563586211649401e-01, -2.290243671836496e-01,  2.161663202774221e-02,  8.471336363944748e-02, -9.600630963806062e-02,  2.053846692588372e-01,  3.315988732185778e-01,  7.508662384097007e-01,  5.077112200023404e-01,  1.283976161457051e-01
  3.066912000000000e+00, -7.182793549843015e-01,  1.437379861926436e-01,  2.176076673914748e-02,  6.563462554745220e-01, -2.290600789277975e-01,  2.176076673909136e-02,  8.118224554738518e-02, -9.702221913591820e-02,  2.039658813682594e-01,  3.273754958895285e-01,  7.554192361539677e-01,  5.034386113861591e-01,  1.274376828373018e-01
  3.071079000000000e+00, -7.182064439714034e-01,  1.440328521757559e-01,  2.189443236495850e-02,  6.563369751307200e-01, -2.290923691975384e-01,  2.189443236493314e-02,  7.760603523901466e-02, -9.798138459381968e-02,  2.025533904277007e-01,  3.233097613386719e-01,  7.599815917977228e-01,  4.991893867414579e-01,  1.264880256686749e-01
  3.075246000000000e+00, -7.181057004496822e-01,  1.443093989051762e-01,  2.201845491570771e-02,  6.563308294489102e-01, -2.291213978599407e-01,  2.201845491569763e-02,  7.397882316644022e-02, -9.888035966612592e-02,  2.011431143545587e-01,  3.194103911779746e-01,  7.645338545935174e-01,  4.949828575799371e-01,  1.255511664404353e-01
  3.079413000000000e+00, -7.179748378304374e-01,  1.445694730949667e-01,  2.213357280232600e-02,  6.563278981927487e-01, -2.291472942995207e-01,  2.213357280232600e-02,  7.029524901286921e-02, -9.971692774138927e-02,  1.997310935876157e-01,  3.156848576838670e-01,  7.690558967892217e-01,  4.908377330481954e-01,  1.246298519706166e-01
  3.083580000000000e+00, -7.178115328040464e-01,  1.448147458981695e-01,  2.224044402171832e-02,  6.563282744366522e-01, -2.291701654462088e-01,  2.224044402168337e-02,  6.655063808852790e-02, -1.004899898352403e-01,  1.983136431645305e-01,  3.121393348781853e-01,  7.735273168070096e-01,  4.867718456973784e-01,  1.237270281414137e-01
  3.087747000000000e+00, -7.176147256384900e-01,  1.450469317840777e-01,  2.233980444047396e-02,  6.563319518188413e-01, -2.291901724538747e-01,  2.233980444046899e-02,  6.274181464722939e-02, -1.011993051481253e-01,  1.968879295053038e-01,  3.087784822997636e-01,  7.779280042669252e-01,  4.828020041540375e-01,  1.228457784695570e-01
  3.091914000000000e+00, -7.173828325850258e-01,  1.452674260912665e-01,  2.243222072628099e-02,  6.563389824033530e-01, -2.292074178471077e-01,  2.243222072627604e-02,  5.886595870832800e-02, -1.018455527911197e-01,  1.954512915266067e-01,  3.056057748545659e-01,  7.822382833899811e-01,  4.789435973690073e-01,  1.219893094865419e-01
  3.096081000000000e+00, -7.171154704678204e-01,  1.454776206246284e-01,  2.251831233339724e-02,  6.563493258622368e-01, -2.292220503062319e-01,  2.251831233330848e-02,  5.492167596757414e-02, -1.024299980468908e-01,  1.940019582860348e-01,  3.026232475611169e-01,  7.864395153766183e-01,  4.752105553070436e-01,  1.211608579820137e-01
  3.100248000000000e+00, -7.168119007180864e-01,  1.456785941731578e-01,  2.259853898941140e-02,  6.563629865405096e-01, -2.292341671241338e-01,  2.259853898936227e-02,  5.090794703375279e-02, -1.029545121550997e-01,  1.925384204440246e-01,  2.998318088063978e-01,  7.905142077731848e-01,  4.716150417022340e-01,  1.203636595872472e-01
  3.104415000000000e+00, -7.164730920360025e-01,  1.458715128748720e-01,  2.267347747881117e-02,  6.563798318622437e-01, -2.292439424228125e-01,  2.267347747881607e-02,  4.682546009440469e-02, -1.034211918598863e-01,  1.910602696202418e-01,  2.972309505115401e-01,  7.944466248781807e-01,  4.681675510994938e-01,  1.196008268940497e-01
  3.108582000000000e+00, -7.160999497621550e-01,  1.460572846846473e-01,  2.274358286947809e-02,  6.563997479394510e-01, -2.292515169611158e-01,  2.274358286940974e-02,  4.267540240608536e-02, -1.038324180007264e-01,  1.895674485336564e-01,  2.948191085474222e-01,  7.982227737750049e-01,  4.648766687375780e-01,  1.188753155611979e-01
  3.112749000000000e+00, -7.156950744907656e-01,  1.462369302068423e-01,  2.280943856835486e-02,  6.564224830726166e-01, -2.292571111381059e-01,  2.280943856833052e-02,  3.846062240382153e-02, -1.041904709801166e-01,  1.880609662205907e-01,  2.925934343750877e-01,  8.018308989575402e-01,  4.617492524835543e-01,  1.181898050149597e-01
  3.116916000000000e+00, -7.152604977489474e-01,  1.464111169810993e-01,  2.287143953048647e-02,  6.564478480751987e-01, -2.292608811037360e-01,  2.287143953049132e-02,  3.418405862456786e-02, -1.044977242769321e-01,  1.865418915078927e-01,  2.905502328398890e-01,  8.052612580522981e-01,  4.587902028920832e-01,  1.175466846383340e-01
  3.121083000000000e+00, -7.147992456403260e-01,  1.465804956331447e-01,  2.293001766381605e-02,  6.564755767324685e-01, -2.292630200530508e-01,  2.293001766383058e-02,  2.984977871571814e-02, -1.047562987157549e-01,  1.850119694958247e-01,  2.886847600980991e-01,  8.085064829259516e-01,  4.560027063295413e-01,  1.169479500755749e-01
  3.125250000000000e+00, -7.143150038738491e-01,  1.467456215401148e-01,  2.298559058514805e-02,  6.565053556139510e-01, -2.292637359590417e-01,  2.298559058502729e-02,  2.546279463432466e-02, -1.049680084636358e-01,  1.834734346595696e-01,  2.869913464085064e-01,  8.115615877085226e-01,  4.533883117700861e-01,  1.163951528285938e-01
  3.129417000000000e+00, -7.138111950862079e-01,  1.469068415767028e-01,  2.303846796585366e-02,  6.565369018791106e-01, -2.292632020154117e-01,  2.303846796579583e-02,  2.102818654447125e-02, -1.051343546077819e-01,  1.819285296418729e-01,  2.854635528732872e-01,  8.144237638059300e-01,  4.509469045511518e-01,  1.158893925988079e-01
  3.133584000000000e+00, -7.132922543381320e-01,  1.470644604888367e-01,  2.308898546474965e-02,  6.565698545975915e-01, -2.292616265902443e-01,  2.308898546471599e-02,  1.655231639391253e-02, -1.052563397626429e-01,  1.803800436647779e-01,  2.840940843284285e-01,  8.170926178769908e-01,  4.486770797663207e-01,  1.154312348592629e-01
  3.137751000000000e+00, -7.127624948305528e-01,  1.472185872400580e-01,  2.313738288452220e-02,  6.566038712457291e-01, -2.292591905232446e-01,  2.313738288450780e-02,  1.204179202978350e-02, -1.053345268322423e-01,  1.788307462948222e-01,  2.828749777253862e-01,  8.195698289743746e-01,  4.465761297990096e-01,  1.150207402570073e-01
  3.141918000000000e+00, -7.122260655783246e-01,  1.473690949584676e-01,  2.318378349739712e-02,  6.566386329467760e-01, -2.292560406904747e-01,  2.318378349742586e-02,  7.503431828261187e-03, -1.053691340749951e-01,  1.772832728786682e-01,  2.817976297356240e-01,  8.218589517314964e-01,  4.446402295929612e-01,  1.146574969206008e-01
  3.146085000000000e+00, -7.116878575989176e-01,  1.475159208851555e-01,  2.322837411434600e-02,  6.566737580860575e-01, -2.292523614853059e-01,  2.322837411429820e-02,  2.945050157979967e-03, -1.053594908116758e-01,  1.757407200062803e-01,  2.808528703364983e-01,  8.239656262102470e-01,  4.428647151342853e-01,  1.143404846731409e-01
  3.150252000000000e+00, -7.111517675734337e-01,  1.476585695093120e-01,  2.327109620493629e-02,  6.567089637172261e-01, -2.292482472081987e-01,  2.327109620484086e-02, -1.626044143177907e-03, -1.053049330724347e-01,  1.742055023504249e-01,  2.800310455671158e-01,  8.258967174553841e-01,  4.412440574699987e-01,  1.140683483409626e-01
  3.154419000000000e+00, -7.106218347667396e-01,  1.477964710744180e-01,  2.331186347045982e-02,  6.567439582488296e-01, -2.292437895263337e-01,  2.331186347031693e-02, -6.202108001893691e-03, -1.052042437535994e-01,  1.726800640056816e-01,  2.793220576579954e-01,  8.276605234871849e-01,  4.397721610765166e-01,  1.138392834044341e-01
  3.158586000000000e+00, -7.101013153187702e-01,  1.479285604593370e-01,  2.335032413308983e-02,  6.567785354465260e-01, -2.292389906556096e-01,  2.335032413297095e-02, -1.077500918326701e-02, -1.050559343627405e-01,  1.711664975076770e-01,  2.787155394852707e-01,  8.292662142877824e-01,  4.384428976163868e-01,  1.136513371157169e-01
  3.162753000000000e+00, -7.095947052702986e-01,  1.480546281990669e-01,  2.338658126094861e-02,  6.568123477141994e-01, -2.292340044203374e-01,  2.338658126069224e-02, -1.533762799806460e-02, -1.048579949341056e-01,  1.696669981003415e-01,  2.782005397929840e-01,  8.307243822847845e-01,  4.372485082414941e-01,  1.135016478668435e-01
  3.166920000000000e+00, -7.091046587320748e-01,  1.481733298843131e-01,  2.342012676183597e-02,  6.568452483950596e-01, -2.292287769117141e-01,  2.342012676141403e-02, -1.988182302763430e-02, -1.046084164134755e-01,  1.681831381243764e-01,  2.777661756383106e-01,  8.320456684207169e-01,  4.361823305084225e-01,  1.133877199639387e-01
  3.171087000000000e+00, -7.086339644215461e-01,  1.482835631658508e-01,  2.345057172086301e-02,  6.568770675437414e-01, -2.292232887487373e-01,  2.345057172028064e-02, -2.439998433401058e-02, -1.043049120968297e-01,  1.667162907283870e-01,  2.774012950282723e-01,  8.332412982636110e-01,  4.352371561195958e-01,  1.133066795593959e-01
  3.175254000000000e+00, -7.081850677713728e-01,  1.483841657325140e-01,  2.347748416975047e-02,  6.569076648228590e-01, -2.292175000791556e-01,  2.347748416902689e-02, -2.888468782485920e-02, -1.039450573423346e-01,  1.652675257105544e-01,  2.770946387010489e-01,  8.343227079529963e-01,  4.344057652028934e-01,  1.132555272900119e-01
  3.179421000000000e+00, -7.077600797519201e-01,  1.484739531347874e-01,  2.350040708725909e-02,  6.569369271142440e-01, -2.292113553524064e-01,  2.350040708641336e-02, -3.332874456654289e-02, -1.035263493700128e-01,  1.638376117717992e-01,  2.768348985599484e-01,  8.353013607511089e-01,  4.336810079236488e-01,  1.132311893081438e-01
  3.183588000000000e+00, -7.073607909363061e-01,  1.485517580223699e-01,  2.351887731287574e-02,  6.569647656442592e-01, -2.292047884769448e-01,  2.351887731195515e-02, -3.772524266966637e-02, -1.030462718146784e-01,  1.624270246889776e-01,  2.766107736700514e-01,  8.361885776995479e-01,  4.330558748593489e-01,  1.132305631736465e-01
  3.187755000000000e+00, -7.069886883244180e-01,  1.486164692315770e-01,  2.353244453168870e-02,  6.569911128916911e-01, -2.291977280784623e-01,  2.353244453069314e-02, -4.206758301769886e-02, -1.025023590139977e-01,  1.610359591831943e-01,  2.764110235001997e-01,  8.369953883364936e-01,  4.325235554053193e-01,  1.132505573223438e-01
  3.191922000000000e+00, -7.066449731498333e-01,  1.486670689557852e-01,  2.354068942223987e-02,  6.570159195012387e-01, -2.291901025789733e-01,  2.354068942120693e-02, -4.634950973126606e-02, -1.018922538895653e-01,  1.596643421102976e-01,  2.762245187611799e-01,  8.377324075651065e-01,  4.320774834027805e-01,  1.132881235888081e-01
  3.196089000000000e+00, -7.063305783365345e-01,  1.487026663837647e-01,  2.354324014818676e-02,  6.570391513835929e-01, -2.291818448503171e-01,  2.354324014713035e-02, -5.056513565093601e-02, -1.012137571094098e-01,  1.583118453694148e-01,  2.760402910191861e-01,  8.384097397508725e-01,  4.317113710697011e-01,  1.133402832847430e-01
  3.200256000000000e+00, -7.060461846327184e-01,  1.487225273336537e-01,  2.353978692205758e-02,  6.570607870985453e-01, -2.291728963469295e-01,  2.353978692095856e-02, -5.470896400422154e-02, -1.004648698248252e-01,  1.569778981604556e-01,  2.758475825995335e-01,  8.390369063325627e-01,  4.314192335760083e-01,  1.134041475431751e-01
  3.204423000000000e+00, -7.057922344904267e-01,  1.487261007298954e-01,  2.353009498675576e-02,  6.570808155495749e-01, -2.291632107805384e-01,  2.353009498565629e-02, -5.877590822218348e-02, -9.964383310904702e-02,  1.556616987920193e-01,  2.756358977764851e-01,  8.396227926503463e-01,  4.311954062683436e-01,  1.134769324228746e-01
  3.208590000000000e+00, -7.055689428735130e-01,  1.487130427582863e-01,  2.351401636019473e-02,  6.570992340108710e-01, -2.291527574030436e-01,  2.351401635909924e-02, -6.276131073739100e-02, -9.874916572632443e-02,  1.543622261412163e-01,  2.753950556208314e-01,  8.401756106149685e-01,  4.310345559759288e-01,  1.135559695201045e-01
  3.212757000000000e+00, -7.053763043140919e-01,  1.486832378029761e-01,  2.349149988613319e-02,  6.571160465825715e-01, -2.291415237619441e-01,  2.349149988502719e-02, -6.666095989397958e-02, -9.777970215713568e-02,  1.530782506212148e-01,  2.751152447042543e-01,  8.407028726281274e-01,  4.309316879760230e-01,  1.136387133160688e-01
  3.216924000000000e+00, -7.052140953924079e-01,  1.486368137655569e-01,  2.346259843035192e-02,  6.571312632572457e-01, -2.291295176082335e-01,  2.346259842924456e-02, -7.047110396907330e-02, -9.673463339154965e-02,  1.518083443822451e-01,  2.747870794590800e-01,  8.412113717335526e-01,  4.308821502070250e-01,  1.137227465878341e-01
  3.221091000000000e+00, -7.050818725001554e-01,  1.485741502031075e-01,  2.342747248500177e-02,  6.571448996858452e-01, -2.291167677636392e-01,  2.342747248388327e-02, -7.418846230475618e-02, -9.561354952617236e-02,  1.505508906915975e-01,  2.744016572746218e-01,  8.417071671119872e-01,  4.308816353214584e-01,  1.138057850373372e-01
  3.225258000000000e+00, -7.049789669296058e-01,  1.484958798734224e-01,  2.338639054923792e-02,  6.571569774526187e-01, -2.291033240984426e-01,  2.338639054809846e-02, -7.781023369047024e-02, -9.441647845925598e-02,  1.493040930152727e-01,  2.739506151372637e-01,  8.421955783229447e-01,  4.309261803495463e-01,  1.138856820826174e-01
  3.229425000000000e+00, -7.049044808310602e-01,  1.484028853160635e-01,  2.333972720950392e-02,  6.571675244984854e-01, -2.290892569558187e-01,  2.333972720835742e-02, -8.133410130240692e-02, -9.314391498965693e-02,  1.480659849568993e-01,  2.734261847957238e-01,  8.426811908434017e-01,  4.310121640650206e-01,  1.139604342030962e-01
  3.233592000000000e+00, -7.048572864478106e-01,  1.482962915744608e-01,  2.328795954957084e-02,  6.571765754493241e-01, -2.290746562508101e-01,  2.328795954839797e-02, -8.475823338767507e-02, -9.179683829143064e-02,  1.468344427341420e-01,  2.728212455681273e-01,  8.431678721408080e-01,  4.311363025638038e-01,  1.140281863275226e-01
  3.237759000000000e+00, -7.048360288636052e-01,  1.481774549871666e-01,  2.323166187587829e-02,  6.571841718384588e-01, -2.290596302452919e-01,  2.323166187464044e-02, -8.808127953102973e-02, -9.037671824467836e-02,  1.456072021834612e-01,  2.721293738279024e-01,  8.436587956395987e-01,  4.312956435655586e-01,  1.140872364201114e-01
  3.241926000000000e+00, -7.048391317651337e-01,  1.480479468278650e-01,  2.317149817806644e-02,  6.571903623296620e-01, -2.290443038333263e-01,  2.317149817680142e-02, -9.130236238575362e-02, -8.888551140137400e-02,  1.443818821728500e-01,  2.713448880576995e-01,  8.441564694287599e-01,  4.314875600450061e-01,  1.141360391071035e-01
  3.246093000000000e+00, -7.048648065761176e-01,  1.479095298484485e-01,  2.310821144799922e-02,  6.571952030168703e-01, -2.290288161194620e-01,  2.310821144667788e-02, -9.442106434379527e-02, -8.732564715852198e-02,  1.431560160398690e-01,  2.704628886369287e-01,  8.446627669805052e-01,  4.317097436643293e-01,  1.141732087327957e-01
  3.250260000000000e+00, -7.049110664190242e-01,  1.477641255712601e-01,  2.304260893423504e-02,  6.571987578008878e-01, -2.290133170908382e-01,  2.304260893279910e-02, -9.743740860349948e-02, -8.570000533533867e-02,  1.419270929086024e-01,  2.694792921977297e-01,  8.451789578610034e-01,  4.319601979372774e-01,  1.141975217103360e-01
  3.254427000000000e+00, -7.049757465708731e-01,  1.476137700071223e-01,  2.297554234249322e-02,  6.572010988369346e-01, -2.289979631723611e-01,  2.297554234100960e-02, -1.003518335801687e-01, -8.401188728081378e-02,  1.406926112405971e-01,  2.683908603812704e-01,  8.457057363986111e-01,  4.322372309144442e-01,  1.142079174639613e-01
  3.258594000000000e+00, -7.050565323686574e-01,  1.474605547204551e-01,  2.290788161020010e-02,  6.572023071419991e-01, -2.289829113357327e-01,  2.290788160858124e-02, -1.031651579020298e-01, -8.226498196217018e-02,  1.394501466571969e-01,  2.671952219121273e-01,  8.462432465696103e-01,  4.325394474671573e-01,  1.142034976439568e-01
  3.262761000000000e+00, -7.051509951167296e-01,  1.473065491668550e-01,  2.284048040119672e-02,  6.572024735336266e-01, -2.289683112975132e-01,  2.284048039941267e-02, -1.058785321433133e-01, -8.046332679869297e-02,  1.381974348838290e-01,  2.658908866022590e-01,  8.467911024643412e-01,  4.328657412312662e-01,  1.141835238205419e-01
  3.266928000000000e+00, -7.052566370300971e-01,  1.471537000553167e-01,  2.277413140902774e-02,  6.572017000420429e-01, -2.289542953408368e-01,  2.277413140702885e-02, -1.084933744563168e-01, -7.861126331094907e-02,  1.369324695913531e-01,  2.644772510209631e-01,  8.473484036231483e-01,  4.332152859883824e-01,  1.141474137511213e-01
  3.271095000000000e+00, -7.053709462769632e-01,  1.470037043200947e-01,  2.270950994011225e-02,  6.572001018918781e-01, -2.289409653943655e-01,  2.270950993786810e-02, -1.110112886978114e-01, -7.671338969758529e-02,  1.356536138584770e-01,  2.629545967322904e-01,  8.479137432264420e-01,  4.335875260887776e-01,  1.140947361689819e-01
  3.275262000000000e+00, -7.054914613598515e-01,  1.468578537016778e-01,  2.264710482035847e-02,  6.571978102219255e-01, -2.289283770992434e-01,  2.264710481777965e-02, -1.134339645119213e-01, -7.477451325212450e-02,  1.343597217862253e-01,  2.613240818523789e-01,  8.484852074404764e-01,  4.339821652117770e-01,  1.140252043982862e-01
  3.279429000000000e+00, -7.056158407166202e-01,  1.467168517810200e-01,  2.258713683263104e-02,  6.571949758317254e-01, -2.289165207988706e-01,  2.258713682965703e-02, -1.157630615505416e-01, -7.279960485168785e-02,  1.330502633063110e-01,  2.595877257013974e-01,  8.490603674062507e-01,  4.343991520396502e-01,  1.139386694675119e-01
  3.283596000000000e+00, -7.057419301213026e-01,  1.465806103894727e-01,  2.252946756454462e-02,  6.571917741970981e-01, -2.289052999806893e-01,  2.252946756107510e-02, -1.180000852553373e-01, -7.079375721922705e-02,  1.317254413984687e-01,  2.577483854177691e-01,  8.496362696763381e-01,  4.348386608920056e-01,  1.138351132108356e-01
  3.287763000000000e+00, -7.058678184195505e-01,  1.464480417849652e-01,  2.247350584861992e-02,  6.571884116801510e-01, -2.288945087469392e-01,  2.247350584448467e-02, -1.201462664049597e-01, -6.876214891299337e-02,  1.303862870792618e-01,  2.558097225960578e-01,  8.502094334422936e-01,  4.353010662231735e-01,  1.137146415808638e-01
  3.291930000000000e+00, -7.059918713993141e-01,  1.463168740090075e-01,  2.241812406885960e-02,  6.571851323613618e-01, -2.288838111776830e-01,  2.241812406391179e-02, -1.222024600138949e-01, -6.671001770258843e-02,  1.290347139747292e-01,  2.537761570361023e-01,  8.507758614932733e-01,  4.357869122187674e-01,  1.135774788303097e-01
  3.296097000000000e+00, -7.061127345581665e-01,  1.461835279802486e-01,  2.236160184234503e-02,  6.571822242894086e-01, -2.288727268173814e-01,  2.236160183633704e-02, -1.241690831365803e-01, -6.464264981773707e-02,  1.276735135484128e-01,  2.516528038132560e-01,  8.513310675614777e-01,  4.362968807383556e-01,  1.134239638185921e-01
  3.300264000000000e+00, -7.062292996345938e-01,  1.460431044653883e-01,  2.230161924242178e-02,  6.571800231426519e-01, -2.288606278248986e-01,  2.230161923514800e-02, -1.260461149097241e-01, -6.256539175215411e-02,  1.263062773606380e-01,  2.494453899052134e-01,  8.518701195595685e-01,  4.368317611013435e-01,  1.132545493120267e-01
  3.304431000000000e+00, -7.063406377787262e-01,  1.458895318361553e-01,  2.223532338921326e-02,  6.571789105259667e-01, -2.288467539752075e-01,  2.223532338036982e-02, -1.278331802586858e-01, -6.048368540794129e-02,  1.249372452424452e-01,  2.471601476365281e-01,  8.523876983080884e-01,  4.373924247352758e-01,  1.130698041799272e-01
  3.308598000000000e+00, -7.064459132723675e-01,  1.457159133560617e-01,  2.215948704877111e-02,  6.571793038521753e-01, -2.288302506883988e-01,  2.215948703805353e-02, -1.295297257559564e-01, -5.840311675301985e-02,  1.235710970602554e-01,  2.448036835481495e-01,  8.528781726366994e-01,  4.379798076774870e-01,  1.128704179360173e-01
  3.312765000000000e+00, -7.065443036223215e-01,  1.455150799054346e-01,  2.207076306362104e-02,  6.571816354254979e-01, -2.288102318127123e-01,  2.207076305073742e-02, -1.311352728338202e-01, -5.632945726195655e-02,  1.222127276021881e-01,  2.423828239592699e-01,  8.533356914042141e-01,  4.385949029452041e-01,  1.126572065975485e-01
  3.316932000000000e+00, -7.066349601477427e-01,  1.452803020198523e-01,  2.196601445746613e-02,  6.571863202368265e-01, -2.287858630033421e-01,  2.196601444218583e-02, -1.326497061055385e-01, -5.426867132816088e-02,  1.208670615445825e-01,  2.399044444015284e-01,  8.537542894993235e-01,  4.392387615970073e-01,  1.124311174837976e-01
  3.321099000000000e+00, -7.067170410845690e-01,  1.450060556016239e-01,  2.184267211823158e-02,  6.571937150689309e-01, -2.287564543468068e-01,  2.184267210045047e-02, -1.340735308415741e-01, -5.222686600679327e-02,  1.195389675621431e-01,  2.373752978037980e-01,  8.541279987990075e-01,  4.399124976260245e-01,  1.121932294653260e-01
  3.325266000000000e+00, -7.067898325761756e-01,  1.446886909161251e-01,  2.169905035041471e-02,  6.572040750560659e-01, -2.287215448800535e-01,  2.169905033016729e-02, -1.354080236339090e-01, -5.021017257027159e-02,  1.182333093397673e-01,  2.348018612712271e-01,  8.544509501312395e-01,  4.406172898794272e-01,  1.119447456629803e-01
  3.329433000000000e+00, -7.068531972546537e-01,  1.443262058098058e-01,  2.153426080632901e-02,  6.572175292096645e-01, -2.286808933390365e-01,  2.153426080650947e-02, -1.366557980830976e-01, -4.822491076356492e-02,  1.169542657444673e-01,  2.321904555876591e-01,  8.547180193660934e-01,  4.413534610591987e-01,  1.116864136200171e-01
  3.333600000000000e+00, -7.069068189706088e-01,  1.439208437163197e-01,  2.134937703632842e-02,  6.572340066496034e-01, -2.286347573074536e-01,  2.134937703653645e-02, -1.378183463233897e-01, -4.627601306878783e-02,  1.157089553687955e-01,  2.295462427194297e-01,  8.549226468770975e-01,  4.421240677843783e-01,  1.114207325464890e-01
  3.337767000000000e+00, -7.069518450324808e-01,  1.434750343433209e-01,  2.114562513498298e-02,  6.572533113825159e-01, -2.285834747858364e-01,  2.114562513519301e-02, -1.388989394898166e-01, -4.436890187377287e-02,  1.145027828807037e-01,  2.268746181071595e-01,  8.550601168744482e-01,  4.429295106182733e-01,  1.111486018491767e-01
  3.341934000000000e+00, -7.069900541083824e-01,  1.429932025828182e-01,  2.092517871031555e-02,  6.572750944838145e-01, -2.285276462528512e-01,  2.092517871052249e-02, -1.399001215673814e-01, -4.250799888760265e-02,  1.133427341073122e-01,  2.241803193087254e-01,  8.551253932349925e-01,  4.437710100952592e-01,  1.108714726502966e-01
  3.346101000000000e+00, -7.070240701117269e-01,  1.424804139843399e-01,  2.069053802519502e-02,  6.572989047996658e-01, -2.284679816365280e-01,  2.069053802541504e-02, -1.408238321350028e-01, -4.069701479466365e-02,  1.122365719043080e-01,  2.214677197042976e-01,  8.551136267411279e-01,  4.446496817445809e-01,  1.105907671521503e-01
  3.350268000000000e+00, -7.070572175367558e-01,  1.419416372503848e-01,  2.044418074340340e-02,  6.573242374641023e-01, -2.284052066438846e-01,  2.044418074363150e-02, -1.416711520764484e-01, -3.893897899711866e-02,  1.111926100248131e-01,  2.187409005675983e-01,  8.550201453785793e-01,  4.455664845583680e-01,  1.103078429092657e-01
  3.354435000000000e+00, -7.070932818144051e-01,  1.413811678792285e-01,  2.018828519169491e-02,  6.573505825452863e-01, -2.283399846328176e-01,  2.018828519188740e-02, -1.424422157164775e-01, -3.723632800322318e-02,  1.102193435455891e-01,  2.160037158715576e-01,  8.548404650755597e-01,  4.465221796382606e-01,  1.100239616690501e-01
  3.358602000000000e+00, -7.071362249932202e-01,  1.408022804585787e-01,  1.992455907294446e-02,  6.573774661877019e-01, -2.282728640270610e-01,  1.992455907313393e-02, -1.431362815326047e-01, -3.559102194720636e-02,  1.093250088519726e-01,  2.132598412618663e-01,  8.545703219090001e-01,  4.475173036937088e-01,  1.097402642054393e-01
  3.362769000000000e+00, -7.071899067858042e-01,  1.402071097058251e-01,  1.965417504939473e-02,  6.574044799594697e-01, -2.282042532221029e-01,  1.965417504955855e-02, -1.437519178147828e-01, -3.400465931618529e-02,  1.085171495088348e-01,  2.105128057741100e-01,  8.542057205555049e-01,  4.485521587701755e-01,  1.094577522528151e-01
  3.366936000000000e+00, -7.072578479630051e-01,  1.395967144537953e-01,  1.937779283525799e-02,  6.574312975021613e-01, -2.281344189510808e-01,  1.937779283537831e-02, -1.442872465740657e-01, -3.247856866513756e-02,  1.078022470021957e-01,  2.077660104242058e-01,  8.537429907861922e-01,  4.496268158612469e-01,  1.091772773713041e-01
  3.371103000000000e+00, -7.073430555280557e-01,  1.389712606393272e-01,  1.909563851507486e-02,  6.574576799891966e-01, -2.280635012405487e-01,  1.909563851519697e-02, -1.447401952684899e-01, -3.101386662176626e-02,  1.071854495107360e-01,  2.050227403430110e-01,  8.531788444106850e-01,  4.507411275403577e-01,  1.088995357380714e-01
  3.375270000000000e+00, -7.074479137446742e-01,  1.383302629227641e-01,  1.880761306417722e-02,  6.574834730407463e-01, -2.279915379181798e-01,  1.880761306426577e-02, -1.451087214368949e-01, -2.961148115773608e-02,  1.066704081135311e-01,  2.022861766589919e-01,  8.525104266555200e-01,  4.518947447238668e-01,  1.086250684539538e-01
  3.379437000000000e+00, -7.075741343985618e-01,  1.376728392026780e-01,  1.851340857230239e-02,  6.575085979301515e-01, -2.279184929661326e-01,  1.851340857237435e-02, -1.453909916879494e-01, -2.827214685336830e-02,  1.062592133888477e-01,  1.995594124243365e-01,  8.517353575678310e-01,  4.530871339911471e-01,  1.083542677723774e-01
  3.383604000000000e+00, -7.077227530842982e-01,  1.369979488462600e-01,  1.821261817515629e-02,  6.575330396459480e-01, -2.278442847291644e-01,  1.821261817522944e-02, -1.455855095505783e-01, -2.699638367966623e-02,  1.059524163913747e-01,  1.968454749543835e-01,  8.508517611964794e-01,  4.543175929569667e-01,  1.080873893317327e-01
  3.387771000000000e+00, -7.078941552555926e-01,  1.363045987304976e-01,  1.790483176830974e-02,  6.575568339641824e-01, -2.277688114473890e-01,  1.790483176834074e-02, -1.456911949249460e-01, -2.578447314512805e-02,  1.057491143680449e-01,  1.941473551867781e-01,  8.498582812207930e-01,  4.555852624803252e-01,  1.078245696601317e-01
  3.391938000000000e+00, -7.080881164247276e-01,  1.355920098665031e-01,  1.758971364253508e-02,  6.575800552006885e-01, -2.276919726432194e-01,  1.758971364257295e-02, -1.457074215319407e-01, -2.463644502386816e-02,  1.056470813447091e-01,  1.914680430510459e-01,  8.487540812942201e-01,  4.568891362438285e-01,  1.075658481747336e-01
  3.396105000000000e+00, -7.083038449036514e-01,  1.348597427390563e-01,  1.726706083250813e-02,  6.576028057215406e-01, -2.276136856866828e-01,  1.726706083254028e-02, -1.456340193542314e-01, -2.355208277043927e-02,  1.056429259291952e-01,  1.888105669236173e-01,  8.475388303275605e-01,  4.582280686616116e-01,  1.073111929151956e-01
  3.400272000000000e+00, -7.085400214218882e-01,  1.341077829196717e-01,  1.693684279707394e-02,  6.576252076380804e-01, -2.275338975073342e-01,  1.693684279710671e-02, -1.454712483616283e-01, -2.253094900538284e-02,  1.057322624774689e-01,  1.861780353131360e-01,  8.462126767148827e-01,  4.596007805397790e-01,  1.070605282696358e-01
  3.404439000000000e+00, -7.087948359349137e-01,  1.333365900097716e-01,  1.659922398461550e-02,  6.576473965574099e-01, -2.274525918341586e-01,  1.659922398462887e-02, -1.452197487021856e-01, -2.157242887790787e-02,  1.059098858182028e-01,  1.835736794016248e-01,  8.447762162612805e-01,  4.610058606217851e-01,  1.068137623480729e-01
  3.408606000000000e+00, -7.090660266092519e-01,  1.325471130514779e-01,  1.625457106439828e-02,  6.576695168833263e-01, -2.273697925388358e-01,  1.625457106442560e-02, -1.448804710758151e-01, -2.067578827906526e-02,  1.061699434327822e-01,  1.810008951403718e-01,  8.432304560481071e-01,  4.624417616779075e-01,  1.065708127996864e-01
  3.412773000000000e+00, -7.093509285616141e-01,  1.317407760869262e-01,  1.590344695032449e-02,  6.576917179286215e-01, -2.272855638235614e-01,  1.590344695038732e-02, -1.444545901438983e-01, -1.984024279180461e-02,  1.065061027019733e-01,  1.784632833256823e-01,  8.415767748156592e-01,  4.639067908024699e-01,  1.063316310712995e-01
  3.416940000000000e+00, -7.096465390219164e-01,  1.309194384313475e-01,  1.554659408669085e-02,  6.577141501212416e-01, -2.272000080605570e-01,  1.554659408678369e-02, -1.439434046390542e-01, -1.906503153487672e-02,  1.069117135153920e-01,  1.759646859694182e-01,  8.398168816385913e-01,  4.653990937068926e-01,  1.060962245990644e-01
  3.421107000000000e+00, -7.099496005230584e-01,  1.300853337476344e-01,  1.518490902440308e-02,  6.577369610158510e-01, -2.271132618328815e-01,  1.518490902453469e-02, -1.433482289716592e-01, -1.834948884984238e-02,  1.073799667644570e-01,  1.735092168852426e-01,  8.379527770335400e-01,  4.669166333304942e-01,  1.058646756673943e-01
  3.425274000000000e+00, -7.102566974522558e-01,  1.292409915650596e-01,  1.481940984269944e-02,  6.577602913408345e-01, -2.270254904240459e-01,  1.481940984282681e-02, -1.426702808515661e-01, -1.769310672814910e-02,  1.079040482438784e-01,  1.711012830957953e-01,  8.359867217847613e-01,  4.684571653893546e-01,  1.056371564417664e-01
  3.429441000000000e+00, -7.105643580562179e-01,  1.283891469806506e-01,  1.445119876637839e-02,  6.577842714419255e-01, -2.269368811253860e-01,  1.445119876655509e-02, -1.419105688109192e-01, -1.709558206486767e-02,  1.084772868533631e-01,  1.687455925298883e-01,  8.339212183189655e-01,  4.700182157326567e-01,  1.054139406696786e-01
  3.433608000000000e+00, -7.108691547282140e-01,  1.275326479413139e-01,  1.408142396373495e-02,  6.578090181975748e-01, -2.268476361919098e-01,  1.408142396394784e-02, -1.410697840744979e-01, -1.655684474421464e-02,  1.090932952414752e-01,  1.664471440056144e-01,  8.317590084771063e-01,  4.715970641016223e-01,  1.051954120378355e-01
  3.437775000000000e+00, -7.111677981130702e-01,  1.266743721669288e-01,  1.371124574860778e-02,  6.578346320813687e-01, -2.267579666966300e-01,  1.371124574888309e-02, -1.401482023943388e-01, -1.607706458566703e-02,  1.097460996458765e-01,  1.642111970456467e-01,  8.295030901242293e-01,  4.731907371132671e-01,  1.049820685218491e-01
  3.441942000000000e+00, -7.114572231195773e-01,  1.258171662699235e-01,  1.334181265451057e-02,  6.578611937782847e-01, -2.266680886914676e-01,  1.334181265485176e-02, -1.391456023614390e-01, -1.565663748373217e-02,  1.104302540502444e-01,  1.620432203928623e-01,  8.271567524484076e-01,  4.747960125034192e-01,  1.047745229841162e-01
  3.446109000000000e+00, -7.117346665611742e-01,  1.249638180751607e-01,  1.297425213932973e-02,  6.578887596829147e-01, -2.265782229590707e-01,  1.297425213971481e-02, -1.380612076540166e-01, -1.529615392675533e-02,  1.111409326073445e-01,  1.599488198419567e-01,  8.247236265227393e-01,  4.764094361728874e-01,  1.045735013586993e-01
  3.450276000000000e+00, -7.119977369328978e-01,  1.241170696137874e-01,  1.260967907461075e-02,  6.579173557212946e-01, -2.264885992526302e-01,  1.260967907503338e-02, -1.368936616170087e-01, -1.499635598515328e-02,  1.118739940507199e-01,  1.579336490069782e-01,  8.222077452882297e-01,  4.780273513300228e-01,  1.043798392166227e-01
  3.454443000000000e+00, -7.122444767123669e-01,  1.232796723868164e-01,  1.224922252547538e-02,  6.579469692742594e-01, -2.263994652201833e-01,  1.224922252591951e-02, -1.356410418787948e-01, -1.475809026418016e-02,  1.126260127397159e-01,  1.560033095669622e-01,  8.196136064956711e-01,  4.796459363248373e-01,  1.041944767444740e-01
  3.458610000000000e+00, -7.124734165469705e-01,  1.224544791267947e-01,  1.189406803777134e-02,  6.579775394992182e-01, -2.263110993018007e-01,  1.189406803823806e-02, -1.343009191277735e-01, -1.458226245647631e-02,  1.133942737888884e-01,  1.541632487432232e-01,  8.169462334231847e-01,  4.812612474259561e-01,  1.040184528507435e-01
  3.462777000000000e+00, -7.126836187424784e-01,  1.216445591233108e-01,  1.154550947440075e-02,  6.580089469506392e-01, -2.262238259694540e-01,  1.154550947490079e-02, -1.328704586624536e-01, -1.446979499435869e-02,  1.141767343061577e-01,  1.524186618266009e-01,  8.142112306037349e-01,  4.828692640637984e-01,  1.038528994856963e-01
  3.466944000000000e+00, -7.128747051212107e-01,  1.208533181430320e-01,  1.120500180668166e-02,  6.580410039903863e-01, -2.261380308812613e-01,  1.120500180710773e-02, -1.313465575559833e-01, -1.442158607222490e-02,  1.149719572916006e-01,  1.507744075217321e-01,  8.114148335912033e-01,  4.844659346533149e-01,  1.036990356876174e-01
  3.471111000000000e+00, -7.130468633784632e-01,  1.200846002261717e-01,  1.087420473193238e-02,  6.580734478373685e-01, -2.260541730494485e-01,  1.087420473232036e-02, -1.297260049494493e-01, -1.443846704640701e-02,  1.157790276856952e-01,  1.492349428402716e-01,  8.085639518956624e-01,  4.860472217108072e-01,  1.035581594947042e-01
  3.475278000000000e+00, -7.132008282851525e-01,  1.193427499818835e-01,  1.055500782641293e-02,  6.581059379117866e-01, -2.259727913719911e-01,  1.055500782678108e-02, -1.280056492015451e-01, -1.452115508282835e-02,  1.165974616203641e-01,  1.478042812247524e-01,  8.056662032516205e-01,  4.876091468059571e-01,  1.034316365866340e-01
  3.479445000000000e+00, -7.133378394089194e-01,  1.186326223934426e-01,  1.024953194934049e-02,  6.581380582499854e-01, -2.258945040790639e-01,  1.024953194964379e-02, -1.261825552930957e-01, -1.467019872161934e-02,  1.174271209617862e-01,  1.464859739686662e-01,  8.027299364425609e-01,  4.891478368179762e-01,  1.033208854372429e-01
  3.483612000000000e+00, -7.134595815676382e-01,  1.179595355218437e-01,  9.960105504746112e-03,  6.581693249180878e-01, -2.258200008090587e-01,  9.960105504980195e-03, -1.242541383858928e-01, -1.488591623846440e-02,  1.182681419084556e-01,  1.452831130887951e-01,  7.997642392019683e-01,  4.906595709263462e-01,  1.032273583426194e-01
  3.487779000000000e+00, -7.135681143615857e-01,  1.173291621874182e-01,  9.689214453357374e-03,  6.581991982972721e-01, -2.257500271130597e-01,  9.689214453494875e-03, -1.222182620421575e-01, -1.516832976270163e-02,  1.191208761596740e-01,  1.441983533229063e-01,  7.967789268306303e-01,  4.921408249413997e-01,  1.031525178039459e-01
  3.491946000000000e+00, -7.136657965176881e-01,  1.167473600342313e-01,  9.439426335176528e-03,  6.582270999395473e-01, -2.256853615502550e-01,  9.439426335270621e-03, -1.200732935226665e-01, -1.551709983859720e-02,  1.199858368082995e-01,  1.432339500364404e-01,  7.937845063125891e-01,  4.935883094106419e-01,  1.030978093050399e-01
  3.496113000000000e+00, -7.137552119018699e-01,  1.162199532950616e-01,  9.213294550084855e-03,  6.582524327059953e-01, -2.256267872122870e-01,  9.213294550036654e-03, -1.178181160519460e-01, -1.593146508471280e-02,  1.208636456307790e-01,  1.423918088709239e-01,  7.907921110796987e-01,  4.949989997936850e-01,  1.030646322522041e-01
  3.500280000000000e+00, -7.138391020710653e-01,  1.157524897038582e-01,  9.013253276244804e-03,  6.582746023591011e-01, -2.255750606227305e-01,  9.013253276109308e-03, -1.154521054492468e-01, -1.641019209218416e-02,  1.217549828429522e-01,  1.416735434897783e-01,  7.878134036948939e-01,  4.963701578500395e-01,  1.030543097083810e-01
  3.504447000000000e+00, -7.139203053578070e-01,  1.153499942386911e-01,  8.841512235614822e-03,  6.582930391932988e-01, -2.255308805496274e-01,  8.841512235388795e-03, -1.129750820248023e-01, -1.695154142206633e-02,  1.226605389305839e-01,  1.410805388163502e-01,  7.848604465512238e-01,  4.976993432357308e-01,  1.030680567960453e-01
  3.508614000000000e+00, -7.139985915222139e-01,  1.150162735049376e-01,  8.699640414186607e-03,  6.583074956967759e-01, -2.254946825396840e-01,  8.699640233121156e-03, -1.103903400023345e-01, -1.757264120602185e-02,  1.235818678572445e-01,  1.406219810311577e-01,  7.819219749791572e-01,  4.989894320704105e-01,  1.031054042926243e-01
  3.512781000000000e+00, -7.140829690179901e-01,  1.147555161435929e-01,  8.589727956870546e-03,  6.583169661826960e-01, -2.254673087917525e-01,  8.589727770088958e-03, -1.076924115896403e-01, -1.823272410462697e-02,  1.245176977844521e-01,  1.402834154618393e-01,  7.790565989637995e-01,  5.002286633169906e-01,  1.031702204101714e-01
  3.516948000000000e+00, -7.141732107657878e-01,  1.145694948172620e-01,  8.512481102904024e-03,  6.583213372185648e-01, -2.254489564498419e-01,  8.512480910997353e-03, -1.048849365301439e-01, -1.894707246086263e-02,  1.254694409717333e-01,  1.400735122707463e-01,  7.762539411819602e-01,  5.014203519750606e-01,  1.032618082350282e-01
  3.521115000000000e+00, -7.142720004747219e-01,  1.144591345393902e-01,  8.468363590568954e-03,  6.583203217610510e-01, -2.254398373960644e-01,  8.468363394188279e-03, -1.019688687096156e-01, -1.971198543773721e-02,  1.264374057179788e-01,  1.399933726245389e-01,  7.735258851180019e-01,  5.025631785697069e-01,  1.033806607386600e-01
  3.525282000000000e+00, -7.143818413420721e-01,  1.144240105044056e-01,  8.457264429359226e-03,  6.583137379445927e-01, -2.254399982966069e-01,  8.457264229465184e-03, -9.894529798050611e-02, -2.052340505973362e-02,  1.274217250173249e-01,  1.400441687223725e-01,  7.708837407700506e-01,  5.036560504006209e-01,  1.035270331062201e-01
  3.529449000000000e+00, -7.145049948939616e-01,  1.144622989429909e-01,  8.478474963720860e-03,  6.583015172598968e-01, -2.254493124351116e-01,  8.478474761197230e-03, -9.581540620081341e-02, -2.137700113860245e-02,  1.284223359388849e-01,  1.402271801822028e-01,  7.683380320750933e-01,  5.046980724941683e-01,  1.037009351951327e-01
  3.533616000000000e+00, -7.146434209325987e-01,  1.145707716003836e-01,  8.530683284806943e-03,  6.582837093201126e-01, -2.254674766643496e-01,  8.530683080594450e-03, -9.258043430880081e-02, -2.226827236592525e-02,  1.294389651533394e-01,  1.405438211040985e-01,  7.658982901415782e-01,  5.056885195656076e-01,  1.039021320916562e-01
  3.537783000000000e+00, -7.147987262012889e-01,  1.147448385249392e-01,  8.611988346370742e-03,  6.582604823311482e-01, -2.254940143290878e-01,  8.611988141610937e-03, -8.924166053654670e-02, -2.319265334232535e-02,  1.304711220055261e-01,  1.409956555665619e-01,  7.635728643817278e-01,  5.066268112905519e-01,  1.041301537635474e-01
  3.541950000000000e+00, -7.149721295816259e-01,  1.149786457300987e-01,  8.719937134614369e-03,  6.582321183159364e-01, -2.255282852471960e-01,  8.719936930364920e-03, -8.580039186218480e-02, -2.414561816400324e-02,  1.315181034100941e-01,  1.415844008966235e-01,  7.613687610211071e-01,  5.075124936922952e-01,  1.043843138204860e-01
  3.546117000000000e+00, -7.151644498785681e-01,  1.152652318978908e-01,  8.851587308072189e-03,  6.581990024959463e-01, -2.255695034896066e-01,  8.851587105217367e-03, -8.225797129962209e-02, -2.512277201900150e-02,  1.325790141652239e-01,  1.423119183052315e-01,  7.592915165143858e-01,  5.083452297142523e-01,  1.046637377273383e-01
  3.550284000000000e+00, -7.153761176218941e-01,  1.155967399890026e-01,  9.003594092897345e-03,  6.581616071737630e-01, -2.256167625467962e-01,  9.003593892431400e-03, -7.861580166492965e-02, -2.611992691972700e-02,  1.336528020819584e-01,  1.431801928904035e-01,  7.573451099070431e-01,  5.091247998191619e-01,  1.049673990232293e-01
  3.554451000000000e+00, -7.156072078935330e-01,  1.159646716564946e-01,  9.172316665887898e-03,  6.581204713326502e-01, -2.256690663600345e-01,  9.172316468734147e-03, -7.487538418417139e-02, -2.713316273442988e-02,  1.347383043258880e-01,  1.441913071934569e-01,  7.555319142921858e-01,  5.098511105620624e-01,  1.052941602879155e-01
  3.558618000000000e+00, -7.158574883927159e-01,  1.163601694300627e-01,  9.353937859562461e-03,  6.580761775659487e-01, -2.257253642421040e-01,  9.353937666402815e-03, -7.103836966955424e-02, -2.815887675376523e-02,  1.358343008962546e-01,  1.453474117960441e-01,  7.538526847371686e-01,  5.105242083818222e-01,  1.056428160320200e-01
  3.562785000000000e+00, -7.161264752346364e-01,  1.167743119431446e-01,  9.544590988755052e-03,  6.580293280259149e-01, -2.257845876770990e-01,  9.544590800139951e-03, -6.710661991185352e-02, -2.919382423413463e-02,  1.369395712768020e-01,  1.466506949469612e-01,  7.523065796975071e-01,  5.111442965931769e-01,  1.060121355164941e-01
  3.566952000000000e+00, -7.164134886511797e-01,  1.171984073057613e-01,  9.740487350303280e-03,  6.579805210555265e-01, -2.258456869520309e-01,  9.740487166712414e-03, -6.308227569810687e-02, -3.023515085090136e-02,  1.380529504432172e-01,  1.481033536278793e-01,  7.508912138546144e-01,  5.117117538445326e-01,  1.064009027804463e-01
  3.571119000000000e+00, -7.167177025460808e-01,  1.176242689642939e-01,  9.938037481948048e-03,  6.579303299946161e-01, -2.259076655461005e-01,  9.938037303738120e-03, -5.896782607565876e-02, -3.128041686896987e-02,  1.391733809437885e-01,  1.497075688824090e-01,  7.496027402748020e-01,  5.122271524397686e-01,  1.068079507572177e-01
  3.575286000000000e+00, -7.170381846924070e-01,  1.180444597672627e-01,  1.013395976754037e-02,  6.578792852625972e-01, -2.259696104703202e-01,  1.013395959503257e-02, -5.476617329379319e-02, -3.232761211015959e-02,  1.402999586843480e-01,  1.514654865520412e-01,  7.484359584963802e-01,  5.126912756971334e-01,  1.072321880556249e-01
  3.579453000000000e+00, -7.173739265109050e-01,  1.184524938062448e-01,  1.032537155940186e-02,  6.578278603465135e-01, -2.260307172802416e-01,  1.032537139275854e-02, -5.048068923308291e-02, -3.337516091637249e-02,  1.414319713895261e-01,  1.533792029222529e-01,  7.473844440190793e-01,  5.131051339964565e-01,  1.076726186511421e-01
  3.583620000000000e+00, -7.177238626131556e-01,  1.188429891233040e-01,  1.050985944845458e-02,  6.577764619625635e-01, -2.260903089429493e-01,  1.050985928787384e-02, -4.611525993254850e-02, -3.442191717650386e-02,  1.425689295801213e-01,  1.554507549981362e-01,  7.464406947976351e-01,  5.134699783782222e-01,  1.081283543888515e-01
  3.587787000000000e+00, -7.180868811108816e-01,  1.192117663278258e-01,  1.068552613301404e-02,  6.577254244532331e-01, -2.261478479987495e-01,  1.068552597870965e-02, -4.167431477338068e-02, -3.546715084833596e-02,  1.437105890959123e-01,  1.576821152772297e-01,  7.455962903346297e-01,  5.137873099318386e-01,  1.085986199085293e-01
  3.591954000000000e+00, -7.184618259621284e-01,  1.195558902539977e-01,  1.085101225234365e-02,  6.576750083321472e-01, -2.262029417126041e-01,  1.085101210463859e-02, -3.716283743484383e-02, -3.651052989015038e-02,  1.448569625136640e-01,  1.600751893919952e-01,  7.448420567497172e-01,  5.140588843365674e-01,  1.090827512660790e-01
  3.596121000000000e+00, -7.188474922565062e-01,  1.198736554001028e-01,  1.100549316164829e-02,  6.576254027178059e-01, -2.262553403235104e-01,  1.100549302087890e-02, -3.258635692874590e-02, -3.755210361696843e-02,  1.460083167577228e-01,  1.626318137504922e-01,  7.441682288976396e-01,  5.142867123713724e-01,  1.095801909538626e-01
  3.600288000000000e+00, -7.192426154121521e-01,  1.201645205709712e-01,  1.114865276549679e-02,  6.575767311426345e-01, -2.263049290571781e-01,  1.114865263192253e-02, -2.795091808746730e-02, -3.859229217365786e-02,  1.471651572221074e-01,  1.653537511173849e-01,  7.435646018833710e-01,  5.144730569751186e-01,  1.100904811879438e-01
  3.604455000000000e+00, -7.196458566656083e-01,  1.204290023353840e-01,  1.128063852951668e-02,  6.575290599021081e-01, -2.263517151191530e-01,  1.128063840350886e-02, -2.326303201084579e-02, -3.963188318516273e-02,  1.483282027248162e-01,  1.682426830585787e-01,  7.430206676515501e-01,  5.146204266988952e-01,  1.106132562202773e-01
  3.608622000000000e+00, -7.200557886698388e-01,  1.206685389356732e-01,  1.140200285184435e-02,  6.574824079176571e-01, -2.263958111849453e-01,  1.140200273371144e-02, -1.852960808036785e-02, -4.067203453664803e-02,  1.494983568760858e-01,  1.713001970554710e-01,  7.425257340448825e-01,  5.147315661670149e-01,  1.111482350939528e-01
  3.612789000000000e+00, -7.204708847468814e-01,  1.208853356956339e-01,  1.151363579766144e-02,  6.574367571808091e-01, -2.264374168264243e-01,  1.151363568760710e-02, -1.375786960075187e-02, -4.171428200745489e-02,  1.506766795924842e-01,  1.745277650514878e-01,  7.420690249424629e-01,  5.148094449002114e-01,  1.116952167099223e-01
  3.616956000000000e+00, -7.208895137000558e-01,  1.210822007992332e-01,  1.161669324945490e-02,  6.573920631310065e-01, -2.264767989958929e-01,  1.161669314754488e-02, -8.955255208849211e-03, -4.276054990755724e-02,  1.518643602682059e-01,  1.779267121658467e-01,  7.416397634054169e-01,  5.148572442813544e-01,  1.122540772291117e-01
  3.621123000000000e+00, -7.213099407358786e-01,  1.212623784960560e-01,  1.171252370638005e-02,  6.573482645482619e-01, -2.265142724242881e-01,  1.171252361262172e-02, -4.129308657939035e-03, -4.381316186819195e-02,  1.530626934357305e-01,  1.814981767475256e-01,  7.412272428196620e-01,  5.148783405399375e-01,  1.128247681918293e-01
  3.625290000000000e+00, -7.217303352432206e-01,  1.214293865316740e-01,  1.180259687273247e-02,  6.573052925450968e-01, -2.265501807670969e-01,  1.180259678696110e-02,  7.124395059252553e-04, -4.487484875211448e-02,  1.542730584533466e-01,  1.852430624578927e-01,  7.408208906333815e-01,  5.148762821137307e-01,  1.134073148449635e-01
  3.629457000000000e+00, -7.221487873931842e-01,  1.215868645149627e-01,  1.188843717996821e-02,  6.572630781494699e-01, -2.265848793683864e-01,  1.188843710181096e-02,  5.562594001951915e-03, -4.594875105323922e-02,  1.554969053565605e-01,  1.891619821871635e-01,  7.404103273693288e-01,  5.148547611359495e-01,  1.140018153558157e-01
  3.633624000000000e+00, -7.225633351937824e-01,  1.217384378680333e-01,  1.197156444798023e-02,  6.572215581128137e-01, -2.266187202546763e-01,  1.197156437704298e-02,  1.041401619287496e-02, -4.703841354596559e-02,  1.567357482573475e-01,  1.932551953557237e-01,  7.399854230812151e-01,  5.148175788153555e-01,  1.146084402308241e-01
  3.637791000000000e+00, -7.229720005453285e-01,  1.218875985650532e-01,  1.205344222985333e-02,  6.571806790150441e-01, -2.266520394463578e-01,  1.205344216563382e-02,  1.525994140329745e-02, -4.814777016190904e-02,  1.579911659073769e-01,  1.975225416980079e-01,  7.395363537936532e-01,  5.147686040800861e-01,  1.152274300415169e-01
  3.641958000000000e+00, -7.233728295276739e-01,  1.220376016780305e-01,  1.213543326117199e-02,  6.571404001150934e-01, -2.266851462862494e-01,  1.213543320305862e-02,  2.009408988337547e-02, -4.928111712858314e-02,  1.592648073491304e-01,  2.019633731154450e-01,  7.390536603539556e-01,  5.147117258131946e-01,  1.158590909010758e-01
  3.646125000000000e+00, -7.237639311663091e-01,  1.221913765635492e-01,  1.221876129229653e-02,  6.571006954720142e-01, -2.267183144275002e-01,  1.221876123978598e-02,  2.491076932298286e-02, -5.044307333613458e-02,  1.605583998344249e-01,  2.065764838188079e-01,  7.385283112822172e-01,  5.146508004274439e-01,  1.165037882285811e-01
  3.650292000000000e+00, -7.241435101704854e-01,  1.223514520085305e-01,  1.230447882763825e-02,  6.570615557255776e-01, -2.267517742273257e-01,  1.230447878004116e-02,  2.970496647981635e-02, -5.163852868173208e-02,  1.618737568794973e-01,  2.113600408801610e-01,  7.379517702258849e-01,  5.145895963515441e-01,  1.171619378948486e-01
  3.654459000000000e+00, -7.245098918040057e-01,  1.225198951892048e-01,  1.239344062586347e-02,  6.570229896783130e-01, -2.267857064602690e-01,  1.239344058262137e-02,  3.447242515465332e-02, -5.287258127596724e-02,  1.632127854338185e-01,  2.163115192034505e-01,  7.373160685647496e-01,  5.145317359662398e-01,  1.178339927099751e-01
  3.658626000000000e+00, -7.248615397409287e-01,  1.226982648936481e-01,  1.248628318386280e-02,  6.569850255741627e-01, -2.268202374380692e-01,  1.248628314448114e-02,  3.920970773183585e-02, -5.415046352261467e-02,  1.645774911716272e-01,  2.214276434502630e-01,  7.366138833636754e-01,  5.144806359776277e-01,  1.185204237649355e-01
  3.662793000000000e+00, -7.251970684633704e-01,  1.228875794469846e-01,  1.258341045026452e-02,  6.569477119156482e-01, -2.268554356486270e-01,  1.258341041420433e-02,  4.391423811248751e-02, -5.547745863211062e-02,  1.659699806370887e-01,  2.267043378363087e-01,  7.358386184548802e-01,  5.144394483063945e-01,  1.192216977894779e-01
