---- AnyBody Output File ---------------------------------
Study: Main.Study
Operation: Main.Study.InverseDynamics
----------------------------------------------------------
Constants (Name = Value): 
Main.Model.ModelEnvironmentConnection.JointAngleOutputs.OutputFile1.FileName = "output-med-euler-contactforce-force.txt"
Main.Model.ModelEnvironmentConnection.JointAngleOutputs.OutputFile1.NumberFormat.Digits = 15
Main.Model.ModelEnvironmentConnection.JointAngleOutputs.OutputFile1.NumberFormat.Width = 22
Main.Model.ModelEnvironmentConnection.JointAngleOutputs.OutputFile1.NumberFormat.Style = ScientificNumber
Main.Model.ModelEnvironmentConnection.JointAngleOutputs.OutputFile1.NumberFormat.FormatStr = "%22.15e"
Main.Model.ModelEnvironmentConnection.JointAngleOutputs.OutputFile1.Search = 
Main.Model.ModelEnvironmentConnection.JointAngleOutputs.OutputFile1.SepSign = " "
Main.Model.ModelEnvironmentConnection.JointAngleOutputs.OutputFile1.LineSepSign = ""
Main.Model.ModelEnvironmentConnection.JointAngleOutputs.OutputFile1.Header.TitleSectionOnOff = On
Main.Model.ModelEnvironmentConnection.JointAngleOutputs.OutputFile1.Header.ConstSectionOnOff = On
Main.Model.ModelEnvironmentConnection.JointAngleOutputs.OutputFile1.Header.VarSectionOnOff = On
Main.Model.ModelEnvironmentConnection.JointAngleOutputs.OutputFile1.Header.ColumnNamesOnOff = On
Main.Model.ModelEnvironmentConnection.JointAngleOutputs.OutputFile1.Header.LinePrefix = ""
----------------------------------------------------------
Variables (Column# Name): 
col0  Main.Study.t
col1  Main.Model.ModelEnvironmentConnection.JointAngleOutputs.OutputFile1.Force4
col2  Main.Model.ModelEnvironmentConnection.JointAngleOutputs.OutputFile1.Force5
col3  Main.Model.ModelEnvironmentConnection.JointAngleOutputs.OutputFile1.Force6
----------------------------------------------------------
Main.Study.t Main.Model.ModelEnvironmentConnection.JointAngleOutputs.OutputFile1.Force4 Main.Model.ModelEnvironmentConnection.JointAngleOutputs.OutputFile1.Force5 Main.Model.ModelEnvironmentConnection.JointAngleOutputs.OutputFile1.Force6
0.000000000000000e+000 -1.367474666835733e-007 -3.700574854841879e+002 3.899479095648162e+001
4.418367346938775e-001 -7.189431272536240e-009 -3.700576193601535e+002 3.838300908479091e+001
8.836734693877550e-001 1.611089288644507e-007 -3.700577697269409e+002 3.762182557049660e+001
1.325510204081632e+000 2.995960102225581e-007 -3.700579366302166e+002 3.699263006565309e+001
1.767346938775510e+000 -1.397758531140880e-007 -3.700581203318215e+002 3.676670202015039e+001
2.209183673469388e+000 6.530597929099713e-008 -3.700583201719647e+002 3.643595021283791e+001
2.651020408163265e+000 -9.564303127262974e-009 -3.700585366464019e+002 3.600818597204800e+001
3.092857142857143e+000 -1.004442609087164e-007 -3.700587696218253e+002 3.552933501613902e+001
3.534693877551021e+000 -4.920515550566051e-009 -3.700590190336751e+002 3.499070326992265e+001
3.976530612244898e+000 9.433252046164853e-008 -3.700592850049293e+002 3.443837083611195e+001
4.418367346938775e+000 -2.078176208897276e-008 -3.700595676487206e+002 3.384477809486201e+001
4.860204081632653e+000 -4.460354645630105e-007 -3.700598671024221e+002 3.323621634364366e+001
5.302040816326531e+000 -2.516637707117297e-007 -3.700601829957325e+002 3.261271928164232e+001
5.743877551020408e+000 -4.555950390283670e-007 -3.700605160207237e+002 3.196818856847697e+001
6.185714285714286e+000 -1.696691143138196e-008 -3.700608656207020e+002 3.128055298598321e+001
6.627551020408164e+000 -2.217824821570957e-007 -3.700612325515676e+002 3.068629358141999e+001
7.069387755102041e+000 -2.065581661270244e-007 -3.700616167936424e+002 2.987338071378083e+001
7.511224489795919e+000 -9.249385257703580e-008 -3.700620185406743e+002 2.904340901251032e+001
7.953061224489797e+000 -1.738922250638098e-007 -3.700624382476786e+002 2.851218931179548e+001
8.394897959183673e+000 2.534930629849441e-007 -3.700628755369976e+002 2.760347527010423e+001
8.836734693877551e+000 1.728944063472682e-007 -3.700633314215276e+002 2.658771684926586e+001
9.278571428571429e+000 1.490762642220034e-007 -3.700638057015444e+002 2.556071858543621e+001
9.720408163265306e+000 1.549083705754129e-007 -3.700642994868927e+002 2.468033997863514e+001
1.016224489795918e+001 -1.261151822973261e-007 -3.700648120191137e+002 2.366138300146412e+001
1.060408163265306e+001 1.042859310018685e-007 -3.700653449509489e+002 2.257740790717689e+001
1.104591836734694e+001 3.944524706867014e-009 -3.700658981137068e+002 2.151029548762179e+001
1.148775510204082e+001 -2.100491514056557e-007 -3.700664720354837e+002 2.041924534827664e+001
1.192959183673469e+001 3.308406171242950e-007 -3.700670688423468e+002 1.927150852226171e+001
1.237142857142857e+001 7.443546934382539e-008 -3.700676865797158e+002 1.804557448593369e+001
1.281326530612245e+001 6.964916110518971e-008 -3.700683278171285e+002 1.672824237296982e+001
1.325510204081633e+001 5.829124205547487e-007 -3.700689928324748e+002 1.543283350091119e+001
1.369693877551021e+001 -4.544838390074801e-007 -3.700696825148217e+002 1.391004008761069e+001
1.413877551020408e+001 -3.563824826358086e-007 -3.700703979308661e+002 1.188950008797141e+001
1.458061224489796e+001 1.129852584824675e-007 -3.700711406431663e+002 1.045839956222832e+001
1.502244897959184e+001 1.623200809319769e-007 -3.700719108547573e+002 9.419074327050360e+000
1.546428571428572e+001 1.312401103348293e-007 -3.700727098211646e+002 8.306422892269097e+000
1.590612244897959e+001 2.513921160129939e-008 -3.700735391359013e+002 6.452003626881904e+000
1.634795918367347e+001 1.251326864348812e-008 -3.700744003087330e+002 4.603265402473863e+000
1.678979591836735e+001 1.103544633451747e-008 -3.700752947029048e+002 3.047785084720374e+000
1.723163265306122e+001 5.822224480311888e-008 -3.700762234173887e+002 2.053713629225811e+000
1.767346938775510e+001 -6.602302349278943e-008 -3.700771898187018e+002 1.049624434140561e+000
1.811530612244897e+001 5.608040254401203e-009 -3.700781936194563e+002 -6.041287249753680e-002
1.855714285714285e+001 5.041741957256818e-008 -3.700792382496746e+002 -1.345322552922184e+000
1.899897959183673e+001 -7.273285973496968e-008 -3.700803261688491e+002 -1.997843839713603e+000
1.944081632653060e+001 2.504030405248159e-008 -3.700814586798080e+002 -2.622384211376279e+000
1.988265306122448e+001 3.549615001929851e-008 -3.700826385554011e+002 -3.184379846703841e+000
2.032448979591835e+001 2.747625913457341e-007 -3.700838683972692e+002 -3.449528417942965e+000
2.076632653061223e+001 -6.745158032117615e-008 -3.700851525978619e+002 -3.579732749211829e+000
2.120816326530611e+001 -1.832564713311058e-007 -3.700864918310950e+002 -3.047688633952170e+000
2.164999999999998e+001 -1.305256134287447e-007 -3.700878904167093e+002 -2.428248408416671e+000
