---- AnyBody Output File ---------------------------------
Study: Main.Study
Operation: Main.Study.InverseDynamics
----------------------------------------------------------
Constants (Name = Value): 
Main.Model.ModelEnvironmentConnection.JointAngleOutputs.OutputFile1.FileName = "output-med-euler-contactforce-moments.txt"
Main.Model.ModelEnvironmentConnection.JointAngleOutputs.OutputFile1.NumberFormat.Digits = 15
Main.Model.ModelEnvironmentConnection.JointAngleOutputs.OutputFile1.NumberFormat.Width = 22
Main.Model.ModelEnvironmentConnection.JointAngleOutputs.OutputFile1.NumberFormat.Style = ScientificNumber
Main.Model.ModelEnvironmentConnection.JointAngleOutputs.OutputFile1.NumberFormat.FormatStr = "%22.15e"
Main.Model.ModelEnvironmentConnection.JointAngleOutputs.OutputFile1.Search = 
Main.Model.ModelEnvironmentConnection.JointAngleOutputs.OutputFile1.SepSign = " "
Main.Model.ModelEnvironmentConnection.JointAngleOutputs.OutputFile1.LineSepSign = ""
Main.Model.ModelEnvironmentConnection.JointAngleOutputs.OutputFile1.Header.TitleSectionOnOff = On
Main.Model.ModelEnvironmentConnection.JointAngleOutputs.OutputFile1.Header.ConstSectionOnOff = On
Main.Model.ModelEnvironmentConnection.JointAngleOutputs.OutputFile1.Header.VarSectionOnOff = On
Main.Model.ModelEnvironmentConnection.JointAngleOutputs.OutputFile1.Header.ColumnNamesOnOff = On
Main.Model.ModelEnvironmentConnection.JointAngleOutputs.OutputFile1.Header.LinePrefix = ""
----------------------------------------------------------
Variables (Column# Name): 
col0  Main.Study.t
col1  Main.Model.ModelEnvironmentConnection.JointAngleOutputs.OutputFile1.Force4
col2  Main.Model.ModelEnvironmentConnection.JointAngleOutputs.OutputFile1.Force5
col3  Main.Model.ModelEnvironmentConnection.JointAngleOutputs.OutputFile1.Force6
----------------------------------------------------------
Main.Study.t Main.Model.ModelEnvironmentConnection.JointAngleOutputs.OutputFile1.Force4 Main.Model.ModelEnvironmentConnection.JointAngleOutputs.OutputFile1.Force5 Main.Model.ModelEnvironmentConnection.JointAngleOutputs.OutputFile1.Force6
0.000000000000000e+000 3.351531021307252e-004 -1.075467863722430e-001 -1.559614832927641e+001
4.418367346938775e-001 3.321575541983535e-004 -1.549270724768830e-001 -1.550006334654133e+001
8.836734693877550e-001 3.288339806175600e-004 -2.061029195263755e-001 -1.541167131916158e+001
1.325510204081632e+000 3.251500703731480e-004 -2.331554059468592e-001 -1.532519090579550e+001
1.767346938775510e+000 3.211854517441992e-004 -3.513972282712445e-001 -1.514232286964893e+001
2.209183673469388e+000 3.165681103078910e-004 -4.406600113310843e-001 -1.498536266230412e+001
2.651020408163265e+000 3.114959243735171e-004 -5.000209584221009e-001 -1.485767237722005e+001
3.092857142857143e+000 3.058279184795509e-004 -5.447479987455624e-001 -1.474582627307600e+001
3.534693877551021e+000 2.994531048603477e-004 -5.903952854571557e-001 -1.464059360256806e+001
3.976530612244898e+000 2.923410591701980e-004 -5.962454901351197e-001 -1.456900646362981e+001
4.418367346938775e+000 2.844658837384273e-004 -5.930624033539620e-001 -1.451241465718290e+001
4.860204081632653e+000 2.757716051950965e-004 -5.634098572216861e-001 -1.448299615405867e+001
5.302040816326531e+000 2.659574100549733e-004 -4.933649714414030e-001 -1.449310406259924e+001
5.743877551020408e+000 2.551839375977139e-004 -3.640333588024838e-001 -1.455899302559201e+001
6.185714285714286e+000 2.430206202870267e-004 -1.848192043896386e-001 -1.466945576119560e+001
6.627551020408164e+000 2.297904493895331e-004 -2.315435600456635e-001 -1.458336145053065e+001
7.069387755102041e+000 2.151259595697397e-004 -1.298826752092568e-001 -1.465562269368023e+001
7.511224489795919e+000 1.989489888840623e-004 -2.794533432807000e-002 -1.471734981024749e+001
7.953061224489797e+000 1.810103081183456e-004 -8.000606279469835e-002 -1.454943951115857e+001
8.394897959183673e+000 1.616420288703679e-004 -3.312656322637286e-002 -1.447413937341061e+001
8.836734693877551e+000 1.403351465034675e-004 7.209209581661114e-002 -1.443923210525651e+001
9.278571428571429e+000 1.170794722007429e-004 1.820967523044876e-001 -1.439479080431161e+001
9.720408163265306e+000 9.165241709663263e-005 3.590806810541904e-001 -1.437161804072876e+001
1.016224489795918e+001 6.413914500313922e-005 4.569243169538177e-001 -1.429775769973031e+001
1.060408163265306e+001 3.406420157503476e-005 5.530763939381762e-001 -1.421837925963669e+001
1.104591836734694e+001 1.563753238009724e-006 7.108400746907964e-001 -1.416849713570561e+001
1.148775510204082e+001 -3.354779445974288e-005 9.040196898300321e-001 -1.413685274529929e+001
1.192959183673469e+001 -7.191126884897869e-005 1.122938798322931e+000 -1.411586911652001e+001
1.237142857142857e+001 -1.128386766779954e-004 1.364924269925798e+000 -1.410602856767726e+001
1.281326530612245e+001 -1.570941518442837e-004 1.630154800097149e+000 -1.411494339280432e+001
1.325510204081633e+001 -2.048380962120788e-004 1.668017865955438e+000 -1.397022137128201e+001
1.369693877551021e+001 -2.556807334324063e-004 1.690599755146658e+000 -1.384276868767815e+001
1.413877551020408e+001 -3.106052188899255e-004 1.843594358281916e+000 -1.387608485546219e+001
1.458061224489796e+001 -3.697634485400059e-004 2.034963704735196e+000 -1.388927105152192e+001
1.502244897959184e+001 -4.329142277912368e-004 2.336708677377727e+000 -1.397834741906921e+001
1.546428571428572e+001 -5.004005345821128e-004 2.660595827507203e+000 -1.409103504666962e+001
1.590612244897959e+001 -5.725664991551582e-004 3.193673541385870e+000 -1.442121349656361e+001
1.634795918367347e+001 -6.497678570509535e-004 3.727009575261877e+000 -1.475799367500559e+001
1.678979591836735e+001 -7.322527905913034e-004 4.257905895557594e+000 -1.507166304913013e+001
1.723163265306122e+001 -8.201607854516624e-004 4.676380378293061e+000 -1.530570649956881e+001
1.767346938775510e+001 -9.143916595961699e-004 5.120386166569493e+000 -1.558517959771050e+001
1.811530612244897e+001 -1.014641570575847e-003 5.579434253963346e+000 -1.589938973992623e+001
1.855714285714285e+001 -1.121818080062731e-003 6.056804038732269e+000 -1.625687975143023e+001
1.899897959183673e+001 -1.236459842528959e-003 6.454650029359318e+000 -1.653208138729304e+001
1.944081632653060e+001 -1.358855835926320e-003 6.837830644469574e+000 -1.679774285574358e+001
1.988265306122448e+001 -1.489573560793822e-003 7.223030989289363e+000 -1.710516902341949e+001
2.032448979591835e+001 -1.629341844702203e-003 7.804303460874056e+000 -1.750168079270224e+001
2.076632653061223e+001 -1.779336205451898e-003 8.275597966404503e+000 -1.779691465610837e+001
2.120816326530611e+001 -1.939819684864119e-003 8.580639060086293e+000 -1.775577980127719e+001
2.164999999999998e+001 -2.111952812320794e-003 8.852184089997083e+000 -1.771563096967901e+001
