---- AnyBody Output File ---------------------------------
Study: Main.Study
Operation: Main.Study.InverseDynamics
----------------------------------------------------------
Constants (Name = Value): 
Main.Model.ModelEnvironmentConnection.JointAngleOutputs.OutputFile1.FileName = "output-euler-foot-red-rot.txt"
Main.Model.ModelEnvironmentConnection.JointAngleOutputs.OutputFile1.NumberFormat.Digits = 15
Main.Model.ModelEnvironmentConnection.JointAngleOutputs.OutputFile1.NumberFormat.Width = 22
Main.Model.ModelEnvironmentConnection.JointAngleOutputs.OutputFile1.NumberFormat.Style = ScientificNumber
Main.Model.ModelEnvironmentConnection.JointAngleOutputs.OutputFile1.NumberFormat.FormatStr = "%22.15e"
Main.Model.ModelEnvironmentConnection.JointAngleOutputs.OutputFile1.Search = 
Main.Model.ModelEnvironmentConnection.JointAngleOutputs.OutputFile1.SepSign = " "
Main.Model.ModelEnvironmentConnection.JointAngleOutputs.OutputFile1.LineSepSign = ""
Main.Model.ModelEnvironmentConnection.JointAngleOutputs.OutputFile1.Header.TitleSectionOnOff = On
Main.Model.ModelEnvironmentConnection.JointAngleOutputs.OutputFile1.Header.ConstSectionOnOff = On
Main.Model.ModelEnvironmentConnection.JointAngleOutputs.OutputFile1.Header.VarSectionOnOff = On
Main.Model.ModelEnvironmentConnection.JointAngleOutputs.OutputFile1.Header.ColumnNamesOnOff = On
Main.Model.ModelEnvironmentConnection.JointAngleOutputs.OutputFile1.Header.LinePrefix = ""
----------------------------------------------------------
Variables (Column# Name): 
col0  Main.Study.t
col1  Main.Model.ModelEnvironmentConnection.JointAngleOutputs.OutputFile1.FootPosX
col2  Main.Model.ModelEnvironmentConnection.JointAngleOutputs.OutputFile1.FootPosY
col3  Main.Model.ModelEnvironmentConnection.JointAngleOutputs.OutputFile1.FootPosZ

----------------------------------------------------------
Main.Study.t Main.Model.ModelEnvironmentConnection.JointAngleOutputs.OutputFile1.FootPosX Main.Model.ModelEnvironmentConnection.JointAngleOutputs.OutputFile1.FootPosY Main.Model.ModelEnvironmentConnection.JointAngleOutputs.OutputFile1.FootPosZ 
0.000000000000000e+000 -4.136197901307316e-001 7.899131592845936e-001 6.748249410399122e-002 
4.418367346938775e-001 -4.124379828545064e-001 7.907410322108404e-001 6.748248188040790e-002 
8.836734693877550e-001 -4.112551125467625e-001 7.915668657387424e-001 6.748247754351400e-002 
1.325510204081632e+000 -4.100711765638672e-001 7.923906603174695e-001 6.748247641749348e-002 
1.767346938775510e+000 -4.088861731091337e-001 7.932124162167290e-001 6.748247534782530e-002 
2.209183673469388e+000 -4.077001027245049e-001 7.940321332864025e-001 6.748247534781307e-002 
2.651020408163265e+000 -4.065129653730477e-001 7.948498114587858e-001 6.748247641745173e-002 
3.092857142857143e+000 -4.053247610566131e-001 7.956654506427031e-001 6.748247864019298e-002 
3.534693877551021e+000 -4.041354878190428e-001 7.964790510453084e-001 6.748247864017899e-002 
3.976530612244898e+000 -4.029451456296038e-001 7.972906125361925e-001 6.748247647376478e-002 
4.418367346938775e+000 -4.017537356682953e-001 7.981001347777927e-001 6.748247435962219e-002 
4.860204081632653e+000 -4.005612584302015e-001 7.989076175311424e-001 6.748247331513327e-002 
5.302040816326531e+000 -3.993677163239225e-001 7.997130602507950e-001 6.748247776527429e-002 
5.743877551020408e+000 -3.981731024252612e-001 8.005164638076895e-001 6.748247559885925e-002 
6.185714285714286e+000 -3.969774209799568e-001 8.013178273322527e-001 6.748247452919176e-002 
6.627551020408164e+000 -3.957806730263647e-001 8.021171504445050e-001 6.748247659464564e-002 
7.069387755102041e+000 -3.945828561145944e-001 8.029144332653772e-001 6.748247766428531e-002 
7.511224489795919e+000 -3.933839719321260e-001 8.037096752848941e-001 6.748248095667968e-002 
7.953061224489797e+000 -3.921840147195067e-001 8.045028770495044e-001 6.748247650651236e-002 
8.394897959183673e+000 -3.909829899886826e-001 8.052940374634481e-001 6.748247434009901e-002 
8.836734693877551e+000 -3.897808981561194e-001 8.060831561622448e-001 6.748247546609451e-002 
9.278571428571429e+000 -3.885777371563816e-001 8.068702331081068e-001 6.748247651055338e-002 
9.720408163265306e+000 -3.873735069116219e-001 8.076552679639116e-001 6.748247763654915e-002 
1.016224489795918e+001 -3.861682059427084e-001 8.084382605627090e-001 6.748247653978845e-002 
1.060408163265306e+001 -3.849618371601370e-001 8.092192101347323e-001 6.748247870617427e-002 
1.104591836734694e+001 -3.837543973036274e-001 8.099981167146464e-001 6.748247870616221e-002 
1.148775510204082e+001 -3.825458867736274e-001 8.107749798304670e-001 6.748247760940120e-002 
1.192959183673469e+001 -3.813363072165263e-001 8.115497988409729e-001 6.748247870613372e-002 
1.237142857142857e+001 -3.801256559348448e-001 8.123225736397880e-001 6.748247760937359e-002 
1.281326530612245e+001 -3.789139357525119e-001 8.130933034113390e-001 6.748247972348706e-002 
1.325510204081633e+001 -3.777011416113847e-001 8.138619882930482e-001 6.748247651259826e-002 
1.369693877551021e+001 -3.764872774681590e-001 8.146286273026659e-001 6.748247541583914e-002 
1.413877551020408e+001 -3.752723430990245e-001 8.153932199589987e-001 6.748247648547817e-002 
1.458061224489796e+001 -3.740563364138586e-001 8.161557659781091e-001 6.748247648546575e-002 
1.502244897959184e+001 -3.728392589135274e-001 8.169162646402497e-001 6.748247855091860e-002 
1.546428571428572e+001 -3.716211067609839e-001 8.176747158143450e-001 6.748247638450511e-002 
1.590612244897959e+001 -3.704018832840897e-001 8.184311185436894e-001 6.748247638449070e-002 
1.634795918367347e+001 -3.691815875532248e-001 8.191854723381673e-001 6.748247742895067e-002 
1.678979591836735e+001 -3.679602186881527e-001 8.199377766807283e-001 6.748247849859013e-002 
1.723163265306122e+001 -3.667377738467830e-001 8.206880312364958e-001 6.748247511807727e-002 
1.767346938775510e+001 -3.655142571333804e-001 8.214362349272333e-001 6.748247511806407e-002 
1.811530612244897e+001 -3.642896680398074e-001 8.221823871514959e-001 6.748247818254660e-002 
1.855714285714285e+001 -3.630640021590145e-001 8.229264876724163e-001 6.748247711287907e-002 
1.899897959183673e+001 -3.618372614950124e-001 8.236685355881889e-001 6.748247606838959e-002 
1.944081632653060e+001 -3.606094462686108e-001 8.244085301657115e-001 6.748247606837567e-002 
1.988265306122448e+001 -3.593805572977358e-001 8.251464706035474e-001 6.748247920348331e-002 
2.032448979591835e+001 -3.581505894407423e-001 8.258823566336302e-001 6.748247703706960e-002 
2.076632653061223e+001 -3.569195471427182e-001 8.266161870816708e-001 6.748247810670903e-002 
2.120816326530611e+001 -3.556874282164890e-001 8.273479613702861e-001 6.748247923270444e-002 
2.164999999999998e+001 -3.544542297339669e-001 8.280776789550908e-001 6.748247594028180e-002
