---- AnyBody Output File ---------------------------------
Study: Main.Study
Operation: Main.Study.InverseDynamics
----------------------------------------------------------
Constants (Name = Value): 
Main.Model.ModelEnvironmentConnection.JointAngleOutputs.OutputFile3.FileName = "output-med-euler-rightlegtd.txt"
Main.Model.ModelEnvironmentConnection.JointAngleOutputs.OutputFile3.NumberFormat.Digits = 15
Main.Model.ModelEnvironmentConnection.JointAngleOutputs.OutputFile3.NumberFormat.Width = 22
Main.Model.ModelEnvironmentConnection.JointAngleOutputs.OutputFile3.NumberFormat.Style = ScientificNumber
Main.Model.ModelEnvironmentConnection.JointAngleOutputs.OutputFile3.NumberFormat.FormatStr = "%22.15e"
Main.Model.ModelEnvironmentConnection.JointAngleOutputs.OutputFile3.Search = 
Main.Model.ModelEnvironmentConnection.JointAngleOutputs.OutputFile3.SepSign = " "
Main.Model.ModelEnvironmentConnection.JointAngleOutputs.OutputFile3.LineSepSign = ""
Main.Model.ModelEnvironmentConnection.JointAngleOutputs.OutputFile3.Header.TitleSectionOnOff = On
Main.Model.ModelEnvironmentConnection.JointAngleOutputs.OutputFile3.Header.ConstSectionOnOff = On
Main.Model.ModelEnvironmentConnection.JointAngleOutputs.OutputFile3.Header.VarSectionOnOff = On
Main.Model.ModelEnvironmentConnection.JointAngleOutputs.OutputFile3.Header.ColumnNamesOnOff = On
Main.Model.ModelEnvironmentConnection.JointAngleOutputs.OutputFile3.Header.LinePrefix = ""
----------------------------------------------------------
Variables (Column# Name): 
col0  Main.Study.t
col1  Main.Model.ModelEnvironmentConnection.JointAngleOutputs.OutputFile3.HipFlexion
col2  Main.Model.ModelEnvironmentConnection.JointAngleOutputs.OutputFile3.HipAbduction
col3  Main.Model.ModelEnvironmentConnection.JointAngleOutputs.OutputFile3.HipExternalRotation
----------------------------------------------------------
Main.Study.t Main.Model.ModelEnvironmentConnection.JointAngleOutputs.OutputFile3.HipFlexion Main.Model.ModelEnvironmentConnection.JointAngleOutputs.OutputFile3.HipAbduction Main.Model.ModelEnvironmentConnection.JointAngleOutputs.OutputFile3.HipExternalRotation
0.000000000000000e+000 2.443460952798353e-001 1.906688295524246e-001 3.807204084057783e-001
4.418367346938775e-001 2.657174733919315e-001 1.978747956077517e-001 3.784760340887978e-001
8.836734693877550e-001 2.870888519281037e-001 2.050530318626547e-001 3.761584615840039e-001
1.325510204081632e+000 3.084602304592753e-001 2.122038867869732e-001 3.737649245196972e-001
1.767346938775510e+000 3.298316089851259e-001 2.193275254596216e-001 3.712926324186323e-001
2.209183673469388e+000 3.512029875050367e-001 2.264239166724604e-001 3.687386688250509e-001
2.651020408163265e+000 3.725743660199758e-001 2.334928503772232e-001 3.661001740559622e-001
3.092857142857143e+000 3.939457445285250e-001 2.405339177284838e-001 3.633741804560418e-001
3.534693877551021e+000 4.153171230320895e-001 2.475465241146341e-001 3.605577006881042e-001
3.976530612244898e+000 4.366885015300210e-001 2.545298845641326e-001 3.576477194697285e-001
4.418367346938775e+000 4.580598800223729e-001 2.614830232681865e-001 3.546411884865830e-001
4.860204081632653e+000 4.794312585090094e-001 2.684047812250106e-001 3.515350421078327e-001
5.302040816326531e+000 5.008026369890085e-001 2.752937942512627e-001 3.483261395234270e-001
5.743877551020408e+000 5.221740154630484e-001 2.821485268634275e-001 3.450113834805839e-001
6.185714285714286e+000 5.435453939297990e-001 2.889672459683716e-001 3.415876178590069e-001
6.627551020408164e+000 5.649167723906257e-001 2.957480360255945e-001 3.380517032569119e-001
7.069387755102041e+000 5.862881508443123e-001 3.024887943704607e-001 3.344004531444589e-001
7.511224489795919e+000 6.076595292902290e-001 3.091872294992186e-001 3.306306814640529e-001
7.953061224489797e+000 6.290309077282111e-001 3.158408702771816e-001 3.267391925159067e-001
8.394897959183673e+000 6.504022861586103e-001 3.224470678471721e-001 3.227228149368058e-001
8.836734693877551e+000 6.717736645801014e-001 3.290029900657631e-001 3.185783294827096e-001
9.278571428571429e+000 6.931450429924989e-001 3.355056253615428e-001 3.143025298979922e-001
9.720408163265306e+000 7.145164213946645e-001 3.419517836121498e-001 3.098921848616989e-001
1.016224489795918e+001 7.358877997869303e-001 3.483381138154322e-001 3.053441113573114e-001
1.060408163265306e+001 7.572591781665843e-001 3.546610654122082e-001 3.006550244419146e-001
1.104591836734694e+001 7.786305565347360e-001 3.609169416178600e-001 2.958217186343974e-001
1.148775510204082e+001 8.000019348892167e-001 3.671018703192799e-001 2.908409380280552e-001
1.192959183673469e+001 8.213733132282730e-001 3.732117880745387e-001 2.857093475177597e-001
1.237142857142857e+001 8.427446915524166e-001 3.792425065799979e-001 2.804237339426370e-001
1.281326530612245e+001 8.641160698584486e-001 3.851896293977172e-001 2.749806972755224e-001
1.325510204081633e+001 8.854874481453293e-001 3.910486062006368e-001 2.693768577629059e-001
1.369693877551021e+001 9.068588264113187e-001 3.968147266354777e-001 2.636088082917210e-001
1.413877551020408e+001 9.282302046535881e-001 4.024830877427341e-001 2.576729887412550e-001
1.458061224489796e+001 9.496015828695769e-001 4.080486268275216e-001 2.515658048723442e-001
1.502244897959184e+001 9.709729610573502e-001 4.135061051029604e-001 2.452835750464297e-001
1.546428571428572e+001 9.923443392134597e-001 4.188500897705306e-001 2.388224516715529e-001
1.590612244897959e+001 1.013715717334117e+000 4.240749595852816e-001 2.321784332736874e-001
1.634795918367347e+001 1.035087095415241e+000 4.291748863126740e-001 2.253473274353084e-001
1.678979591836735e+001 1.056458473452747e+000 4.341438359239004e-001 2.183247280110596e-001
1.723163265306122e+001 1.077829851441279e+000 4.389755428270059e-001 2.111059628878067e-001
1.767346938775510e+001 1.099201229375108e+000 4.436634835233756e-001 2.036860085740617e-001
1.811530612244897e+001 1.120572607248238e+000 4.482008836879338e-001 1.960595294508269e-001
1.855714285714285e+001 1.141943985052937e+000 4.525806614421083e-001 1.882206973811869e-001
1.899897959183673e+001 1.163315362781215e+000 4.567954060978648e-001 1.801631841598841e-001
1.944081632653060e+001 1.184686740423882e+000 4.608373458755193e-001 1.718800739990096e-001
1.988265306122448e+001 1.206058117970519e+000 4.646982912896382e-001 1.633637264339041e-001
2.032448979591835e+001 1.227429495409077e+000 4.683695852866726e-001 1.546056734182786e-001
2.076632653061223e+001 1.248800872726767e+000 4.718420302984080e-001 1.455964567420807e-001
2.120816326530611e+001 1.270172249909016e+000 4.751058239911631e-001 1.363255152183822e-001
2.164999999999998e+001 1.291543626939012e+000 4.781504462503369e-001 1.267809205701778e-001
