-0.06	-0.237604791
-0.05 -0.237248455
-0.04 -0.238388730
-0.03 -0.238032394
-0.02 -0.236464516
-0.01 -0.233400027
0.000 -0.230264271
0.010 -0.225988240
0.020 -0.222567415
0.030 -0.217151109
0.040 -0.211734803
0.050 -0.209525521
0.060 -0.208242711
0.070 -0.215868300
0.080 -0.224135293
0.090 -0.232972424
0.100 -0.246940792
0.110 -0.264686321
0.120 -0.280578903
0.130 -0.295687546
0.140 -0.308444372
0.150 -0.318136709
0.160 -0.322341473
0.170 -0.320060923
0.180 -0.313789411
0.190 -0.304952280
0.200 -0.289843637
0.210 -0.278227086
0.220 -0.267822077
0.230 -0.260053954
0.240 -0.250789220