0.00000000 0.000000000
0.01212895 0.000000000
0.02469677 0.000000000
0.03379348 0.000000000
0.04029684 0.000000000
0.04033673 0.163673574
0.04073571 0.373548222
0.04117459 0.575901765
0.04245132 0.754617549
0.04332907 0.883192632
0.04428662 0.797237145
0.04508458 0.696239447
0.04524417 0.544742901
0.04636131 0.400767460
0.04727896 0.641800972
0.04939355 0.521463290
0.05198691 0.575543617
0.05286466 0.478485546
0.05545802 0.606702481
0.05633578 0.824456383
0.05645547 1.089127654
0.05849026 1.287899719
0.06068464 1.057968790
0.06152250 0.871373753
0.06587136 0.684778716
0.07105809 0.871373753
0.07624481 1.050089537
0.08059368 1.155385009
0.08406479 1.155385009
0.08753590 1.174724994
0.09100702 1.233103095
0.09922598 1.295062676
0.10788381 1.314760808
0.11698053 1.279662318
0.12607724 1.194064978
0.13345834 1.089127654
0.14123843 0.968431824
0.14778167 0.828396009
0.15380625 0.708058327
0.16074848 0.544742901
0.16940632 0.412228191
0.17375518 0.315170120
0.17678742 0.307290867
0.18197414 0.276132003
0.18975422 0.218112049
0.19885094 0.202711691
0.20750877 0.241391660
0.21185764 0.303351241
0.21401212 0.377487849
0.21664538 0.381785623
0.21840089 0.357789716
0.22039578 0.171194679
0.22183211 0.011818880
0.23356208 0.015758506
0.25000000 0.000000000