  0.0000000e+000 -1.0837766e+000  1.6321371e+000  4.8155294e+000
  2.0487805e-002  2.0879797e+001  2.3465551e+001  5.5615875e+002
  4.0975610e-002 -8.5697544e+001  1.1654032e+001  2.9374729e+002
  6.1463415e-002 -4.5731041e+001  5.9272348e+000  1.7091640e+002
  8.1951220e-002 -6.8414732e+001 -4.0946599e+000  2.5606054e+002
  1.0243902e-001 -1.1054159e+002 -1.7337878e+001  3.6632919e+002
  1.2292683e-001 -1.4330692e+002 -1.1969006e+001  4.1797400e+002
  1.4341463e-001 -1.3214510e+002 -1.4474479e+001  4.6822300e+002
  1.6390244e-001 -1.2494393e+002 -1.2684855e+001  4.7101461e+002
  1.8439024e-001 -1.1810282e+002 -1.9843352e+001  4.8078525e+002
  2.0487805e-001 -1.0118006e+002 -1.6979953e+001  4.9474330e+002
  2.2536585e-001 -8.6417661e+001 -1.5548254e+001  5.1149297e+002
  2.4585366e-001 -8.3897251e+001 -1.1969006e+001  5.2963845e+002
  2.6634146e-001 -8.0296665e+001 -1.3042780e+001  5.4499231e+002
  2.8682927e-001 -8.4257309e+001 -1.1253156e+001  5.6592939e+002
  3.0731707e-001 -8.4257309e+001 -1.1969006e+001  5.8547067e+002
  3.2780488e-001 -7.6696079e+001 -1.3758630e+001  5.9244970e+002
  3.4829268e-001 -7.3455552e+001 -1.2684855e+001  5.9663712e+002
  3.6878049e-001 -7.7416196e+001 -1.1969006e+001  6.0222034e+002
  3.8926829e-001 -8.1376841e+001 -1.0179382e+001  6.0919937e+002
  4.0975610e-001 -8.8217954e+001 -9.4635321e+000  6.0919937e+002
  4.3024390e-001 -9.0738364e+001 -9.4635321e+000  6.0919937e+002
  4.5073171e-001 -9.4338950e+001 -8.7476824e+000  6.0780356e+002
  4.7121951e-001 -1.0045995e+002 -1.0179382e+001  6.0361614e+002
  4.9170732e-001 -1.0658094e+002 -1.3042780e+001  5.8965809e+002
  5.1219512e-001 -1.0838123e+002 -1.6979953e+001  5.7849164e+002
  5.3268293e-001 -1.1594246e+002 -1.6264103e+001  5.6592939e+002
  5.5317073e-001 -1.2494393e+002 -1.5190329e+001  5.4778392e+002
  5.7365854e-001 -1.3214510e+002 -1.4832404e+001  5.4080489e+002
  5.9414634e-001 -1.4330692e+002 -1.4116555e+001  5.3382586e+002
  6.1463415e-001 -1.5266844e+002 -1.7337878e+001  5.1986781e+002
  6.3512195e-001 -1.6094979e+002 -1.8053728e+001  5.2405522e+002
  6.5560976e-001 -1.7535213e+002 -1.9843352e+001  5.2545103e+002
  6.7609756e-001 -1.9263494e+002 -1.9485427e+001  5.2265942e+002
  6.9658537e-001 -2.1171805e+002 -2.0559201e+001  5.2684683e+002
  7.1707317e-001 -2.3296150e+002 -1.9485427e+001  5.2545103e+002
  7.3756098e-001 -2.4880408e+002 -1.9127502e+001  5.1707619e+002
  7.5804878e-001 -2.4592361e+002 -1.4116555e+001  4.8776428e+002
  7.7853659e-001 -2.1171805e+002 -1.0537307e+001  4.0401594e+002
  7.9902439e-001 -1.2818446e+002 -2.6629607e+000  2.6303957e+002
  8.1951220e-001 -2.0526940e+001  5.5693100e+000  9.6938701e+001
  8.4000000e-001 -1.4438351e+000  1.6321371e+000  4.8155294e+000
