0.0000000000000 -0.5411735516035 -0.4709030866911 0.6317507172446 0.2521540677848 -0.5890194993599 1.5618151005627 -0.6616786735534 0.0524657962652 0.0683106984884 -0.9347321458260 2.0988886807693 -0.7926191657486 0.4421811513468 -0.3425440938187 -0.2998283966041 -0.5376002747263 1.4916897280948 -0.1951139155959 
0.0200000000000 -0.5197761716978 -0.4729324041806 0.6170673426743 0.2453696593154 -0.5886397900668 1.5656805460953 -0.6683938106984 0.0467615939224 0.0760770120170 -0.9934830571178 2.0800021057137 -0.7887161827118 0.4668588158753 -0.3153218642721 -0.2965337381178 -0.6301878339940 1.4874980190425 -0.1583580092869 
0.0400000000000 -0.4982178562680 -0.4750326412949 0.6016853874114 0.2349716912864 -0.5878323152819 1.5704680324574 -0.6769325169230 0.0424159307167 0.0832150712576 -1.0488856032247 2.0548265511215 -0.7855207258088 0.4965055631183 -0.2839702463374 -0.2901877990228 -0.7315786179223 1.4852564110047 -0.1327809006821 
0.0600000000000 -0.4765904853533 -0.4772892927625 0.5855689643576 0.2218913171241 -0.5866896365457 1.5753455878981 -0.6875376179390 0.0380548821832 0.0898724864314 -1.1002743784378 2.0246726099975 -0.7854881973522 0.5322570623757 -0.2508433131591 -0.2809401891903 -0.8418650994604 1.4865384846766 -0.1087926050253 
0.0800000000000 -0.4549800795118 -0.4797820522933 0.5688246012118 0.2089566306361 -0.5860409182275 1.5789610423811 -0.7009633241725 0.0316482743347 0.0966313629085 -1.1473977542990 1.9944579933194 -0.7820671888806 0.5716813427415 -0.2202733018958 -0.2700884511577 -0.9565684781586 1.4925845133113 -0.0780926882933 
0.1000000000000 -0.4335205879779 -0.4824664838846 0.5517032479671 0.1985307675148 -0.5862069744066 1.5798955245239 -0.7169021155923 0.0224696037435 0.1043025663418 -1.1909558894018 1.9688279629398 -0.7655510584799 0.6115213654706 -0.1955692756130 -0.2585931358687 -1.0706247971457 1.5046547542236 -0.0366574115606 
0.1200000000000 -0.4124270942021 -0.4852020436320 0.5345636018737 0.1920102065038 -0.5867963356892 1.5771887416520 -0.7341455767746 0.0110157437840 0.1134972238326 -1.2319476344257 1.9513088070811 -0.7265566169596 0.6490573891143 -0.1783122721672 -0.2471525543962 -1.1796865035319 1.5245608083173 0.0126384544010 
0.1400000000000 -0.3920159728959 -0.4878125552077 0.5177950034521 0.1895570073787 -0.5867687360465 1.5707202478887 -0.7510944531023 -0.0013342797665 0.1243407899377 -1.2708573881970 1.9435414157124 -0.6614814022891 0.6830800439210 -0.1681381986948 -0.2360622375277 -1.2809862772884 1.5544877893339 0.0605393721937 
0.1600000000000 -0.3726381994920 -0.4901667586765 0.5017035282401 0.1900990955533 -0.5849781825537 1.5614557418722 -0.7667081464596 -0.0127986162646 0.1363709747411 -1.3068571940089 1.9438578466774 -0.5792574483865 0.7140114983189 -0.1631054226483 -0.2252255406306 -1.3735061650209 1.5949779210846 0.0957958239723 
0.1800000000000 -0.3545378320957 -0.4922316321670 0.4864171407960 0.1918524360680 -0.5809342214418 1.5511142080722 -0.7810710920369 -0.0217057016925 0.1487407137848 -1.3380846371323 1.9471773588078 -0.5005715360857 0.7430384839295 -0.1608811246073 -0.2144330907628 -1.4575443262856 1.6428563352728 0.1137849582188 
0.2000000000000 -0.3378576056726 -0.4940343413164 0.4719593968161 0.1932291683280 -0.5748908217341 1.5413000945085 -0.7946759064278 -0.0268208031993 0.1606536878653 -1.3630703777955 1.9489608859047 -0.4438225687668 0.7709490942189 -0.1599540884271 -0.2036420737804 -1.5335672126645 1.6927760106460 0.1193868087559 
0.2200000000000 -0.3226268460473 -0.4956226720286 0.4582947634472 0.1933030431110 -0.5676844810018 1.5330114913996 -0.8080114653363 -0.0276806545592 0.1716841264625 -1.3816496368877 1.9481339255718 -0.4132923466768 0.7977260835782 -0.1597553159404 -0.1930812040933 -1.6019914629375 1.7398316572254 0.1214062974351 
0.2400000000000 -0.3087726706778 -0.4970243779601 0.4453670734594 0.1919021891252 -0.5603888556844 1.5264371958923 -0.8214694633180 -0.0245490683607 0.1818431769882 -1.3947384154237 1.9456356582742 -0.4023598747386 0.8227663788442 -0.1603216559184 -0.1831472415983 -1.6633626704562 1.7815219972080 0.1258373399127 
0.2600000000000 -0.2961763001516 -0.4982208156450 0.4331566409295 0.1893838458782 -0.5538971405992 1.5211502301713 -0.8352220862459 -0.0182565296939 0.1912990025856 -1.4037122712478 1.9423011846712 -0.4016970268148 0.8453749960515 -0.1618515848533 -0.1742439834158 -1.7183687707476 1.8177487924999 0.1334142201210 
0.2800000000000 -0.2847424697081 -0.4991562634725 0.4217285056690 0.1862771946838 -0.5486438900514 1.5165283263606 -0.8491157198456 -0.0100741877931 0.2000812765973 -1.4099138059640 1.9384421017219 -0.4035819913580 0.8651510437790 -0.1643922909608 -0.1666304868752 -1.7676339395620 1.8494767821383 0.1415549148733 
0.3000000000000 -0.2744420427333 -0.4997735828095 0.4112409593293 0.1829732145840 -0.5445861000097 1.5121151537404 -0.8626954853988 -0.0013966322281 0.2080331040012 -1.4143716632923 1.9343663678518 -0.4026970620266 0.8820521109852 -0.1677398232494 -0.1602947647781 -1.8114869871754 1.8774990562643 0.1474715506120 
0.3200000000000 -0.2653023523514 -0.5000479841290 0.4019057353228 0.1795709948718 -0.5414001917121 1.5077585144092 -0.8753643237621 0.0067344317768 0.2149671768412 -1.4177139822743 1.9308280458464 -0.3954675399540 0.8962186501420 -0.1714946330245 -0.1549080928400 -1.8499145792607 1.9020634856242 0.1497656031314 
0.3400000000000 -0.2573546137951 -0.4999943784689 0.3939226469397 0.1759209764128 -0.5387319514603 1.5035395988952 -0.8866003223644 0.0139340231758 0.2207986903164 -1.4201876069093 1.9289124045468 -0.3795983797397 0.9077902357732 -0.1751829681672 -0.1499248563028 -1.8827338276248 1.9231809241171 0.1481941736178 
0.3600000000000 -0.2505796666648 -0.4996457125879 0.3874263540881 0.1718189665065 -0.5363456197666 1.4996109055170 -0.8961275773820 0.0203753248934 0.2255145805401 -1.4216968286251 1.9293967236960 -0.3546817525862 0.9168601033237 -0.1783908971363 -0.1448145450311 -1.9098279111154 1.9409942576861 0.1429699404745 
0.3800000000000 -0.2448971363748 -0.4990231464095 0.3824703925122 0.1672212104394 -0.5341324094186 1.4960533599992 -0.9039503381481 0.0264242708120 0.2290617399496 -1.4218740091232 1.9320742983314 -0.3233830441049 0.9235353696257 -0.1808826535538 -0.1392982924666 -1.9312569074110 1.9558171201331 0.1346364093627 
0.4000000000000 -0.2402111834448 -0.4981249945447 0.3790481641781 0.1623345413070 -0.5320454637840 1.4928063207653 -0.9102284472952 0.0323423081093 0.2313253262121 -1.4202523251673 1.9356528376342 -0.2915784217112 0.9279827337250 -0.1826668366975 -0.1334318782781 -1.9471806230053 1.9678788393161 0.1243603891555 
0.4200000000000 -0.2364807293334 -0.4969440942043 0.3771313051232 0.1575202846800 -0.5300517518451 1.4896766826935 -0.9150817327210 0.0382445817235 0.2322524199815 -1.4165337070504 1.9385046282603 -0.2660518811891 0.9303883949568 -0.1839711596476 -0.1274802641576 -1.9576841607817 1.9770277279599 0.1139207824364 
0.4400000000000 -0.2337603963299 -0.4954958321105 0.3767003936329 0.1530772991730 -0.5281484638936 1.4864141572059 -0.9184805841946 0.0442461286342 0.2320001306976 -1.4107937946360 1.9398172660196 -0.2506351221020 0.9308570379295 -0.1851203657753 -0.1216837719110 -1.9626637846320 1.9826304006157 0.1050884948816 
0.4600000000000 -0.2321799325578 -0.4938269555598 0.3777514820731 0.1490440519106 -0.5264261953756 1.4828337075480 -0.9203093291404 0.0506245861819 0.2309292780414 -1.4034392670343 1.9402166716347 -0.2439780203746 0.9293286857224 -0.1863694872787 -0.1160905121179 -1.9618679521782 1.9837553556957 0.0988954568187 
0.4800000000000 -0.2318776476367 -0.4919936819970 0.3802784413545 0.1451412047932 -0.5251103254276 1.4789398307731 -0.9205334389433 0.0578674140415 0.2294094549315 -1.3949165494433 1.9413801472195 -0.2410511526446 0.9255839666930 -0.1877786809311 -0.1105575041806 -1.9550570379674 1.9795514224223 0.0954992268763 
0.5000000000000 -0.2329362285845 -0.4900280066225 0.3842455070817 0.1408839953009 -0.5245179737692 1.4749751817740 -0.9193241115015 0.0665764900864 0.2276051743609 -1.3853784563885 1.9450263918192 -0.2369319370569 0.9193506019702 -0.1891908200770 -0.1048747903852 -1.9421602491970 1.9696308721828 0.0946637578351 
0.5200000000000 -0.2353605538327 -0.4879207507672 0.3895703737351 0.1357864489846 -0.5249347272222 1.4713431730782 -0.9170371940283 0.0773007500245 0.2254298902936 -1.3745610046629 1.9520773235964 -0.2295418832757 0.9104523577379 -0.1903059978081 -0.0988872984357 -1.9233280176507 1.9542682482337 0.0962197532138 
0.5400000000000 -0.2390999330089 -0.4856312714241 0.3961318115658 0.1295366227582 -0.5264872362266 1.4684360676967 -0.9140575744768 0.0903998721517 0.2226833061672 -1.3619584662701 1.9624048154082 -0.2197707456841 0.8989079149151 -0.1908020397407 -0.0925365885402 -1.8988658741174 1.9343248780094 0.0999896652715 
0.5600000000000 -0.2440877406731 -0.4831104253568 0.4037991751429 0.1220677282866 -0.5290975261745 1.4664652325579 -0.9106220069915 0.1059886524881 0.2192345078047 -1.3471528029996 1.9749977854406 -0.2101658527396 0.8849212754038 -0.1904516788372 -0.0858396990996 -1.8691088799923 1.9109533286347 0.1052974414865 
0.5800000000000 -0.2502707410039 -0.4803188251039 0.4124665680481 0.1135223414190 -0.5325388344085 1.4653966853250 -0.9067355092697 0.1239222582164 0.2150980202703 -1.3300727462939 1.9883424199704 -0.2037288153990 0.8687846913744 -0.1892011638625 -0.0788615042570 -1.8343040056110 1.8852038034899 0.1107198270388 
0.6000000000000 -0.2576187765168 -0.4772351211346 0.4220725575888 0.1041503162083 -0.5365349912189 1.4650333165833 -0.9022140865961 0.1437674739783 0.2103516392994 -1.3110470394773 2.0010051314485 -0.2030226600101 0.8507687827886 -0.1871865059012 -0.0717049630201 -1.7945322743453 1.8576295217873 0.1146766304421 
0.6200000000000 -0.2661213713756 -0.4738604416992 0.4325972719613 0.0941932545883 -0.5408332129132 1.4651863595585 -0.8968100686518 0.1647853225486 0.2049763815015 -1.2906494189047 2.0122996809864 -0.2091295768866 0.8310530851987 -0.1846842917151 -0.0645028766555 -1.7496737544328 1.8280011480385 0.1167245523291 
0.6400000000000 -0.2757819408291 -0.4702220450362 0.4440435543292 0.0838069767218 -0.5452450609196 1.4658135212929 -0.8903607720426 0.1860247413454 0.1987619384248 -1.2694259716889 2.0226658524106 -0.2206332678049 0.8096761223015 -0.1820316633140 -0.0574034313242 -1.6994126694320 1.7953179146161 0.1185792887706 
0.6600000000000 -0.2866183036642 -0.4663691993040 0.4564170199116 0.0730612848713 -0.5497182405375 1.4670223210110 -0.8829278701577 0.2065939660649 0.1913757101046 -1.2476271694296 2.0333971504811 -0.2336458933398 0.7864355091892 -0.1795756128373 -0.0505763019514 -1.6432695427101 1.7582442532922 0.1236918608591 
0.6800000000000 -0.2986756260620 -0.4623544054135 0.4697188940161 0.0620253542377 -0.5544689320356 1.4689303840155 -0.8748932734834 0.2260313446457 0.1825797930694 -1.2250479428317 2.0456982682442 -0.2436652110003 0.7607307017277 -0.1776871064756 -0.0442622397381 -1.5806136112397 1.7157862104581 0.1348655412814 
0.7000000000000 -0.3120635245789 -0.4582054913243 0.4839691765418 0.0509025411621 -0.5600723738363 1.4714635466489 -0.8668999826928 0.2445540270894 0.1724794757547 -1.2010474929092 2.0595822176917 -0.2484215115210 0.7314709927705 -0.1768427627222 -0.0388406886252 -1.5105242421578 1.6676521673590 0.1506370196281 
0.7200000000000 -0.3269818171699 -0.4539086960648 0.4992481523748 0.0401591088191 -0.5672727417185 1.4741573610314 -0.8594885264383 0.2629880067015 0.1617222897321 -1.1747800335544 2.0734275204507 -0.2494146851011 0.6973172049535 -0.1777886207850 -0.0348136652686 -1.4315107887159 1.6137935974664 0.1624194770382 
0.7400000000000 -0.3435931883704 -0.4494338774797 0.5156629012753 0.0305418447671 -0.5763090459482 1.4760840729329 -0.8525182275102 0.2822381746330 0.1515221973319 -1.1455961411843 2.0848739235092 -0.2501388337413 0.6575287304082 -0.1816953257202 -0.0325546332726 -1.3416690127518 1.5533753453121 0.1565056810797 
0.7600000000000 -0.3619842342748 -0.4447749054070 0.5333605726250 0.0229459320875 -0.5864578373480 1.4760655132333 -0.8448325437490 0.3027030226406 0.1433155739419 -1.1131652373153 2.0922222059953 -0.2529696557459 0.6122318705180 -0.1903309595933 -0.0321054853369 -1.2384761414915 1.4837262557849 0.1211692245002 
0.7800000000000 -0.3821090347535 -0.4399935303351 0.5524704124909 0.0183345930587 -0.5961469060349 1.4730296068619 -0.8346369284137 0.3240085541916 0.1384085330225 -1.0772436600541 2.0948663481891 -0.2579854591580 0.5620942748958 -0.2060162755436 -0.0332308173500 -1.1190873817352 1.4012109235863 0.0499049941223 
0.8000000000000 -0.4036577188948 -0.4352737684710 0.5729268106452 0.0176544868932 -0.6035888395293 1.4666491327870 -0.8206251897900 0.3448205276267 0.1374638771470 -1.0374107643056 2.0930050593408 -0.2635177461846 0.5079017808323 -0.2312035095467 -0.0357292389249 -0.9818268354713 1.3038084490220 -0.0585925947315 
