  0.0000000e+000  2.0307465e-001 -6.0147548e-001 -8.9037031e-002
  2.0487805e-002  2.1011764e-001 -5.9707284e-001 -1.0978246e-001
  4.0975610e-002  2.1630472e-001 -5.9260315e-001 -1.2795728e-001
  6.1463415e-002  2.2173838e-001 -5.8907157e-001 -1.4210616e-001
  8.1951220e-002  2.2613214e-001 -5.8708328e-001 -1.5186085e-001
  1.0243902e-001  2.2922759e-001 -5.8660930e-001 -1.5780096e-001
  1.2292683e-001  2.3106965e-001 -5.8711380e-001 -1.6096197e-001
  1.4341463e-001  2.3199181e-001 -5.8790189e-001 -1.6235545e-001
  1.6390244e-001  2.3241071e-001 -5.8844674e-001 -1.6274177e-001
  1.8439024e-001  2.3263200e-001 -5.8854389e-001 -1.6263209e-001
  2.0487805e-001  2.3278803e-001 -5.8828616e-001 -1.6236250e-001
  2.2536585e-001  2.3289132e-001 -5.8793044e-001 -1.6213705e-001
  2.4585366e-001  2.3291907e-001 -5.8773255e-001 -1.6204393e-001
  2.6634146e-001  2.3286255e-001 -5.8781701e-001 -1.6208342e-001
  2.8682927e-001  2.3272811e-001 -5.8813626e-001 -1.6221350e-001
  3.0731707e-001  2.3251699e-001 -5.8853304e-001 -1.6238953e-001
  3.2780488e-001  2.3222223e-001 -5.8885479e-001 -1.6257967e-001
  3.4829268e-001  2.3185803e-001 -5.8903491e-001 -1.6275804e-001
  3.6878049e-001  2.3149697e-001 -5.8909190e-001 -1.6289175e-001
  3.8926829e-001  2.3126632e-001 -5.8907330e-001 -1.6294049e-001
  4.0975610e-001  2.3128207e-001 -5.8900887e-001 -1.6287747e-001
  4.3024390e-001  2.3156196e-001 -5.8890802e-001 -1.6271833e-001
  4.5073171e-001  2.3199476e-001 -5.8878344e-001 -1.6252963e-001
  4.7121951e-001  2.3240368e-001 -5.8866304e-001 -1.6239987e-001
  4.9170732e-001  2.3265636e-001 -5.8857971e-001 -1.6238990e-001
  5.1219512e-001  2.3273137e-001 -5.8855498e-001 -1.6250174e-001
  5.3268293e-001  2.3269667e-001 -5.8859479e-001 -1.6268732e-001
  5.5317073e-001  2.3263843e-001 -5.8869189e-001 -1.6288237e-001
  5.7365854e-001  2.3261164e-001 -5.8882272e-001 -1.6303554e-001
  5.9414634e-001  2.3264100e-001 -5.8894205e-001 -1.6311915e-001
  6.1463415e-001  2.3274273e-001 -5.8899194e-001 -1.6312857e-001
  6.3512195e-001  2.3292786e-001 -5.8893394e-001 -1.6307397e-001
  6.5560976e-001  2.3318340e-001 -5.8878410e-001 -1.6296233e-001
  6.7609756e-001  2.3346081e-001 -5.8861762e-001 -1.6278650e-001
  6.9658537e-001  2.3370267e-001 -5.8853054e-001 -1.6255938e-001
  7.1707317e-001  2.3391485e-001 -5.8857882e-001 -1.6239063e-001
  7.3756098e-001  2.3424990e-001 -5.8873940e-001 -1.6250193e-001
  7.5804878e-001  2.3501258e-001 -5.8892071e-001 -1.6304304e-001
  7.7853659e-001  2.3647206e-001 -5.8901662e-001 -1.6373464e-001
  7.9902439e-001  2.3843734e-001 -5.8897114e-001 -1.6364077e-001
  8.1951220e-001  2.3973873e-001 -5.8882916e-001 -1.6144952e-001
  8.4000000e-001  2.3793994e-001 -5.8877516e-001 -1.5629007e-001
