  0.0000000e+000 -8.7417603e-001 -3.9171326e-001 -9.6589163e-002
  2.0487805e-002 -8.7016630e-001 -3.8930753e-001 -8.7919064e-002
  4.0975610e-002 -8.6465484e-001 -3.8586679e-001 -7.9237595e-002
  6.1463415e-002 -8.5775435e-001 -3.8133571e-001 -7.1251266e-002
  8.1951220e-002 -8.4965551e-001 -3.7590924e-001 -6.4204477e-002
  1.0243902e-001 -8.4054059e-001 -3.7006149e-001 -5.7891998e-002
  1.2292683e-001 -8.3061630e-001 -3.6442167e-001 -5.1959850e-002
  1.4341463e-001 -8.2021767e-001 -3.5956538e-001 -4.6256095e-002
  1.6390244e-001 -8.0985528e-001 -3.5584182e-001 -4.0963359e-002
  1.8439024e-001 -8.0012077e-001 -3.5332328e-001 -3.6437619e-002
  2.0487805e-001 -7.9148936e-001 -3.5187507e-001 -3.2920707e-002
  2.2536585e-001 -7.8415197e-001 -3.5127291e-001 -3.0372757e-002
  2.4585366e-001 -7.7799195e-001 -3.5128418e-001 -2.8532546e-002
  2.6634146e-001 -7.7271289e-001 -3.5167387e-001 -2.7106658e-002
  2.8682927e-001 -7.6802135e-001 -3.5216466e-001 -2.5907231e-002
  3.0731707e-001 -7.6374847e-001 -3.5242489e-001 -2.4853967e-002
  3.2780488e-001 -7.5986129e-001 -3.5214087e-001 -2.3904314e-002
  3.4829268e-001 -7.5639951e-001 -3.5115096e-001 -2.3021894e-002
  3.6878049e-001 -7.5341207e-001 -3.4954450e-001 -2.2211684e-002
  3.8926829e-001 -7.5093746e-001 -3.4763610e-001 -2.1552606e-002
  4.0975610e-001 -7.4901843e-001 -3.4582040e-001 -2.1156594e-002
  4.3024390e-001 -7.4771369e-001 -3.4440601e-001 -2.1071788e-002
  4.5073171e-001 -7.4708825e-001 -3.4353256e-001 -2.1220546e-002
  4.7121951e-001 -7.4719888e-001 -3.4319410e-001 -2.1439495e-002
  4.9170732e-001 -7.4809563e-001 -3.4331602e-001 -2.1595862e-002
  5.1219512e-001 -7.4983490e-001 -3.4382406e-001 -2.1688066e-002
  5.3268293e-001 -7.5247461e-001 -3.4467781e-001 -2.1856721e-002
  5.5317073e-001 -7.5603795e-001 -3.4587175e-001 -2.2305155e-002
  5.7365854e-001 -7.6046973e-001 -3.4741235e-001 -2.3186147e-002
  5.9414634e-001 -7.6562840e-001 -3.4928289e-001 -2.4519820e-002
  6.1463415e-001 -7.7132595e-001 -3.5141477e-001 -2.6182938e-002
  6.3512195e-001 -7.7738649e-001 -3.5368633e-001 -2.7977224e-002
  6.5560976e-001 -7.8368199e-001 -3.5595724e-001 -2.9748965e-002
  6.7609756e-001 -7.9013550e-001 -3.5812810e-001 -3.1498622e-002
  6.9658537e-001 -7.9670537e-001 -3.6019984e-001 -3.3411559e-002
  7.1707317e-001 -8.0336386e-001 -3.6229604e-001 -3.5780411e-002
  7.3756098e-001 -8.1007415e-001 -3.6461753e-001 -3.8857061e-002
  7.5804878e-001 -8.1677711e-001 -3.6733431e-001 -4.2717256e-002
  7.7853659e-001 -8.2341027e-001 -3.7046996e-001 -4.7211688e-002
  7.9902439e-001 -8.2995188e-001 -3.7385148e-001 -5.2026894e-002
  8.1951220e-001 -8.3643621e-001 -3.7715685e-001 -5.6822371e-002
  8.4000000e-001 -8.4288454e-001 -3.8002709e-001 -6.1371561e-002
