  0.0000000e+000 -5.6396472e-001 -3.1935149e-001  1.6512831e-001
  2.0487805e-002 -5.4394794e-001 -3.1685448e-001  1.5249103e-001
  4.0975610e-002 -5.2366769e-001 -3.1397408e-001  1.3923593e-001
  6.1463415e-002 -5.0344771e-001 -3.1133494e-001  1.2535889e-001
  8.1951220e-002 -4.8340553e-001 -3.0949542e-001  1.1087175e-001
  1.0243902e-001 -4.6361032e-001 -3.0880654e-001  9.5861562e-002
  1.2292683e-001 -4.4431672e-001 -3.0933908e-001  8.0541849e-002
  1.4341463e-001 -4.2606893e-001 -3.1088257e-001  6.5240748e-002
  1.6390244e-001 -4.0957201e-001 -3.1302157e-001  5.0322894e-002
  1.8439024e-001 -3.9541483e-001 -3.1528017e-001  3.6094312e-002
  2.0487805e-001 -3.8383579e-001 -3.1728345e-001  2.2745833e-002
  2.2536585e-001 -3.7467054e-001 -3.1885168e-001  1.0358908e-002
  2.4585366e-001 -3.6747703e-001 -3.1997517e-001 -1.0409727e-003
  2.6634146e-001 -3.6173123e-001 -3.2070020e-001 -1.1421444e-002
  2.8682927e-001 -3.5697994e-001 -3.2102454e-001 -2.0710040e-002
  3.0731707e-001 -3.5290354e-001 -3.2088831e-001 -2.8806983e-002
  3.2780488e-001 -3.4930965e-001 -3.2026112e-001 -3.5627007e-002
  3.4829268e-001 -3.4610486e-001 -3.1924093e-001 -4.1135628e-002
  3.6878049e-001 -3.4327468e-001 -3.1806922e-001 -4.5357719e-002
  3.8926829e-001 -3.4087056e-001 -3.1703803e-001 -4.8360579e-002
  4.0975610e-001 -3.3898690e-001 -3.1635422e-001 -5.0222352e-002
  4.3024390e-001 -3.3772364e-001 -3.1605497e-001 -5.0990816e-002
  4.5073171e-001 -3.3715191e-001 -3.1601954e-001 -5.0642818e-002
  4.7121951e-001 -3.3730716e-001 -3.1604907e-001 -4.9073398e-002
  4.9170732e-001 -3.3821496e-001 -3.1595525e-001 -4.6142709e-002
  5.1219512e-001 -3.3992511e-001 -3.1561679e-001 -4.1766480e-002
  5.3268293e-001 -3.4251878e-001 -3.1499574e-001 -3.5986520e-002
  5.5317073e-001 -3.4607419e-001 -3.1412110e-001 -2.8961683e-002
  5.7365854e-001 -3.5061398e-001 -3.1305456e-001 -2.0885620e-002
  5.9414634e-001 -3.5607752e-001 -3.1186029e-001 -1.1903296e-002
  6.1463415e-001 -3.6234188e-001 -3.1059593e-001 -2.0933053e-003
  6.3512195e-001 -3.6927792e-001 -3.0931884e-001  8.4884875e-003
  6.5560976e-001 -3.7680981e-001 -3.0808461e-001  1.9771343e-002
  6.7609756e-001 -3.8495466e-001 -3.0692995e-001  3.1692535e-002
  6.9658537e-001 -3.9383447e-001 -3.0586180e-001  4.4260908e-002
  7.1707317e-001 -4.0365064e-001 -3.0487242e-001  5.7587795e-002
  7.3756098e-001 -4.1462180e-001 -3.0396456e-001  7.1839862e-002
  7.5804878e-001 -4.2692149e-001 -3.0314770e-001  8.7146483e-002
  7.7853659e-001 -4.4067633e-001 -3.0240223e-001  1.0353227e-001
  7.9902439e-001 -4.5602924e-001 -3.0165964e-001  1.2089926e-001
  8.1951220e-001 -4.7316471e-001 -3.0084759e-001  1.3901372e-001
  8.4000000e-001 -4.9217099e-001 -2.9998267e-001  1.5745556e-001
