  0.0000000e+000 -5.0027174e-001 -2.5655740e-001  5.5604196e-001
  2.0487805e-002 -4.7769648e-001 -2.5845903e-001  5.4279089e-001
  4.0975610e-002 -4.5370165e-001 -2.6067558e-001  5.2872050e-001
  6.1463415e-002 -4.2865390e-001 -2.6334661e-001  5.1359779e-001
  8.1951220e-002 -4.0313905e-001 -2.6650906e-001  4.9737516e-001
  1.0243902e-001 -3.7786686e-001 -2.7007774e-001  4.8024437e-001
  1.2292683e-001 -3.5355517e-001 -2.7388418e-001  4.6258411e-001
  1.4341463e-001 -3.3080748e-001 -2.7774057e-001  4.4483033e-001
  1.6390244e-001 -3.1000683e-001 -2.8148770e-001  4.2734537e-001
  1.8439024e-001 -2.9126921e-001 -2.8501177e-001  4.1036436e-001
  2.0487805e-001 -2.7448231e-001 -2.8824371e-001  3.9403555e-001
  2.2536585e-001 -2.5940791e-001 -2.9115656e-001  3.7849575e-001
  2.4585366e-001 -2.4579206e-001 -2.9375717e-001  3.6390924e-001
  2.6634146e-001 -2.3343830e-001 -2.9606172e-001  3.5045505e-001
  2.8682927e-001 -2.2223227e-001 -2.9806554e-001  3.3829919e-001
  3.0731707e-001 -2.1212701e-001 -2.9973379e-001  3.2758194e-001
  3.2780488e-001 -2.0310378e-001 -3.0102417e-001  3.1841117e-001
  3.4829268e-001 -1.9513454e-001 -3.0192095e-001  3.1084514e-001
  3.6878049e-001 -1.8817867e-001 -3.0244833e-001  3.0487540e-001
  3.8926829e-001 -1.8222378e-001 -3.0265746e-001  3.0043834e-001
  4.0975610e-001 -1.7733152e-001 -3.0260637e-001  2.9745835e-001
  4.3024390e-001 -1.7362942e-001 -3.0235183e-001  2.9589182e-001
  4.5073171e-001 -1.7123525e-001 -3.0194750e-001  2.9574189e-001
  4.7121951e-001 -1.7017521e-001 -3.0143109e-001  2.9704437e-001
  4.9170732e-001 -1.7037469e-001 -3.0079699e-001  2.9984808e-001
  5.1219512e-001 -1.7173323e-001 -2.9997671e-001  3.0420095e-001
  5.3268293e-001 -1.7421031e-001 -2.9885715e-001  3.1013173e-001
  5.5317073e-001 -1.7784163e-001 -2.9734454e-001  3.1761742e-001
  5.7365854e-001 -1.8268305e-001 -2.9543918e-001  3.2655096e-001
  5.9414634e-001 -1.8875229e-001 -2.9325885e-001  3.3674154e-001
  6.1463415e-001 -1.9602728e-001 -2.9097208e-001  3.4796387e-001
  6.3512195e-001 -2.0448717e-001 -2.8867558e-001  3.6003783e-001
  6.5560976e-001 -2.1414095e-001 -2.8631234e-001  3.7289420e-001
  6.7609756e-001 -2.2502445e-001 -2.8370944e-001  3.8659275e-001
  6.9658537e-001 -2.3720503e-001 -2.8071478e-001  4.0129024e-001
  7.1707317e-001 -2.5082642e-001 -2.7732015e-001  4.1718081e-001
  7.3756098e-001 -2.6615265e-001 -2.7366909e-001  4.3442816e-001
  7.5804878e-001 -2.8352156e-001 -2.6995766e-001  4.5309648e-001
  7.7853659e-001 -3.0317247e-001 -2.6633042e-001  4.7308365e-001
  7.9902439e-001 -3.2503569e-001 -2.6285806e-001  4.9407491e-001
  8.1951220e-001 -3.4863818e-001 -2.5958726e-001  5.1554501e-001
  8.4000000e-001 -3.7320811e-001 -2.5658658e-001  5.3681809e-001
