  0.0000000e+000 -3.9907074e-001 -2.8242683e-001  6.5292573e-001
  2.0487805e-002 -3.7617832e-001 -2.8526312e-001  6.3891685e-001
  4.0975610e-002 -3.5226423e-001 -2.8887171e-001  6.2406892e-001
  6.1463415e-002 -3.2778350e-001 -2.9314098e-001  6.0827744e-001
  8.1951220e-002 -3.0327013e-001 -2.9777595e-001  5.9160411e-001
  1.0243902e-001 -2.7922952e-001 -3.0237478e-001  5.7424569e-001
  1.2292683e-001 -2.5607306e-001 -3.0658895e-001  5.5644530e-001
  1.4341463e-001 -2.3409583e-001 -3.1024870e-001  5.3844428e-001
  1.6390244e-001 -2.1348940e-001 -3.1337270e-001  5.2049339e-001
  1.8439024e-001 -1.9437292e-001 -3.1608742e-001  5.0286943e-001
  2.0487805e-001 -1.7681040e-001 -3.1853855e-001  4.8585260e-001
  2.2536585e-001 -1.6079156e-001 -3.2083875e-001  4.6968442e-001
  2.4585366e-001 -1.4620256e-001 -3.2303745e-001  4.5454901e-001
  2.6634146e-001 -1.3285106e-001 -3.2509837e-001  4.4058940e-001
  2.8682927e-001 -1.2057213e-001 -3.2691258e-001  4.2792943e-001
  3.0731707e-001 -1.0934726e-001 -3.2837102e-001  4.1667631e-001
  3.2780488e-001 -9.9323578e-002 -3.2945669e-001  4.0691376e-001
  3.4829268e-001 -9.0691984e-002 -3.3027089e-001  3.9870602e-001
  3.6878049e-001 -8.3515719e-002 -3.3095518e-001  3.9211115e-001
  3.8926829e-001 -7.7657603e-002 -3.3157414e-001  3.8718128e-001
  4.0975610e-001 -7.2873190e-002 -3.3206540e-001  3.8394472e-001
  4.3024390e-001 -6.8993397e-002 -3.3229747e-001  3.8239422e-001
  4.5073171e-001 -6.6050142e-002 -3.3217418e-001  3.8250449e-001
  4.7121951e-001 -6.4256318e-002 -3.3169308e-001  3.8426459e-001
  4.9170732e-001 -6.3870937e-002 -3.3092740e-001  3.8768542e-001
  5.1219512e-001 -6.5055154e-002 -3.2997292e-001  3.9276272e-001
  5.3268293e-001 -6.7809179e-002 -3.2890922e-001  3.9942533e-001
  5.5317073e-001 -7.2009347e-002 -3.2778206e-001  4.0752128e-001
  5.7365854e-001 -7.7501565e-002 -3.2658854e-001  4.1686532e-001
  5.9414634e-001 -8.4185906e-002 -3.2526928e-001  4.2731491e-001
  6.1463415e-001 -9.2046365e-002 -3.2373500e-001  4.3881401e-001
  6.3512195e-001 -1.0112268e-001 -3.2193142e-001  4.5137313e-001
  6.5560976e-001 -1.1146406e-001 -3.1989223e-001  4.6501499e-001
  6.7609756e-001 -1.2311941e-001 -3.1771758e-001  4.7974929e-001
  6.9658537e-001 -1.3618541e-001 -3.1547648e-001  4.9560618e-001
  7.1707317e-001 -1.5087065e-001 -3.1311429e-001  5.1268649e-001
  7.3756098e-001 -1.6749389e-001 -3.1046188e-001  5.3114676e-001
  7.5804878e-001 -1.8636388e-001 -3.0736357e-001  5.5108231e-001
  7.7853659e-001 -2.0757693e-001 -3.0382782e-001  5.7236397e-001
  7.9902439e-001 -2.3084895e-001 -3.0006692e-001  5.9453559e-001
  8.1951220e-001 -2.5550064e-001 -2.9637629e-001  6.1684716e-001
  8.4000000e-001 -2.8062674e-001 -2.9295015e-001  6.3841230e-001
