  0.0000000e+000 -5.9358805e-001 -4.8973712e-001  6.0421228e-001
  2.0487805e-002 -5.7108849e-001 -4.9192631e-001  5.8943105e-001
  4.0975610e-002 -5.4814738e-001 -4.9401918e-001  5.7388449e-001
  6.1463415e-002 -5.2507430e-001 -4.9623913e-001  5.5755514e-001
  8.1951220e-002 -5.0210017e-001 -4.9869031e-001  5.4045963e-001
  1.0243902e-001 -4.7938216e-001 -5.0127840e-001  5.2276671e-001
  1.2292683e-001 -4.5710465e-001 -5.0374454e-001  5.0485432e-001
  1.4341463e-001 -4.3556732e-001 -5.0582021e-001  4.8723304e-001
  1.6390244e-001 -4.1516635e-001 -5.0739926e-001  4.7036853e-001
  1.8439024e-001 -3.9627132e-001 -5.0858927e-001  4.5451954e-001
  2.0487805e-001 -3.7908679e-001 -5.0960433e-001  4.3969816e-001
  2.2536585e-001 -3.6359662e-001 -5.1059693e-001  4.2576569e-001
  2.4585366e-001 -3.4962296e-001 -5.1156658e-001  4.1258547e-001
  2.6634146e-001 -3.3695176e-001 -5.1239520e-001  4.0013486e-001
  2.8682927e-001 -3.2543963e-001 -5.1294297e-001  3.8852951e-001
  3.0731707e-001 -3.1504199e-001 -5.1311117e-001  3.7797934e-001
  3.2780488e-001 -3.0576760e-001 -5.1283944e-001  3.6872295e-001
  3.4829268e-001 -2.9761758e-001 -5.1207310e-001  3.6097071e-001
  3.6878049e-001 -2.9056680e-001 -5.1075345e-001  3.5486457e-001
  3.8926829e-001 -2.8459853e-001 -5.0885171e-001  3.5045856e-001
  4.0975610e-001 -2.7975032e-001 -5.0642341e-001  3.4773090e-001
  4.3024390e-001 -2.7612016e-001 -5.0363225e-001  3.4662876e-001
  4.5073171e-001 -2.7382201e-001 -5.0070167e-001  3.4711987e-001
  4.7121951e-001 -2.7292740e-001 -4.9780488e-001  3.4921068e-001
  4.9170732e-001 -2.7343911e-001 -4.9496758e-001  3.5291311e-001
  5.1219512e-001 -2.7530935e-001 -4.9206632e-001  3.5818690e-001
  5.3268293e-001 -2.7847841e-001 -4.8893231e-001  3.6490980e-001
  5.5317073e-001 -2.8290457e-001 -4.8547286e-001  3.7290621e-001
  5.7365854e-001 -2.8857613e-001 -4.8170471e-001  3.8201201e-001
  5.9414634e-001 -2.9551375e-001 -4.7768059e-001  3.9212418e-001
  6.1463415e-001 -3.0376333e-001 -4.7339943e-001  4.0320113e-001
  6.3512195e-001 -3.1337225e-001 -4.6880081e-001  4.1522682e-001
  6.5560976e-001 -3.2435715e-001 -4.6384689e-001  4.2817789e-001
  6.7609756e-001 -3.3669680e-001 -4.5859569e-001  4.4202161e-001
  6.9658537e-001 -3.5037816e-001 -4.5317987e-001  4.5674145e-001
  7.1707317e-001 -3.6547261e-001 -4.4771057e-001  4.7237399e-001
  7.3756098e-001 -3.8216552e-001 -4.4220853e-001  4.8903862e-001
  7.5804878e-001 -4.0067223e-001 -4.3663701e-001  5.0693327e-001
  7.7853659e-001 -4.2105865e-001 -4.3101421e-001  5.2626044e-001
  7.9902439e-001 -4.4307938e-001 -4.2551556e-001  5.4707533e-001
  8.1951220e-001 -4.6616143e-001 -4.2049327e-001  5.6911486e-001
  8.4000000e-001 -4.8957273e-001 -4.1639829e-001  5.9171981e-001
