  0.0000000e+000  3.9876655e-002 -5.4356295e-001 -1.2641358e-001
  2.0487805e-002  4.4474944e-002 -5.4044491e-001 -1.3708828e-001
  4.0975610e-002  4.7306638e-002 -5.3710032e-001 -1.4449324e-001
  6.1463415e-002  4.9791697e-002 -5.3446543e-001 -1.4766730e-001
  8.1951220e-002  5.2644402e-002 -5.3316242e-001 -1.4710410e-001
  1.0243902e-001  5.5823319e-002 -5.3318304e-001 -1.4434129e-001
  1.2292683e-001  5.8846522e-002 -5.3399807e-001 -1.4111002e-001
  1.4341463e-001  6.1214935e-002 -5.3496361e-001 -1.3858922e-001
  1.6390244e-001  6.2687241e-002 -5.3568065e-001 -1.3714434e-001
  1.8439024e-001  6.3323408e-002 -5.3607368e-001 -1.3654739e-001
  2.0487805e-001  6.3378468e-002 -5.3623831e-001 -1.3638972e-001
  2.2536585e-001  6.3166499e-002 -5.3627354e-001 -1.3638313e-001
  2.4585366e-001  6.2957168e-002 -5.3623706e-001 -1.3642822e-001
  2.6634146e-001  6.2910616e-002 -5.3618771e-001 -1.3652380e-001
  2.8682927e-001  6.3050099e-002 -5.3620464e-001 -1.3665897e-001
  3.0731707e-001  6.3286282e-002 -5.3634238e-001 -1.3677333e-001
  3.2780488e-001  6.3494459e-002 -5.3657371e-001 -1.3678081e-001
  3.4829268e-001  6.3606344e-002 -5.3678566e-001 -1.3661116e-001
  3.6878049e-001  6.3655742e-002 -5.3683430e-001 -1.3623972e-001
  3.8926829e-001  6.3744411e-002 -5.3661901e-001 -1.3570276e-001
  4.0975610e-001  6.3955851e-002 -5.3613490e-001 -1.3509464e-001
  4.3024390e-001  6.4286396e-002 -5.3548849e-001 -1.3453394e-001
  4.5073171e-001  6.4648025e-002 -5.3486896e-001 -1.3410154e-001
  4.7121951e-001  6.4937174e-002 -5.3447586e-001 -1.3379128e-001
  4.9170732e-001  6.5110579e-002 -5.3442872e-001 -1.3352165e-001
  5.1219512e-001  6.5208174e-002 -5.3470933e-001 -1.3320935e-001
  5.3268293e-001  6.5311603e-002 -5.3518027e-001 -1.3284574e-001
  5.5317073e-001  6.5479003e-002 -5.3566617e-001 -1.3251044e-001
  5.7365854e-001  6.5707475e-002 -5.3603727e-001 -1.3231379e-001
  5.9414634e-001  6.5944105e-002 -5.3624076e-001 -1.3232008e-001
  6.1463415e-001  6.6128604e-002 -5.3627974e-001 -1.3250802e-001
  6.3512195e-001  6.6234104e-002 -5.3618217e-001 -1.3278475e-001
  6.5560976e-001  6.6277690e-002 -5.3598827e-001 -1.3303719e-001
  6.7609756e-001  6.6291742e-002 -5.3574193e-001 -1.3319640e-001
  6.9658537e-001  6.6285282e-002 -5.3545648e-001 -1.3327582e-001
  7.1707317e-001  6.6264622e-002 -5.3506583e-001 -1.3331382e-001
  7.3756098e-001  6.6362247e-002 -5.3442138e-001 -1.3317215e-001
  7.5804878e-001  6.6996582e-002 -5.3338832e-001 -1.3227455e-001
  7.7853659e-001  6.8831041e-002 -5.3201288e-001 -1.2953801e-001
  7.9902439e-001  7.2317816e-002 -5.3064239e-001 -1.2374935e-001
  8.1951220e-001  7.6911956e-002 -5.2987522e-001 -1.1434959e-001
  8.4000000e-001  8.0442771e-002 -5.3031749e-001 -1.0218295e-001
