  0.0000000e+000  9.1472350e-002 -5.8130109e-001 -9.1728136e-002
  2.0487805e-002  9.8586768e-002 -5.8022773e-001 -1.0355221e-001
  4.0975610e-002  1.0557394e-001 -5.7990575e-001 -1.1152684e-001
  6.1463415e-002  1.1254797e-001 -5.8017462e-001 -1.1543318e-001
  8.1951220e-002  1.1899209e-001 -5.8064437e-001 -1.1637724e-001
  1.0243902e-001  1.2425636e-001 -5.8095801e-001 -1.1598976e-001
  1.2292683e-001  1.2797336e-001 -5.8101124e-001 -1.1551838e-001
  1.4341463e-001  1.3019174e-001 -5.8094317e-001 -1.1540950e-001
  1.6390244e-001  1.3126804e-001 -5.8093262e-001 -1.1550359e-001
  1.8439024e-001  1.3167599e-001 -5.8101356e-001 -1.1550917e-001
  2.0487805e-001  1.3185029e-001 -5.8107585e-001 -1.1533807e-001
  2.2536585e-001  1.3209179e-001 -5.8101028e-001 -1.1513045e-001
  2.4585366e-001  1.3252352e-001 -5.8082050e-001 -1.1507969e-001
  2.6634146e-001  1.3309906e-001 -5.8059746e-001 -1.1526571e-001
  2.8682927e-001  1.3366881e-001 -5.8042079e-001 -1.1561985e-001
  3.0731707e-001  1.3408229e-001 -5.8031666e-001 -1.1600278e-001
  3.2780488e-001  1.3427487e-001 -5.8030367e-001 -1.1629760e-001
  3.4829268e-001  1.3429366e-001 -5.8043605e-001 -1.1644096e-001
  3.6878049e-001  1.3425772e-001 -5.8076024e-001 -1.1639673e-001
  3.8926829e-001  1.3428825e-001 -5.8122456e-001 -1.1613296e-001
  4.0975610e-001  1.3445462e-001 -5.8166069e-001 -1.1564448e-001
  4.3024390e-001  1.3476059e-001 -5.8188659e-001 -1.1499543e-001
  4.5073171e-001  1.3516390e-001 -5.8184355e-001 -1.1432070e-001
  4.7121951e-001  1.3560577e-001 -5.8163494e-001 -1.1376510e-001
  4.9170732e-001  1.3603115e-001 -5.8143228e-001 -1.1340640e-001
  5.1219512e-001  1.3639520e-001 -5.8134508e-001 -1.1322729e-001
  5.3268293e-001  1.3666314e-001 -5.8137214e-001 -1.1315127e-001
  5.5317073e-001  1.3681158e-001 -5.8145368e-001 -1.1309952e-001
  5.7365854e-001  1.3683338e-001 -5.8154333e-001 -1.1301973e-001
  5.9414634e-001  1.3674389e-001 -5.8161902e-001 -1.1288017e-001
  6.1463415e-001  1.3658300e-001 -5.8163619e-001 -1.1265894e-001
  6.3512195e-001  1.3640034e-001 -5.8149201e-001 -1.1235376e-001
  6.5560976e-001  1.3621102e-001 -5.8105177e-001 -1.1200625e-001
  6.7609756e-001  1.3594203e-001 -5.8022666e-001 -1.1170866e-001
  6.9658537e-001  1.3544674e-001 -5.7905555e-001 -1.1155383e-001
  7.1707317e-001  1.3466625e-001 -5.7775486e-001 -1.1150562e-001
  7.3756098e-001  1.3388038e-001 -5.7671976e-001 -1.1122325e-001
  7.5804878e-001  1.3378838e-001 -5.7645351e-001 -1.0996186e-001
  7.7853659e-001  1.3512318e-001 -5.7740283e-001 -1.0672077e-001
  7.9902439e-001  1.3781010e-001 -5.7973540e-001 -1.0071376e-001
  8.1951220e-001  1.4015955e-001 -5.8317482e-001 -9.1988310e-002
  8.4000000e-001  1.3877451e-001 -5.8702540e-001 -8.1796795e-002
