  0.0000000e+000 -7.6343186e-002 -5.9486520e-001  2.9218626e-001
  2.0487805e-002 -4.5080651e-002 -5.9435076e-001  2.8787324e-001
  4.0975610e-002 -1.2848970e-002 -5.9397042e-001  2.8543845e-001
  6.1463415e-002  1.9843200e-002 -5.9390825e-001  2.8520298e-001
  8.1951220e-002  5.2053161e-002 -5.9422737e-001  2.8645632e-001
  1.0243902e-001  8.2719296e-002 -5.9483272e-001  2.8780618e-001
  1.2292683e-001  1.1106119e-001 -5.9549385e-001  2.8800732e-001
  1.4341463e-001  1.3677178e-001 -5.9592205e-001  2.8658256e-001
  1.6390244e-001  1.5989392e-001 -5.9588486e-001  2.8380790e-001
  1.8439024e-001  1.8055877e-001 -5.9532249e-001  2.8023514e-001
  2.0487805e-001  1.9885363e-001 -5.9440714e-001  2.7625152e-001
  2.2536585e-001  2.1489872e-001 -5.9349436e-001  2.7198797e-001
  2.4585366e-001  2.2897068e-001 -5.9297073e-001  2.6749066e-001
  2.6634146e-001  2.4147284e-001 -5.9307712e-001  2.6288596e-001
  2.8682927e-001  2.5274020e-001 -5.9381229e-001  2.5838870e-001
  3.0731707e-001  2.6285750e-001 -5.9496826e-001  2.5420687e-001
  3.2780488e-001  2.7166647e-001 -5.9625411e-001  2.5046623e-001
  3.4829268e-001  2.7896199e-001 -5.9741312e-001  2.4721205e-001
  3.6878049e-001  2.8470793e-001 -5.9827006e-001  2.4445811e-001
  3.8926829e-001  2.8909421e-001 -5.9872186e-001  2.4223140e-001
  4.0975610e-001  2.9239801e-001 -5.9872735e-001  2.4058840e-001
  4.3024390e-001  2.9477337e-001 -5.9832412e-001  2.3960645e-001
  4.5073171e-001  2.9613778e-001 -5.9764409e-001  2.3936208e-001
  4.7121951e-001  2.9622936e-001 -5.9688091e-001  2.3990411e-001
  4.9170732e-001  2.9476812e-001 -5.9620595e-001  2.4122939e-001
  5.1219512e-001  2.9159388e-001 -5.9568626e-001  2.4327195e-001
  5.3268293e-001  2.8670356e-001 -5.9526765e-001  2.4591614e-001
  5.5317073e-001  2.8020114e-001 -5.9483474e-001  2.4903341e-001
  5.7365854e-001  2.7221790e-001 -5.9429395e-001  2.5252473e-001
  5.9414634e-001  2.6284403e-001 -5.9361058e-001  2.5634104e-001
  6.1463415e-001  2.5208491e-001 -5.9278065e-001  2.6046002e-001
  6.3512195e-001  2.3985180e-001 -5.9178317e-001  2.6482779e-001
  6.5560976e-001  2.2599758e-001 -5.9058005e-001  2.6931277e-001
  6.7609756e-001  2.1037857e-001 -5.8917803e-001  2.7373061e-001
  6.9658537e-001  1.9287531e-001 -5.8769768e-001  2.7794790e-001
  7.1707317e-001  1.7330216e-001 -5.8637440e-001  2.8197640e-001
  7.3756098e-001  1.5123025e-001 -5.8547777e-001  2.8592783e-001
  7.5804878e-001  1.2589408e-001 -5.8521360e-001  2.8980237e-001
  7.7853659e-001  9.6401520e-002 -5.8568209e-001  2.9328427e-001
  7.9902439e-001  6.2293794e-002 -5.8689499e-001  2.9580873e-001
  8.1951220e-001  2.4177548e-002 -5.8877945e-001  2.9698047e-001
  8.4000000e-001 -1.6047936e-002 -5.9111935e-001  2.9707551e-001
