  0.0000000e+000 -3.4601632e-001 -5.5327511e-001  6.5709037e-001
  2.0487805e-002 -3.2409832e-001 -5.5665541e-001  6.4234757e-001
  4.0975610e-002 -3.0225196e-001 -5.6074566e-001  6.2653506e-001
  6.1463415e-002 -2.8057355e-001 -5.6537336e-001  6.0995644e-001
  8.1951220e-002 -2.5905716e-001 -5.7019866e-001  5.9298676e-001
  1.0243902e-001 -2.3771925e-001 -5.7479316e-001  5.7596266e-001
  1.2292683e-001 -2.1671726e-001 -5.7879716e-001  5.5913955e-001
  1.4341463e-001 -1.9635621e-001 -5.8205581e-001  5.4269606e-001
  1.6390244e-001 -1.7698488e-001 -5.8464700e-001  5.2673978e-001
  1.8439024e-001 -1.5887173e-001 -5.8679831e-001  5.1130873e-001
  2.0487805e-001 -1.4214362e-001 -5.8876145e-001  4.9639922e-001
  2.2536585e-001 -1.2680377e-001 -5.9071255e-001  4.8202798e-001
  2.4585366e-001 -1.1279494e-001 -5.9270179e-001  4.6828976e-001
  2.6634146e-001 -1.0006721e-001 -5.9465480e-001  4.5536476e-001
  2.8682927e-001 -8.8621810e-002 -5.9642774e-001  4.4347426e-001
  3.0731707e-001 -7.8509353e-002 -5.9790277e-001  4.3282700e-001
  3.2780488e-001 -6.9775872e-002 -5.9906638e-001  4.2359459e-001
  3.4829268e-001 -6.2385961e-002 -6.0000169e-001  4.1591236e-001
  3.6878049e-001 -5.6187421e-002 -6.0079080e-001  4.0987778e-001
  3.8926829e-001 -5.0970245e-002 -6.0141319e-001  4.0553474e-001
  4.0975610e-001 -4.6602152e-002 -6.0174066e-001  4.0286335e-001
  4.3024390e-001 -4.3145582e-002 -6.0164028e-001  4.0179974e-001
  4.5073171e-001 -4.0855702e-002 -6.0109407e-001  4.0228251e-001
  4.7121951e-001 -4.0046774e-002 -6.0022980e-001  4.0429148e-001
  4.9170732e-001 -4.0923674e-002 -5.9924465e-001  4.0784431e-001
  5.1219512e-001 -4.3503214e-002 -5.9828860e-001  4.1295159e-001
  5.3268293e-001 -4.7668330e-002 -5.9739119e-001  4.1956547e-001
  5.5317073e-001 -5.3287026e-002 -5.9646142e-001  4.2756113e-001
  5.7365854e-001 -6.0290039e-002 -5.9534407e-001  4.3676159e-001
  5.9414634e-001 -6.8659440e-002 -5.9389770e-001  4.4698390e-001
  6.1463415e-001 -7.8366108e-002 -5.9206313e-001  4.5807829e-001
  6.3512195e-001 -8.9331366e-002 -5.8989406e-001  4.6994996e-001
  6.5560976e-001 -1.0145929e-001 -5.8752602e-001  4.8257372e-001
  6.7609756e-001 -1.1472625e-001 -5.8509082e-001  4.9601248e-001
  6.9658537e-001 -1.2926288e-001 -5.8262324e-001  5.1043284e-001
  7.1707317e-001 -1.4535174e-001 -5.8002305e-001  5.2609640e-001
  7.3756098e-001 -1.6330509e-001 -5.7710969e-001  5.4330128e-001
  7.5804878e-001 -1.8326691e-001 -5.7374376e-001  5.6225836e-001
  7.7853659e-001 -2.0504682e-001 -5.6993210e-001  5.8291602e-001
  7.9902439e-001 -2.2808892e-001 -5.6583726e-001  6.0479373e-001
  8.1951220e-001 -2.5160441e-001 -5.6168246e-001  6.2693495e-001
  8.4000000e-001 -2.7481243e-001 -5.5763674e-001  6.4808190e-001
