  0.0000000e+000 -7.8301096e-001 -3.4511554e-001 -1.6147631e-001
  2.0487805e-002 -7.8278315e-001 -3.4522051e-001 -1.6116875e-001
  4.0975610e-002 -7.8228420e-001 -3.4484005e-001 -1.6090691e-001
  6.1463415e-002 -7.8142023e-001 -3.4395275e-001 -1.6069899e-001
  8.1951220e-002 -7.8010708e-001 -3.4274468e-001 -1.6050708e-001
  1.0243902e-001 -7.7833319e-001 -3.4152380e-001 -1.6023600e-001
  1.2292683e-001 -7.7621096e-001 -3.4056032e-001 -1.5975732e-001
  1.4341463e-001 -7.7395982e-001 -3.3994782e-001 -1.5895447e-001
  1.6390244e-001 -7.7181727e-001 -3.3957416e-001 -1.5776584e-001
  1.8439024e-001 -7.6993793e-001 -3.3922300e-001 -1.5621217e-001
  2.0487805e-001 -7.6835072e-001 -3.3873835e-001 -1.5440440e-001
  2.2536585e-001 -7.6699561e-001 -3.3813798e-001 -1.5252624e-001
  2.4585366e-001 -7.6579875e-001 -3.3759394e-001 -1.5078561e-001
  2.6634146e-001 -7.6472497e-001 -3.3729556e-001 -1.4934441e-001
  2.8682927e-001 -7.6377851e-001 -3.3729994e-001 -1.4825886e-001
  3.0731707e-001 -7.6297122e-001 -3.3748442e-001 -1.4746827e-001
  3.2780488e-001 -7.6229262e-001 -3.3763209e-001 -1.4684568e-001
  3.4829268e-001 -7.6170135e-001 -3.3757475e-001 -1.4628372e-001
  3.6878049e-001 -7.6113892e-001 -3.3728099e-001 -1.4576279e-001
  3.8926829e-001 -7.6055843e-001 -3.3683825e-001 -1.4535642e-001
  4.0975610e-001 -7.5995833e-001 -3.3637011e-001 -1.4516664e-001
  4.3024390e-001 -7.5940150e-001 -3.3596715e-001 -1.4523187e-001
  4.5073171e-001 -7.5899518e-001 -3.3567169e-001 -1.4547546e-001
  4.7121951e-001 -7.5883299e-001 -3.3550093e-001 -1.4574166e-001
  4.9170732e-001 -7.5894201e-001 -3.3547202e-001 -1.4590247e-001
  5.1219512e-001 -7.5928360e-001 -3.3560994e-001 -1.4595872e-001
  5.3268293e-001 -7.5980812e-001 -3.3593586e-001 -1.4605425e-001
  5.5317073e-001 -7.6050645e-001 -3.3644068e-001 -1.4638384e-001
  5.7365854e-001 -7.6140225e-001 -3.3705795e-001 -1.4705765e-001
  5.9414634e-001 -7.6249534e-001 -3.3766249e-001 -1.4801958e-001
  6.1463415e-001 -7.6372135e-001 -3.3811519e-001 -1.4907734e-001
  6.3512195e-001 -7.6497364e-001 -3.3833706e-001 -1.5002070e-001
  6.5560976e-001 -7.6616478e-001 -3.3836365e-001 -1.5074328e-001
  6.7609756e-001 -7.6726806e-001 -3.3833703e-001 -1.5128502e-001
  6.9658537e-001 -7.6831138e-001 -3.3843687e-001 -1.5177403e-001
  7.1707317e-001 -7.6934707e-001 -3.3879328e-001 -1.5231942e-001
  7.3756098e-001 -7.7043062e-001 -3.3943188e-001 -1.5294074e-001
  7.5804878e-001 -7.7161103e-001 -3.4027395e-001 -1.5358399e-001
  7.7853659e-001 -7.7291793e-001 -3.4118062e-001 -1.5419964e-001
  7.9902439e-001 -7.7434289e-001 -3.4200788e-001 -1.5480712e-001
  8.1951220e-001 -7.7583307e-001 -3.4264341e-001 -1.5548763e-001
  8.4000000e-001 -7.7730501e-001 -3.4301946e-001 -1.5631615e-001
