  0.0000000e+000 -9.1866231e-001 -4.4325843e-001 -1.0127928e-001
  2.0487805e-002 -9.1456825e-001 -4.3859309e-001 -8.8277809e-002
  4.0975610e-002 -9.0911001e-001 -4.3264252e-001 -7.4329570e-002
  6.1463415e-002 -9.0233290e-001 -4.2541665e-001 -6.0294531e-002
  8.1951220e-002 -8.9414746e-001 -4.1753483e-001 -4.7007319e-002
  1.0243902e-001 -8.8443303e-001 -4.1012764e-001 -3.5072826e-002
  1.2292683e-001 -8.7330896e-001 -4.0433502e-001 -2.4735486e-002
  1.4341463e-001 -8.6132729e-001 -4.0073481e-001 -1.5912484e-002
  1.6390244e-001 -8.4938180e-001 -3.9912120e-001 -8.3658146e-003
  1.8439024e-001 -8.3836389e-001 -3.9877483e-001 -1.8867410e-003
  2.0487805e-001 -8.2880253e-001 -3.9897120e-001  3.6247186e-003
  2.2536585e-001 -8.2072747e-001 -3.9932013e-001  8.2018571e-003
  2.4585366e-001 -8.1381208e-001 -3.9973193e-001  1.1900175e-002
  2.6634146e-001 -8.0765760e-001 -4.0015325e-001  1.4848557e-002
  2.8682927e-001 -8.0201727e-001 -4.0038431e-001  1.7232653e-002
  3.0731707e-001 -7.9685158e-001 -4.0015164e-001  1.9236561e-002
  3.2780488e-001 -7.9224306e-001 -3.9932880e-001  2.0987628e-002
  3.4829268e-001 -7.8827852e-001 -3.9805788e-001  2.2534704e-002
  3.6878049e-001 -7.8499186e-001 -3.9664537e-001  2.3864025e-002
  3.8926829e-001 -7.8238547e-001 -3.9534628e-001  2.4935279e-002
  4.0975610e-001 -7.8048384e-001 -3.9425388e-001  2.5711909e-002
  4.3024390e-001 -7.7935863e-001 -3.9338192e-001  2.6167795e-002
  4.5073171e-001 -7.7910638e-001 -3.9281741e-001  2.6271800e-002
  4.7121951e-001 -7.7980763e-001 -3.9276338e-001  2.5969394e-002
  4.9170732e-001 -7.8151250e-001 -3.9343175e-001  2.5183313e-002
  5.1219512e-001 -7.8426033e-001 -3.9491093e-001  2.3839846e-002
  5.3268293e-001 -7.8809178e-001 -3.9713752e-001  2.1904875e-002
  5.5317073e-001 -7.9301178e-001 -3.9996594e-001  1.9402770e-002
  5.7365854e-001 -7.9891580e-001 -4.0323067e-001  1.6402949e-002
  5.9414634e-001 -8.0555338e-001 -4.0674269e-001  1.2984135e-002
  6.1463415e-001 -8.1259203e-001 -4.1027641e-001  9.2015676e-003
  6.3512195e-001 -8.1976068e-001 -4.1363060e-001  5.0738421e-003
  6.5560976e-001 -8.2696509e-001 -4.1675135e-001  5.8603409e-004
  6.7609756e-001 -8.3427477e-001 -4.1980571e-001 -4.3030633e-003
  6.9658537e-001 -8.4178239e-001 -4.2311335e-001 -9.6534239e-003
  7.1707317e-001 -8.4945118e-001 -4.2696813e-001 -1.5530967e-002
  7.3756098e-001 -8.5707754e-001 -4.3147582e-001 -2.1987787e-002
  7.5804878e-001 -8.6440229e-001 -4.3650469e-001 -2.9040392e-002
  7.7853659e-001 -8.7127358e-001 -4.4173169e-001 -3.6647238e-002
  7.9902439e-001 -8.7772030e-001 -4.4670412e-001 -4.4681389e-002
  8.1951220e-001 -8.8386881e-001 -4.5088962e-001 -5.2907079e-002
  8.4000000e-001 -8.8977337e-001 -4.5377597e-001 -6.0993608e-002
