Main.Studies.MarkerTracking.t,Main.Studies.MarkerTracking.JointAngleOutputs.OutputFile_LeftLeg.HipFlexion,Main.Studies.MarkerTracking.JointAngleOutputs.OutputFile_LeftLeg.HipAbduction,Main.Studies.MarkerTracking.JointAngleOutputs.OutputFile_LeftLeg.HipExternalRotation,Main.Studies.MarkerTracking.JointAngleOutputs.OutputFile_LeftLeg.KneeFlexion,Main.Studies.MarkerTracking.JointAngleOutputs.OutputFile_LeftLeg.AnklePlantarFlexion,Main.Studies.MarkerTracking.JointAngleOutputs.OutputFile_LeftLeg.SubTalarEversion
  1.000000000000000e-02,  1.551304291686117e-01,  9.022469346374695e-02,  3.062291517939228e-01,  1.152958766293195e-01, -1.198176113585705e-01,  1.352857768967970e-01
  2.000000000000000e-02,  1.501274508908704e-01,  9.077654657060452e-02,  3.038710718323722e-01,  1.136607422136971e-01, -1.199080905084628e-01,  1.378335083089851e-01
  3.000000000000001e-02,  1.446040649173135e-01,  9.120602399575439e-02,  3.014919439091234e-01,  1.113868849234331e-01, -1.184861307964606e-01,  1.411450933634716e-01
  4.000000000000000e-02,  1.383973365467922e-01,  9.140933835965459e-02,  2.992621349579959e-01,  1.080833517312414e-01, -1.147557802664137e-01,  1.454830598637577e-01
  5.000000000000001e-02,  1.314984729182820e-01,  9.128613273145381e-02,  2.974200523800549e-01,  1.034417204011421e-01, -1.080900512217824e-01,  1.509299467708998e-01
  6.000000000000000e-02,  1.240281551680133e-01,  9.077844151534897e-02,  2.961142303464730e-01,  9.738051770014793e-02, -9.825320542672261e-02,  1.573766797360270e-01
  7.000000000000001e-02,  1.161485800013025e-01,  8.983779323967611e-02,  2.954216536560735e-01,  8.993762674447003e-02, -8.515258107313545e-02,  1.646429827545305e-01
  8.000000000000000e-02,  1.080849036252792e-01,  8.843898892957802e-02,  2.953410353943460e-01,  8.132633536596853e-02, -6.895788029251780e-02,  1.724459061128264e-01
  9.000000000000001e-02,  1.001097873342139e-01,  8.657903041210613e-02,  2.958000230293027e-01,  7.192776392979369e-02, -5.011391227724031e-02,  1.804215759875190e-01
  1.000000000000000e-01,  9.251702769071739e-02,  8.427052091898535e-02,  2.966693590814711e-01,  6.225394770851788e-02, -2.932081020226864e-02,  1.881628614448079e-01
  1.100000000000000e-01,  8.558812457324945e-02,  8.153367680804147e-02,  2.977838060770667e-01,  5.288544919717675e-02, -7.478987411555455e-03,  1.952687826609767e-01
  1.200000000000000e-01,  7.955580375854791e-02,  7.838815129840571e-02,  2.989649151610714e-01,  4.439465000902409e-02,  1.439555925051877e-02,  2.013961603221598e-01
  1.300000000000000e-01,  7.457376785932054e-02,  7.484907128928109e-02,  3.000429316055007e-01,  3.726988793219946e-02,  3.527467367360429e-02,  2.063048023448642e-01
  1.400000000000000e-01,  7.069487525009246e-02,  7.092768184696796e-02,  3.008801158299661e-01,  3.185425130294055e-02,  5.422390468618660e-02,  2.098805508571076e-01
  1.500000000000000e-01,  6.786585051076549e-02,  6.663658642199621e-02,  3.013872526195444e-01,  2.831047864744483e-02,  7.049338981688674e-02,  2.121405625102168e-01
  1.600000000000000e-01,  6.593555642417898e-02,  6.199634960657940e-02,  3.015347121464071e-01,  2.661389452815598e-02,  8.357928860857639e-02,  2.132170804437251e-01
  1.700000000000000e-01,  6.467520512105900e-02,  5.704131658031875e-02,  3.013547187218567e-01,  2.657130266629173e-02,  9.324928705157624e-02,  2.133272210820418e-01
  1.800000000000000e-01,  6.380733706904196e-02,  5.182193004450730e-02,  3.009339933686537e-01,  2.785856350507378e-02,  9.953311876510858e-02,  2.127387769134400e-01
  1.900000000000000e-01,  6.303824729870709e-02,  4.640427010506820e-02,  3.003974334780080e-01,  3.007015873058706e-02,  1.026833246890548e-01,  2.117354334003813e-01
  2.000000000000000e-01,  6.208876850747176e-02,  4.086474495617498e-02,  2.998875931026193e-01,  3.277124199763745e-02,  1.031167318364094e-01,  2.105862289479165e-01
  2.100000000000000e-01,  6.072074010644299e-02,  3.528335753693290e-02,  2.995413402524224e-01,  3.554593826188495e-02,  1.013479189469548e-01,  2.095219267039301e-01
  2.200000000000000e-01,  5.875534690869062e-02,  2.973559267887249e-02,  2.994703225184203e-01,  3.803663152630021e-02,  9.792365260997860e-02,  2.087191604798371e-01
  2.300000000000000e-01,  5.608187128517364e-02,  2.428504395869790e-02,  2.997478540190927e-01,  3.997049263690526e-02,  9.336656205383127e-02,  2.082912206317120e-01
  2.400000000000000e-01,  5.265712538240622e-02,  1.897779098354557e-02,  3.004044330660671e-01,  4.117218650436728e-02,  8.813255938654442e-02,  2.082856657812201e-01
  2.500000000000000e-01,  4.849735910932969e-02,  1.383987827837552e-02,  3.014301417914795e-01,  4.156408737055271e-02,  8.258470757147696e-02,  2.086880875551216e-01
  2.600000000000000e-01,  4.366621775042040e-02,  8.877381000863771e-03,  3.027845818149585e-01,  4.115658661777043e-02,  7.698170302584866e-02,  2.094292070107931e-01
  2.700000000000000e-01,  3.825909478883680e-02,  4.079407665746659e-03,  3.044091009703268e-01,  4.003149451793268e-02,  7.148048072066794e-02,  2.103969259611177e-01
  2.800000000000000e-01,  3.238831154316765e-02, -5.771121709607918e-04,  3.062397994565118e-01,  3.832271970047077e-02,  6.614855106368586e-02,  2.114498155851089e-01
  2.900000000000000e-01,  2.617036388295184e-02, -5.121008194370891e-03,  3.082165986694271e-01,  3.619587564122301e-02,  6.098339096495676e-02,  2.124330703126574e-01
  3.000000000000000e-01,  1.971832220972369e-02, -9.579761935144759e-03,  3.102878265308743e-01,  3.383142932695892e-02,  5.593481091176908e-02,  2.131958278410725e-01
  3.100000000000001e-01,  1.313593435171732e-02, -1.397280643982968e-02,  3.124112162692644e-01,  3.140944585259257e-02,  5.092761876648705e-02,  2.136062074376719e-01
  3.200000000000000e-01,  6.516198252207608e-03, -1.830589149495876e-02,  3.145492674879269e-01,  2.909917520445019e-02,  4.588128433543735e-02,  2.135655608067659e-01
  3.300000000000001e-01, -5.817413330898436e-05, -2.256667679209778e-02,  3.166638725963466e-01,  2.705141763509302e-02,  4.072617672692162e-02,  2.130185962654524e-01
  3.400000000000000e-01, -6.513751483427284e-03, -2.672314966243583e-02,  3.187112377113571e-01,  2.539334196617228e-02,  3.541403072729441e-02,  2.119591609420644e-01
  3.500000000000000e-01, -1.278311340902120e-02, -3.072439716076292e-02,  3.206367731598814e-01,  2.422563572048382e-02,  2.992348452773333e-02,  2.104317515753053e-01
  3.600000000000000e-01, -1.880466665329883e-02, -3.450446159374732e-02,  3.223734216930220e-01,  2.361998088583203e-02,  2.426117193211718e-02,  2.085290629194221e-01
  3.700000000000001e-01, -2.452237919353989e-02, -3.798852682233367e-02,  3.238419205117114e-01,  2.361786671475733e-02,  1.845836412047092e-02,  2.063840681642027e-01
  3.800000000000000e-01, -2.988745579634967e-02, -4.110067765012482e-02,  3.249552139117134e-01,  2.423079719838367e-02,  1.256547378264300e-02,  2.041589361418751e-01
  3.900000000000001e-01, -3.486311148340981e-02, -4.377249804133965e-02,  3.256246604207853e-01,  2.544046969142475e-02,  6.644903444397492e-03,  2.020293623582589e-01
  4.000000000000000e-01, -3.942881412676770e-02, -4.595112535156942e-02,  3.257699911172334e-01,  2.720089044790050e-02,  7.632056792696532e-04,  2.001671054255643e-01
  4.100000000000000e-01, -4.358568381738958e-02, -4.760504637324781e-02,  3.253291587087971e-01,  2.944194777937056e-02, -5.016341955711200e-03,  1.987220203415043e-01
  4.200000000000000e-01, -4.736193323908398e-02, -4.872872658094707e-02,  3.242681269635075e-01,  3.207317666694161e-02, -1.063971941113082e-02,  1.978076024567168e-01
  4.300000000000000e-01, -5.081462217248688e-02, -4.934332985587497e-02,  3.225887828262700e-01,  3.498892960603265e-02, -1.606667686798914e-02,  1.974894477353849e-01
  4.400000000000000e-01, -5.402845396840609e-02, -4.949557175321440e-02,  3.203324755154218e-01,  3.807386020443425e-02, -2.127288630055984e-02,  1.977803816554516e-01
  4.500000000000001e-01, -5.711160610280180e-02, -4.925385878118371e-02,  3.175801212407470e-01,  4.120943627357890e-02, -2.625126596101552e-02,  1.986418244096741e-01
  4.600000000000000e-01, -6.018753501445848e-02, -4.870254588628176e-02,  3.144473540190010e-01,  4.427976160041935e-02, -3.101022563150396e-02,  1.999902374345358e-01
  4.700000000000000e-01, -6.338421988812357e-02, -4.793576558205359e-02,  3.110749550790381e-01,  4.717783801648390e-02, -3.557121217245402e-02,  2.017082258844173e-01
  4.800000000000000e-01, -6.682205960424005e-02, -4.705009182314912e-02,  3.076161155994591e-01,  4.981034298807237e-02, -3.996441591366485e-02,  2.036585168283359e-01
  4.900000000000000e-01, -7.060489028456832e-02, -4.613778189035589e-02,  3.042222849784778e-01,  5.210193872442453e-02, -4.422489239049054e-02,  2.056983448477634e-01
  5.000000000000000e-01, -7.481207754664372e-02, -4.528129209347109e-02,  3.010288810501155e-01,  5.399685385757393e-02, -4.838765419801866e-02,  2.076931769524633e-01
  5.100000000000000e-01, -7.949356951922870e-02, -4.454817531740018e-02,  2.981436476487886e-01,  5.546063531963705e-02, -5.248423527615270e-02,  2.095268368268873e-01
  5.200000000000000e-01, -8.466718139962544e-02, -4.398774023603069e-02,  2.956388769096640e-01,  5.648058139377857e-02, -5.654042083764391e-02,  2.111073940108107e-01
  5.300000000000000e-01, -9.031964200457000e-02, -4.362914680952135e-02,  2.935494240898109e-01,  5.706557886926149e-02, -6.057544568786139e-02,  2.123680043524792e-01
  5.400000000000000e-01, -9.640657694329137e-02, -4.348137091051685e-02,  2.918750377187244e-01,  5.724600865184372e-02, -6.460259632483305e-02,  2.132647947763781e-01
  5.500000000000000e-01, -1.028566975480047e-01, -4.353466672021411e-02,  2.905864579638756e-01,  5.707282037846187e-02, -6.863073722229457e-02,  2.137711510505345e-01
  5.600000000000001e-01, -1.095774911775782e-01, -4.376378965370487e-02,  2.896351097108819e-01,  5.661603486331361e-02, -7.266624715157820e-02,  2.138706179194063e-01
  5.700000000000001e-01, -1.164609048200202e-01, -4.413256014379430e-02,  2.889593536538783e-01,  5.596141843130936e-02, -7.671452220181284e-02,  2.135556563949997e-01
  5.800000000000001e-01, -1.233936300596530e-01, -4.459883648989282e-02,  2.884935126451454e-01,  5.520586288930160e-02, -8.078059260870896e-02,  2.128229564581419e-01
  5.900000000000001e-01, -1.302662015011081e-01, -4.511951746001963e-02,  2.881709531460194e-01,  5.445088008552958e-02, -8.486795752970097e-02,  2.116763501069049e-01
  6.000000000000000e-01, -1.369818981078641e-01, -4.565446670369844e-02,  2.879268957939030e-01,  5.379523685758816e-02, -8.897712192776308e-02,  2.101290412427945e-01
  6.100000000000001e-01, -1.434637710708879e-01, -4.616911566317206e-02,  2.876988876103879e-01,  5.332736953195005e-02, -9.310340327213966e-02,  2.082080191929944e-01
  6.200000000000001e-01, -1.496598092786818e-01, -4.663574584214514e-02,  2.874256135810771e-01,  5.311814308742443e-02, -9.723526571773032e-02,  2.059589397961775e-01
  6.300000000000000e-01, -1.555450203887666e-01, -4.703363680056016e-02,  2.870480454172482e-01,  5.321518426601805e-02, -1.013539966323118e-01,  2.034488128650316e-01
  6.400000000000000e-01, -1.611204585342805e-01, -4.734812944991318e-02,  2.865100638787726e-01,  5.363935637499387e-02, -1.054347877235852e-01,  2.007671830747703e-01
  6.500000000000001e-01, -1.664109689332915e-01, -4.756961257048320e-02,  2.857613600710174e-01,  5.438314229145343e-02, -1.094495689486124e-01,  1.980232544760976e-01
  6.600000000000000e-01, -1.714599106573240e-01, -4.769219300772787e-02,  2.847613703855759e-01,  5.541340648597548e-02, -1.133713429491853e-01,  1.953389986486068e-01
  6.700000000000000e-01, -1.763222289337056e-01, -4.771264874822490e-02,  2.834851517808490e-01,  5.667621650167907e-02, -1.171788943386409e-01,  1.928380970695988e-01
  6.800000000000000e-01, -1.810567274973686e-01, -4.762995297747707e-02,  2.819280653388630e-01,  5.810399392338584e-02, -1.208610531300505e-01,  1.906326763823603e-01
  6.900000000000001e-01, -1.857179055932292e-01, -4.744466848285334e-02,  2.801108831896311e-01,  5.962470395026732e-02, -1.244191026729873e-01,  1.888080801466301e-01
  7.000000000000001e-01, -1.903467565868993e-01, -4.715957640311075e-02,  2.780823711749502e-01,  6.117190471201921e-02, -1.278679619935358e-01,  1.874090958254032e-01
  7.100000000000001e-01, -1.949655218084450e-01, -4.678024273742087e-02,  2.759194602976938e-01,  6.269277051860714e-02, -1.312339909773289e-01,  1.864304954827834e-01
  7.200000000000000e-01, -1.995727573771411e-01, -4.631585555209705e-02,  2.737221982288773e-01,  6.415509053468628e-02, -1.345519350535219e-01,  1.858147031691715e-01
  7.300000000000001e-01, -2.041437351329530e-01, -4.578022801696946e-02,  2.716048303730615e-01,  6.554987005137054e-02, -1.378597753229800e-01,  1.854587028715565e-01
  7.400000000000001e-01, -2.086353085204507e-01, -4.519210588150502e-02,  2.696837229384783e-01,  6.689043947510266e-02, -1.411941648892077e-01,  1.852283103024088e-01
  7.500000000000000e-01, -2.129905466134246e-01, -4.457608730384988e-02,  2.680597467769511e-01,  6.820896288615991e-02, -1.445871448242781e-01,  1.849833466633718e-01
  7.600000000000000e-01, -2.171660183470925e-01, -4.395543579008199e-02,  2.668086680285939e-01,  6.954389920551564e-02, -1.480585362474610e-01,  1.845942500873102e-01
  7.700000000000001e-01, -2.211219358788337e-01, -4.335857482961258e-02,  2.659608155936410e-01,  7.093796696252200e-02, -1.516200654772733e-01,  1.839770288509353e-01
  7.800000000000000e-01, -2.248482370016696e-01, -4.281067448990394e-02,  2.654998218221480e-01,  7.242522519864750e-02, -1.552707135748691e-01,  1.831008179991147e-01
  7.900000000000000e-01, -2.283672146337749e-01, -4.233239826754165e-02,  2.653617864763215e-01,  7.402602866621903e-02, -1.589989395828877e-01,  1.819956003646802e-01
  8.000000000000000e-01, -2.317337882578438e-01, -4.193827794216709e-02,  2.654437991966906e-01,  7.574414422813316e-02, -1.627850373897403e-01,  1.807472794369605e-01
  8.100000000000001e-01, -2.350300036054076e-01, -4.163502852213030e-02,  2.656187684815200e-01,  7.756774861998811e-02, -1.666050179946957e-01,  1.794813376855807e-01
  8.200000000000001e-01, -2.383520161947507e-01, -4.142125776473038e-02,  2.657524358325650e-01,  7.947289991668724e-02, -1.704345339478707e-01,  1.783410201740288e-01
  8.300000000000001e-01, -2.417946717791764e-01, -4.128813761708194e-02,  2.657224186857005e-01,  8.142948446051533e-02, -1.742527017866440e-01,  1.774623821337772e-01
  8.400000000000001e-01, -2.454366752614197e-01, -4.122014414524178e-02,  2.654324551475937e-01,  8.340772610530182e-02, -1.780448364515358e-01,  1.769523556746078e-01
  8.500000000000001e-01, -2.493274949902395e-01, -4.119709969496888e-02,  2.648230462502570e-01,  8.538353904210223e-02, -1.818039277858386e-01,  1.768720506814344e-01
  8.600000000000001e-01, -2.534827386144533e-01, -4.119626257558973e-02,  2.638743540357350e-01,  8.734141129980565e-02, -1.855304294858602e-01,  1.772301232490622e-01
  8.700000000000000e-01, -2.578846327320545e-01, -4.119431601886414e-02,  2.626037150037253e-01,  8.927501083802548e-02, -1.892307164087668e-01,  1.779849346093691e-01
  8.800000000000001e-01, -2.624882707124944e-01, -4.116913080432183e-02,  2.610583194891146e-01,  9.118623217579665e-02, -1.929150877823017e-01,  1.790532766241875e-01
  8.900000000000001e-01, -2.672354053529681e-01, -4.110123973910706e-02,  2.593024437444408e-01,  9.308009967597031e-02, -1.965921346977264e-01,  1.803318037778378e-01
  9.000000000000000e-01, -2.720488054843072e-01, -4.097545766356392e-02,  2.574134270370724e-01,  9.496808323552015e-02, -2.002764886250892e-01,  1.816880134625250e-01
  9.100000000000000e-01, -2.768619791732669e-01, -4.078040085109280e-02,  2.554615322350770e-01,  9.685691596741705e-02, -2.039721202131791e-01,  1.830099768179452e-01
  9.200000000000002e-01, -2.816101538690357e-01, -4.050932291277398e-02,  2.535084441552081e-01,  9.875273181168419e-02, -2.076813239334208e-01,  1.841957656347735e-01
  9.300000000000000e-01, -2.862361797809144e-01, -4.015975383548476e-02,  2.516009534184634e-01,  1.006597472305760e-01, -2.114028168413694e-01,  1.851665222608733e-01
  9.400000000000001e-01, -2.906915974629775e-01, -3.973338324303799e-02,  2.497696308416081e-01,  1.025802292210113e-01, -2.151329506589471e-01,  1.858703871577831e-01
  9.500000000000001e-01, -2.949366004912455e-01, -3.923475396913312e-02,  2.480287785372113e-01,  1.045152773254211e-01, -2.188671318201213e-01,  1.862836611132768e-01
  9.600000000000001e-01, -2.989401793787723e-01, -3.867074629727307e-02,  2.463776067642352e-01,  1.064661524590631e-01, -2.226017478113753e-01,  1.864105753491317e-01
  9.700000000000001e-01, -3.026803576933233e-01, -3.804935246291530e-02,  2.448041252008104e-01,  1.084348529962924e-01, -2.263356090358329e-01,  1.862787779743367e-01
  9.800000000000001e-01, -3.061439739859024e-01, -3.737856520645000e-02,  2.432877981164359e-01,  1.104246566754048e-01, -2.300704627600422e-01,  1.859342535913183e-01
  9.900000000000001e-01, -3.093279227873756e-01, -3.666549768875127e-02,  2.418032495059590e-01,  1.124405423926897e-01, -2.338114219871163e-01,  1.854349749843633e-01
  1.000000000000000e+00, -3.122379584340684e-01, -3.591616885470450e-02,  2.403248992325163e-01,  1.144887301299066e-01, -2.375659956932238e-01,  1.848408445179307e-01
  1.010000000000000e+00, -3.148882471763036e-01, -3.513641658447741e-02,  2.388297159466500e-01,  1.165758863760499e-01, -2.413430752135675e-01,  1.842107769616364e-01
  1.020000000000000e+00, -3.173001181028942e-01, -3.433251480504196e-02,  2.373017391642003e-01,  1.187082853219759e-01, -2.451511029614093e-01,  1.835922804218260e-01
  1.030000000000000e+00, -3.195002983705258e-01, -3.351285157941364e-02,  2.357345719493358e-01,  1.208901390823901e-01, -2.489962335631599e-01,  1.830183138364307e-01
  1.040000000000000e+00, -3.215191586522922e-01, -3.268854101435958e-02,  2.341339555133573e-01,  1.231220526890327e-01, -2.528810461468550e-01,  1.825032018548716e-01
  1.050000000000000e+00, -3.233903528974427e-01, -3.187352157112344e-02,  2.325182092293673e-01,  1.254002559698638e-01, -2.568032773370063e-01,  1.820418381014067e-01
  1.060000000000000e+00, -3.251500062157359e-01, -3.108371553832034e-02,  2.309174290505150e-01,  1.277150410469178e-01, -2.607549391531365e-01,  1.816112181401865e-01
  1.070000000000000e+00, -3.268360549454427e-01, -3.033553029722369e-02,  2.293709703563504e-01,  1.300507212090939e-01, -2.647222445242575e-01,  1.811746250509509e-01
  1.080000000000000e+00, -3.284894100559258e-01, -2.964312174980877e-02,  2.279250643113961e-01,  1.323852185001796e-01, -2.686854524042807e-01,  1.806854170062073e-01
  1.090000000000000e+00, -3.301531312680130e-01, -2.901565406152318e-02,  2.266273848209282e-01,  1.346905680107823e-01, -2.726197023360251e-01,  1.800933133752483e-01
  1.100000000000000e+00, -3.318734195804715e-01, -2.845525708978536e-02,  2.255253565025077e-01,  1.369335018035787e-01, -2.764956941464878e-01,  1.793476433992191e-01
  1.110000000000000e+00, -3.336983652221745e-01, -2.795551890044079e-02,  2.246611988023758e-01,  1.390769403714430e-01, -2.802808885611988e-01,  1.784012775644860e-01
  1.120000000000000e+00, -3.356764334252977e-01, -2.750159039590927e-02,  2.240706155378892e-01,  1.410821183098377e-01, -2.839410402135498e-01,  1.772111608354046e-01
  1.130000000000000e+00, -3.378534685775055e-01, -2.707225668159285e-02,  2.237814235201977e-01,  1.429113776297249e-01, -2.874417161186749e-01,  1.757372554918088e-01
  1.140000000000000e+00, -3.402688581855901e-01, -2.664286276808947e-02,  2.238109691113077e-01,  1.445318735047755e-01, -2.907501868018803e-01,  1.739439862226300e-01
  1.150000000000000e+00, -3.429511311020053e-01, -2.618938559089012e-02,  2.241661018267219e-01,  1.459192195936687e-01, -2.938369678985457e-01,  1.717974207741381e-01
  1.160000000000000e+00, -3.459132521039391e-01, -2.569298338645032e-02,  2.248429831497668e-01,  1.470608247333321e-01, -2.966778586533920e-01,  1.692655555720815e-01
  1.170000000000000e+00, -3.491482408335497e-01, -2.514435953561955e-02,  2.258254098151736e-01,  1.479591746640975e-01, -2.992550836731293e-01,  1.663198586661717e-01
  1.180000000000000e+00, -3.526267988815817e-01, -2.454639171766804e-02,  2.270848381834890e-01,  1.486333095870012e-01, -3.015590823413795e-01,  1.629369444130176e-01
  1.190000000000000e+00, -3.562962820675580e-01, -2.391618770689274e-02,  2.285796791093088e-01,  1.491183273573880e-01, -3.035895641385457e-01,  1.591025063045214e-01
  1.200000000000000e+00, -3.600844350139959e-01, -2.328466161982035e-02,  2.302547405603893e-01,  1.494633109477174e-01, -3.053564310967488e-01,  1.548159992107709e-01
  1.210000000000000e+00, -3.639051959579441e-01, -2.269411498917218e-02,  2.320416706356997e-01,  1.497269025052478e-01, -3.068801993549216e-01,  1.500956698711873e-01
  1.220000000000000e+00, -3.676673269744671e-01, -2.219365272178808e-02,  2.338593340689955e-01,  1.499718985590929e-01, -3.081916794533798e-01,  1.449833031561243e-01
  1.230000000000000e+00, -3.712858733487938e-01, -2.183235122866800e-02,  2.356157207213657e-01,  1.502584426072186e-01, -3.093309440076629e-01,  1.395472006297225e-01
  1.240000000000000e+00, -3.746927058030755e-01, -2.165195869519354e-02,  2.372117870763060e-01,  1.506385086972277e-01, -3.103445149315532e-01,  1.338827722014851e-01
  1.250000000000000e+00, -3.778453102408121e-01, -2.167813771508209e-02,  2.385474862032979e-01,  1.511521535833644e-01, -3.112816244996023e-01,  1.281088653485435e-01
  1.260000000000000e+00, -3.807311762906215e-01, -2.191291010028373e-02,  2.395287411594477e-01,  1.518264080256915e-01, -3.121895423636801e-01,  1.223602727625115e-01
  1.270000000000000e+00, -3.833670155784306e-01, -2.232851984259843e-02,  2.400779535504109e-01,  1.526772143875012e-01, -3.131082672603590e-01,  1.167747590047669e-01
  1.280000000000000e+00, -3.857955833576642e-01, -2.286391829184886e-02,  2.401425453606880e-01,  1.537138973696507e-01, -3.140647356240728e-01,  1.114795112636127e-01
  1.290000000000000e+00, -3.880782754455299e-01, -2.342426613313187e-02,  2.397041597948607e-01,  1.549442009296637e-01, -3.150674323043977e-01,  1.065756422875738e-01
  1.300000000000000e+00, -3.902875856906169e-01, -2.388427292783701e-02,  2.387822223227160e-01,  1.563792932152551e-01, -3.161011166725244e-01,  1.021290719671031e-01
  1.310000000000000e+00, -3.925001556897485e-01, -2.409579921072846e-02,  2.374348169612176e-01,  1.580374807689884e-01, -3.171228428679874e-01,  9.816388082160332e-02
  1.320000000000000e+00, -3.947906359868660e-01, -2.389918834881199e-02,  2.357548968479415e-01,  1.599452609463663e-01, -3.180594350672022e-01,  9.466282543802300e-02
  1.330000000000000e+00, -3.972245424808243e-01, -2.313864150653266e-02,  2.338615542275115e-01,  1.621373225803859e-01, -3.188077180345039e-01,  9.157263145368169e-02
  1.340000000000000e+00, -3.998512908686865e-01, -2.167823533178059e-02,  2.318882680838490e-01,  1.646551904723274e-01, -3.192380981502525e-01,  8.881102211339460e-02
  1.350000000000000e+00, -4.026960306604054e-01, -1.941811081933542e-02,  2.299692353480584e-01,  1.675452720345893e-01, -3.192010456870781e-01,  8.627557331759932e-02
  1.360000000000000e+00, -4.057529512269887e-01, -1.630655310673501e-02,  2.282258166595504e-01,  1.708572087742097e-01, -3.185366934436210e-01,  8.385002816497168e-02
  1.370000000000000e+00, -4.089805362732721e-01, -1.234695108039041e-02,  2.267526574592302e-01,  1.746425272605720e-01, -3.170856689577846e-01,  8.141194770872143e-02
  1.380000000000000e+00, -4.123009504680883e-01, -7.597531796925461e-03,  2.256082643314012e-01,  1.789534878674142e-01, -3.147002555436818e-01,  7.883645834169561e-02
  1.390000000000000e+00, -4.156055955813612e-01, -2.164815701483525e-03,  2.248092224671338e-01,  1.838418341747702e-01, -3.112541871155329e-01,  7.600038309935124e-02
  1.400000000000000e+00, -4.187663017946045e-01,  3.808322841810652e-03,  2.243291220956679e-01,  1.893574360035200e-01, -3.066494368592884e-01,  7.278788190344745e-02
  1.410000000000000e+00, -4.216482074914252e-01,  1.015803555777861e-02,  2.241038522025790e-01,  1.955473150497680e-01, -3.008196526354522e-01,  6.909629460881736e-02
  1.420000000000000e+00, -4.241231581354041e-01,  1.671689540383858e-02,  2.240414081648268e-01,  2.024552843096711e-01, -2.937301141684602e-01,  6.484313158369921e-02
  1.430000000000000e+00, -4.260803174457197e-01,  2.333100255584908e-02,  2.240363403770765e-01,  2.101223865525853e-01, -2.853740651192320e-01,  5.997382388193731e-02
  1.440000000000000e+00, -4.274312454498970e-01,  2.987433910677995e-02,  2.239849784427813e-01,  2.185884248293588e-01, -2.757661313988795e-01,  5.446886277338797e-02
  1.450000000000000e+00, -4.281103769889746e-01,  3.625896691218355e-02,  2.238002253062013e-01,  2.278948989224517e-01, -2.649343157756459e-01,  4.834715770477704e-02
  1.460000000000000e+00, -4.280701015703612e-01,  4.243909103889343e-02,  2.234231547969147e-01,  2.380881632768221e-01, -2.529108343371443e-01,  4.166495459909986e-02
  1.470000000000000e+00, -4.272749401411097e-01,  4.840947508384663e-02,  2.228321909605002e-01,  2.492219554295099e-01, -2.397239007134855e-01,  3.450887202410037e-02
  1.480000000000000e+00, -4.256956651358353e-01,  5.419791709321697e-02,  2.220471580046839e-01,  2.613593275766947e-01, -2.253905873862258e-01,  2.698427505361149e-02
  1.490000000000000e+00, -4.233045963741169e-01,  5.985473506596484e-02,  2.211287409633315e-01,  2.745726533237354e-01, -2.099132977517733e-01,  1.920100808544737e-02
  1.500000000000000e+00, -4.200729584867947e-01,  6.544114782464394e-02,  2.201742586129367e-01,  2.889421823627634e-01, -1.932808599461285e-01,  1.125880275044962e-02
  1.510000000000000e+00, -4.159712256112284e-01,  7.101806726084270e-02,  2.193096696992602e-01,  3.045528771632284e-01, -1.754736165689755e-01,  3.236235670374717e-03
  1.520000000000000e+00, -4.109714935281599e-01,  7.663757866070320e-02,  2.186777785088876e-01,  3.214898548625999e-01, -1.564737503112515e-01, -4.814547362863095e-03
  1.530000000000000e+00, -4.050521898450591e-01,  8.233826138279565e-02,  2.184243248544538e-01,  3.398324469641115e-01, -1.362804788739677e-01, -1.286621185520029e-02
  1.540000000000000e+00, -3.982044021847630e-01,  8.814297804325233e-02,  2.186818551542821e-01,  3.596469512279835e-01, -1.149278716950420e-01, -2.090717099443028e-02
  1.550000000000000e+00, -3.904382543665587e-01,  9.405958955854077e-02,  2.195538423962591e-01,  3.809781601766047e-01, -9.250615290090318e-02, -2.892590988944490e-02
  1.560000000000000e+00, -3.817896726193641e-01,  1.000829465529001e-01,  2.211017055245149e-01,  4.038404561614861e-01, -6.918222014725200e-02, -3.689287957366756e-02
  1.570000000000000e+00, -3.723242234576162e-01,  1.061967919243885e-01,  2.233353732637608e-01,  4.282097276049857e-01, -4.521878752908155e-02, -4.474218510905310e-02
  1.580000000000000e+00, -3.621372595603140e-01,  1.123743390478322e-01,  2.262108236576093e-01,  4.540159300753639e-01, -2.098664979205767e-02, -5.235779484359507e-02
  1.590000000000000e+00, -3.513496906337831e-01,  1.185784293572385e-01,  2.296333811637477e-01,  4.811381374452706e-01,  3.031989270362708e-03, -5.956539326065322e-02
  1.600000000000000e+00, -3.400997372031785e-01,  1.247606004382207e-01,  2.334678372312240e-01,  5.094017374079712e-01,  2.625433886762670e-02, -6.613348313735833e-02
  1.610000000000000e+00, -3.285319383288950e-01,  1.308610965841641e-01,  2.375518517251697e-01,  5.385782918283547e-01,  4.802309512378822e-02, -7.178138992640666e-02
  1.620000000000000e+00, -3.167850242350134e-01,  1.368100734969921e-01,  2.417133806303965e-01,  5.683877687229754e-01,  6.764850034918043e-02, -7.619541297588896e-02
  1.630000000000000e+00, -3.049823064631025e-01,  1.425312094492637e-01,  2.457859118411247e-01,  5.985033759612783e-01,  8.446163117165552e-02, -7.904902608743174e-02
  1.640000000000000e+00, -2.932237909873024e-01,  1.479464233797541e-01,  2.496223632622276e-01,  6.285580474843717e-01,  9.787331337665535e-02, -8.002721168077424e-02
  1.650000000000000e+00, -2.815825900185944e-01,  1.529815576995170e-01,  2.531046968245081e-01,  6.581539662220995e-01,  1.074297641872179e-01, -7.885145312582992e-02
  1.660000000000000e+00, -2.701061308922063e-01,  1.575717665190730e-01,  2.561495717605112e-01,  6.868740560763946e-01,  1.128557097950475e-01, -7.530378197038999e-02
  1.670000000000000e+00, -2.588216264093670e-01,  1.616651148066541e-01,  2.587103353962011e-01,  7.142955966751758e-01,  1.140789789721448e-01, -6.925005906461390e-02
  1.680000000000000e+00, -2.477432103169553e-01,  1.652245420013965e-01,  2.607756787410930e-01,  7.400054098289376e-01,  1.112334101378809e-01, -6.066050797155575e-02
  1.690000000000000e+00, -2.368816921743421e-01,  1.682276496176200e-01,  2.623666926946329e-01,  7.636157334309637e-01,  1.046399679229074e-01, -4.962437182038447e-02
  1.700000000000000e+00, -2.262531380213305e-01,  1.706657247719958e-01,  2.635327817875903e-01,  7.847803308846621e-01,  9.477037574947543e-02, -3.635744027411732e-02
  1.710000000000000e+00, -2.158835909154921e-01,  1.725426227928237e-01,  2.643463572737552e-01,  8.032102729502997e-01,  8.219683388346682e-02, -2.119573644091551e-02
  1.720000000000000e+00, -2.058088502204445e-01,  1.738732180539442e-01,  2.648959456374764e-01,  8.186880638936549e-01,  6.753924992257535e-02, -4.573964604210693e-03
  1.730000000000000e+00, -1.960694900787975e-01,  1.746828978520667e-01,  2.652782445816451e-01,  8.310793119325013e-01,  5.141361620905645e-02,  1.300988724056532e-02
  1.740000000000000e+00, -1.867025397847451e-01,  1.750060236824276e-01,  2.655884363853763e-01,  8.403397319117897e-01,  3.439009947697777e-02,  3.103835640959673e-02
  1.750000000000000e+00, -1.777322185165262e-01,  1.748846633867807e-01,  2.659097762824832e-01,  8.465167828017361e-01,  1.696618797991307e-02,  4.901711255243454e-02
  1.760000000000000e+00, -1.691625679024328e-01,  1.743666907493648e-01,  2.663031326164745e-01,  8.497454533879585e-01, -4.468695640442577e-04,  6.650805971420787e-02
  1.770000000000000e+00, -1.609720882321179e-01,  1.735038106166209e-01,  2.667976057504420e-01,  8.502388681079347e-01, -1.752548570208439e-02,  8.314676241596169e-02
  1.780000000000000e+00, -1.531129146784447e-01,  1.723493606073472e-01,  2.673834822993891e-01,  8.482743652401669e-01, -3.402737602430468e-02,  9.864578064324682e-02
  1.790000000000000e+00, -1.455136999153549e-01,  1.709563031441581e-01,  2.680093601079124e-01,  8.441763001476184e-01, -4.978104815085078e-02,  1.127879431123187e-01
  1.800000000000000e+00, -1.380858127903760e-01,  1.693751267239771e-01,  2.685841672919634e-01,  8.382971743539515e-01, -6.467505943745544e-02,  1.254169112163241e-01
  1.810000000000000e+00, -1.307327176633017e-01,  1.676512931746212e-01,  2.689845437780408e-01,  8.309970145989830e-01, -7.864856518054135e-02,  1.364305624465893e-01
  1.820000000000000e+00, -1.233589786701594e-01,  1.658230960498641e-01,  2.690674036672818e-01,  8.226235743230156e-01, -9.168243466245575e-02,  1.457814404591860e-01
  1.830000000000000e+00, -1.158815690857089e-01,  1.639185321715129e-01,  2.686872598932781e-01,  8.134929347707045e-01, -1.037909604112158e-01,  1.534838355762767e-01
  1.840000000000000e+00, -1.082398602946157e-01,  1.619536509572579e-01,  2.677148232633924e-01,  8.038732958905502e-01, -1.150137608499541e-01,  1.596247243846463e-01
  1.850000000000000e+00, -1.004028985323009e-01,  1.599309118839105e-01,  2.660562651007445e-01,  7.939719732957923e-01, -1.254077836497507e-01,  1.643733450519544e-01
  1.860000000000000e+00, -9.237484217288595e-02,  1.578394580893092e-01,  2.636684166508763e-01,  7.839283008737304e-01, -1.350397786654012e-01,  1.679845012070745e-01
  1.870000000000000e+00, -8.419736755883039e-02,  1.556568732197512e-01,  2.605698462944517e-01,  7.738120334934167e-01, -1.439792401691521e-01,  1.707909080487610e-01
  1.880000000000000e+00, -7.594658911002884e-02,  1.533530703297488e-01,  2.568439300974715e-01,  7.636286339837312e-01, -1.522918778038553e-01,  1.731827524462638e-01
  1.890000000000000e+00, -6.772768200311981e-02,  1.508957642552620e-01,  2.526351485837940e-01,  7.533302544355112e-01, -1.600344122340653e-01,  1.755750293390380e-01
  1.900000000000000e+00, -5.966595423992117e-02,  1.482548590268185e-01,  2.481383143220004e-01,  7.428297817047151e-01, -1.672495010439662e-01,  1.783659178305881e-01
  1.910000000000000e+00, -5.189571699292411e-02,  1.454086863563695e-01,  2.435825372660590e-01,  7.320186683549580e-01, -1.739626618026325e-01,  1.818926878356142e-01
  1.920000000000000e+00, -4.454789349075040e-02,  1.423477472595376e-01,  2.392120022718183e-01,  7.207845088414400e-01, -1.801804874270796e-01,  1.863917857054364e-01
  1.930000000000000e+00, -3.773669740541110e-02,  1.390773189472894e-01,  2.352646848801258e-01,  7.090277332498325e-01, -1.858916347126022e-01,  1.919692406995784e-01
  1.940000000000000e+00, -3.154987405243927e-02,  1.356178589662398e-01,  2.319542268657125e-01,  6.966746939999472e-01, -1.910695750984990e-01,  1.985865639569874e-01
  1.950000000000000e+00, -2.603806240550885e-02,  1.320037828673941e-01,  2.294538244453125e-01,  6.836872816843129e-01, -1.956775941853891e-01,  2.060651722930359e-01
  1.960000000000000e+00, -2.121117514681913e-02,  1.282800735140752e-01,  2.278854273367617e-01,  6.700666473215265e-01, -1.996749988022240e-01,  2.141081415371053e-01
  1.970000000000000e+00, -1.703491871865947e-02,  1.244981618133851e-01,  2.273139053021440e-01,  6.558526531495121e-01, -2.030230465460583e-01,  2.223378090913978e-01
  1.980000000000000e+00, -1.343415588349358e-02,  1.207112419390122e-01,  2.277470408649470e-01,  6.411187129884049e-01, -2.056911315456503e-01,  2.303416252132242e-01
  1.990000000000000e+00, -1.029981147157539e-02,  1.169693883044416e-01,  2.291397505868315e-01,  6.259628443179907e-01, -2.076608638423306e-01,  2.377214622540176e-01
  2.000000000000000e+00, -7.499463411067242e-03,  1.133160492135084e-01,  2.314030370317917e-01,  6.104971188873819e-01, -2.089290060420015e-01,  2.441375085395014e-01
  2.010000000000000e+00, -4.890873697614902e-03,  1.097857531520110e-01,  2.344155877400691e-01,  5.948361987985256e-01, -2.095084430733977e-01,  2.493412383653140e-01
  2.020000000000000e+00, -2.336779436554474e-03,  1.064030740529116e-01,  2.380367327314326e-01,  5.790867374378712e-01, -2.094277107558163e-01,  2.531933331469770e-01
  2.030000000000000e+00,  2.814915127925933e-04,  1.031830896113910e-01,  2.421195300510882e-01,  5.633390003326818e-01, -2.087298346858688e-01,  2.556650307461402e-01
  2.040000000000000e+00,  3.052898252185170e-03,  1.001323578143547e-01,  2.465220356279408e-01,  5.476612727182071e-01, -2.074707246822957e-01,  2.568248962485906e-01
  2.050000000000000e+00,  6.027554581174236e-03,  9.725018500691540e-02,  2.511161230498554e-01,  5.320974866758807e-01, -2.057172279592372e-01,  2.568150037751824e-01
  2.060000000000000e+00,  9.214121334204677e-03,  9.452971565961499e-02,  2.557934023689352e-01,  5.166677903930649e-01, -2.035448338908358e-01,  2.558210962183520e-01
  2.070000000000000e+00,  1.258070996107086e-02,  9.195838673278733e-02,  2.604675457487617e-01,  5.013716935547070e-01, -2.010346707296446e-01,  2.540423297320460e-01
  2.080000000000000e+00,  1.606190856050091e-02,  8.951870801180539e-02,  2.650733912004634e-01,  4.861934981410431e-01, -1.982699710253646e-01,  2.516655761767972e-01
  2.090000000000000e+00,  1.956954250192901e-02,  8.718840258048965e-02,  2.695633179626543e-01,  4.711083196267421e-01, -1.953316233728293e-01,  2.488464996038282e-01
  2.100000000000000e+00,  2.300654583654823e-02,  8.494106240462251e-02,  2.739021567413286e-01,  4.560887611483463e-01, -1.922938024156880e-01,  2.456997833020519e-01
  2.110000000000000e+00,  2.628219427194914e-02,  8.274752949408182e-02,  2.780607415152237e-01,  4.411114256853340e-01, -1.892199126686292e-01,  2.422981391513155e-01
  2.120000000000000e+00,  2.932663836292216e-02,  8.057739760904115e-02,  2.820100800856459e-01,  4.261621530760651e-01, -1.861591294816710e-01,  2.386773782102052e-01
  2.130000000000000e+00,  3.210163683856999e-02,  7.840144645129077e-02,  2.857168106441529e-01,  4.112396984059091e-01, -1.831445960866543e-01,  2.348454681348216e-01
  2.140000000000000e+00,  3.460714345576805e-02,  7.619424807788699e-02,  2.891403373777117e-01,  3.963578498778003e-01, -1.801934337255163e-01,  2.307925872541231e-01
  2.150000000000000e+00,  3.688094809789508e-02,  7.393674971593689e-02,  2.922332408335221e-01,  3.815453560925213e-01, -1.773084065814536e-01,  2.264995206817240e-01
  2.160000000000000e+00,  3.899226118751835e-02,  7.161753151761241e-02,  2.949419051635557e-01,  3.668429650736161e-01, -1.744813126561179e-01,  2.219509443782820e-01
  2.170000000000000e+00,  4.103063970185971e-02,  6.923531352569956e-02,  2.972123014282274e-01,  3.523011085087435e-01, -1.716963368337232e-01,  2.171321100648713e-01
  2.180000000000000e+00,  4.309127149450348e-02,  6.679832168291422e-02,  2.989936117871388e-01,  3.379743881295671e-01, -1.689339459770786e-01,  2.120382759003850e-01
  2.190000000000000e+00,  4.526160365115370e-02,  6.432424826119143e-02,  3.002437601529104e-01,  3.239174239321847e-01, -1.661737797272188e-01,  2.066750879548181e-01
  2.200000000000000e+00,  4.761022932822467e-02,  6.183968763456571e-02,  3.009342487331137e-01,  3.101811106601540e-01, -1.633967970226506e-01,  2.010603319678291e-01
  2.210000000000000e+00,  5.017807415474774e-02,  5.937835940316027e-02,  3.010547000206112e-01,  2.968097585283762e-01, -1.605862389027748e-01,  1.952253074506048e-01
  2.220000000000000e+00,  5.297602491284477e-02,  5.697952865191014e-02,  3.006173884908106e-01,  2.838400797448214e-01, -1.577281963866019e-01,  1.892159624796925e-01
  2.230000000000000e+00,  5.598505979047383e-02,  5.468576260984004e-02,  2.996613593588791e-01,  2.713012066344568e-01, -1.548117880501966e-01,  1.830939177358462e-01
  2.240000000000000e+00,  5.916050256575486e-02,  5.254037989080795e-02,  2.982551572616828e-01,  2.592163109751888e-01, -1.518295000892921e-01,  1.769366777532329e-01
  2.250000000000000e+00,  6.244015085219200e-02,  5.058465705286386e-02,  2.964984921729307e-01,  2.476052579840000e-01, -1.487781501768116e-01,  1.708370173726086e-01
  2.260000000000000e+00,  6.575093618994120e-02,  4.885469577948887e-02,  2.945218898611150e-01,  2.364872446542741e-01, -1.456602748859538e-01,  1.649002931652589e-01
  2.270000000000000e+00,  6.901804799209614e-02,  4.737902682504003e-02,  2.924831304861156e-01,  2.258837175832360e-01, -1.424861116019972e-01,  1.592399514723123e-01
  2.280000000000000e+00,  7.217230543793561e-02,  4.617598554657421e-02,  2.905609059282606e-01,  2.158200029744176e-01, -1.392747578755571e-01,  1.539712452855366e-01
  2.290000000000000e+00,  7.515557478046306e-02,  4.525224511054926e-02,  2.889442338474720e-01,  2.063255717127376e-01, -1.360546530821664e-01,  1.492032798577155e-01
  2.300000000000000e+00,  7.792338710838037e-02,  4.460228609616501e-02,  2.878196951987402e-01,  1.974324445364853e-01, -1.328625503991235e-01,  1.450299724295619e-01
  2.310000000000000e+00,  8.044526766689983e-02,  4.420914590856317e-02,  2.873561778180964e-01,  1.891718780728668e-01, -1.297406491540835e-01,  1.415225109632773e-01
  2.320000000000000e+00,  8.270342079220219e-02,  4.404627889517054e-02,  2.876892166565902e-01,  1.815695537027266e-01, -1.267323782795566e-01,  1.387225776011719e-01
  2.330000000000000e+00,  8.468939883150690e-02,  4.408046086855699e-02,  2.889076077870694e-01,  1.746394729750969e-01, -1.238769633350543e-01,  1.366381965936589e-01
  2.340000000000000e+00,  8.640077547747997e-02,  4.427524102569391e-02,  2.910431000663061e-01,  1.683779753414396e-01, -1.212038993054383e-01,  1.352425460508576e-01
  2.350000000000000e+00,  8.783823012587898e-02,  4.459474698189880e-02,  2.940655736037557e-01,  1.627580172555848e-01, -1.187283122251538e-01,  1.344759489353451e-01
  2.360000000000000e+00,  8.900297539849331e-02,  4.500631023882318e-02,  2.978851353611397e-01,  1.577247253841840e-01, -1.164475771711536e-01,  1.342500494550941e-01
  2.370000000000000e+00,  8.989606858977521e-02,  4.548217935975218e-02,  3.023603073495329e-01,  1.531930754625168e-01, -1.143401947964120e-01,  1.344550468111211e-01
  2.380000000000000e+00,  9.051852352325471e-02,  4.599990377308472e-02,  3.073118985124356e-01,  1.490480953123215e-01, -1.123668649994161e-01,  1.349685264947969e-01
  2.390000000000000e+00,  9.087246245148858e-02,  4.654165579106162e-02,  3.125404819368621e-01,  1.451484960946529e-01, -1.104744031332817e-01,  1.356653693504377e-01
  2.400000000000000e+00,  9.096184409272177e-02,  4.709301544375166e-02,  3.178456507498813e-01,  1.413337373040413e-01, -1.086018591550821e-01,  1.364282174642311e-01
  2.410000000000000e+00,  9.079431537322809e-02,  4.764151316804366e-02,  3.230434537997908e-01,  1.374346361256610e-01, -1.066880094405951e-01,  1.371572873506619e-01
  2.420000000000000e+00,  9.038283990087094e-02,  4.817621055366317e-02,  3.279811804593760e-01,  1.332867585335735e-01, -1.046802083744476e-01,  1.377772124502079e-01
  2.430000000000000e+00,  8.974682654496187e-02,  4.868855990865928e-02,  3.325461176317159e-01,  1.287457661724053e-01, -1.025429533685795e-01,  1.382419506770320e-01
  2.440000000000000e+00,  8.891279559937758e-02,  4.917335523576960e-02,  3.366701104504183e-01,  1.237031369475665e-01, -1.002655941786473e-01,  1.385329177856663e-01
  2.450000000000000e+00,  8.791455300844955e-02,  4.963129045883363e-02,  3.403268669461522e-01,  1.180998013482089e-01, -9.786781566004939e-02,  1.386545387006283e-01
  2.460000000000000e+00,  8.679201095889609e-02,  5.007048193494956e-02,  3.435254917782462e-01,  1.119361408435785e-01, -9.540176731925908e-02,  1.386244805591758e-01
  2.470000000000000e+00,  8.558915620553775e-02,  5.050715444755993e-02,  3.463002318299227e-01,  1.052759861561520e-01, -9.294962272436448e-02,  1.384622615356600e-01
  2.480000000000000e+00,  8.434935099769543e-02,  5.096470075863957e-02,  3.486986039621478e-01,  9.824342549539909e-02, -9.061508852911032e-02,  1.381773050834769e-01
  2.490000000000000e+00,  8.311034233868138e-02,  5.147051869246355e-02,  3.507691114345740e-01,  9.101212530808148e-02, -8.850900420501377e-02,  1.377604154334525e-01
  2.500000000000000e+00,  8.189703181976972e-02,  5.205180670468579e-02,  3.525508710132106e-01,  8.378778530828360e-02, -8.672850812284337e-02,  1.371804973313253e-01
  2.510000000000000e+00,  8.071569453500439e-02,  5.272989664970251e-02,  3.540646905701208e-01,  7.678611198487770e-02, -8.533202202285307e-02,  1.363895382286301e-01
  2.520000000000000e+00,  7.954902314058265e-02,  5.351461162590065e-02,  3.553086330690066e-01,  7.020912296121619e-02, -8.431247461964321e-02,  1.353337648383858e-01
  2.530000000000000e+00,  7.835438297606434e-02,  5.439952707765783e-02,  3.562566489484597e-01,  6.422336321276122e-02, -8.357296104649721e-02,  1.339710899336906e-01
  2.540000000000000e+00,  7.706521390609315e-02,  5.535781556795061e-02,  3.568618445386449e-01,  5.894304187350146e-02, -8.290990310283350e-02,  1.322900004963656e-01
  2.550000000000000e+00,  7.559719105563820e-02,  5.634052215583107e-02,  3.570626161821571e-01,  5.442115239605355e-02, -8.200859446227378e-02,  1.303276670574771e-01
  2.560000000000000e+00,  7.385774940247741e-02,  5.727632637854874e-02,  3.567909502672812e-01,  5.064949046885710e-02, -8.045499855553906e-02,  1.281825580885557e-01
  2.570000000000000e+00,  7.175878550419465e-02,  5.807424307109543e-02,  3.559815358265542e-01,  4.756818795319081e-02, -7.776646796047459e-02,  1.260184397302222e-01
  2.580000000000000e+00,  6.923187479988512e-02,  5.862867770892666e-02,  3.545800146057246e-01,  4.508305275289594e-02, -7.343986756079697e-02,  1.240584509762978e-01
  2.590000000000000e+00,  6.624222126229322e-02,  5.882698938907316e-02,  3.525490767778004e-01,  4.308867583904397e-02, -6.701397795446198e-02,  1.225686516840276e-01
  2.600000000000000e+00,  6.280068711928569e-02,  5.855863832131014e-02,  3.498721917755944e-01,  4.149394971562864e-02, -5.813867410647208e-02,  1.218317404847301e-01
  2.610000000000000e+00,  5.897161045471598e-02,  5.772525277763418e-02,  3.465537325243415e-01,  4.024585988075964e-02, -4.664110867870573e-02,  1.221141305677769e-01
  2.620000000000000e+00,  5.487662133122225e-02,  5.625054690324482e-02,  3.426159060812377e-01,  3.934781262500343e-02, -3.257749524046448e-02,  1.236321096757508e-01
  2.630000000000000e+00,  5.068999541779706e-02,  5.408730146020213e-02,  3.380935632260370e-01,  3.886784930434281e-02, -1.625908260545682e-02,  1.265234993969281e-01
  2.640000000000000e+00,  4.662616248411088e-02,  5.122130525314006e-02,  3.330271468892947e-01,  3.893379765442806e-02,  1.755797436610217e-03,  1.308308169410179e-01
  2.650000000000000e+00,  4.292077009113034e-02,  4.767115805852518e-02,  3.274565076853634e-01,  3.971434626417071e-02,  2.070717846262344e-02,  1.365001555309221e-01
  2.660000000000000e+00,  3.980338603007569e-02,  4.348453182280254e-02,  3.214171955100903e-01,  4.138787833475113e-02,  3.971125854252115e-02,  1.433951284468441e-01
  2.670000000000000e+00,  3.746750575533800e-02,  3.873221895106971e-02,  3.149417606846798e-01,  4.410455716113920e-02,  5.785827863353567e-02,  1.513218167019007e-01
  2.680000000000000e+00,  3.604226037616833e-02,  3.350177349940164e-02,  3.080663564767233e-01,  4.794954546542117e-02,  7.431331638059679e-02,  1.600562657869061e-01
  2.690000000000000e+00,  3.556858047658910e-02,  2.789156976644880e-02,  3.008428132057968e-01,  5.291497560988927e-02,  8.840183765793966e-02,  1.693676963769742e-01
  2.700000000000000e+00,  3.598738240416539e-02,  2.200575831545426e-02,  2.933522859677013e-01,  5.888677104514833e-02,  9.966644019654637e-02,  1.790333629173627e-01
  2.710000000000000e+00,  3.714100780518908e-02,  1.594989687962967e-02,  2.857156278240748e-01,  6.564883491078158e-02,  1.078883428747959e-01,  1.888454295477288e-01
  2.720000000000000e+00,  3.878850157945191e-02,  9.826566063322550e-03,  2.780970263819059e-01,  7.290306753792722e-02,  1.130758537107720e-01,  1.986115380061578e-01
  2.730000000000000e+00,  4.063278503558467e-02,  3.730924124709212e-03,  2.706972917358940e-01,  8.030097308937496e-02,  1.154271251883963e-01,  2.081530805509379e-01
  2.740000000000000e+00,  4.235533593190471e-02, -2.253798210576141e-03,  2.637379582464813e-01,  8.748080459011277e-02,  1.152780312405722e-01,  2.173032285526445e-01
  2.750000000000000e+00,  4.365320121096543e-02, -8.060141993077252e-03,  2.574384623762693e-01,  9.410434258187929e-02,  1.130461659402557e-01,  2.259062372366462e-01
  2.760000000000000e+00,  4.427181728343359e-02, -1.363877351921805e-02,  2.519919500915216e-01,  9.988756250545046e-02,  1.091788403819062e-01,  2.338184833324055e-01
  2.770000000000000e+00,  4.402963508706757e-02, -1.895895040812468e-02,  2.475446802585695e-01,  1.046219853225461e-01,  1.041107849137591e-01,  2.409101524590430e-01
  2.780000000000000e+00,  4.283119566536318e-02, -2.400667368211873e-02,  2.441826037628820e-01,  1.081849872576474e-01,  9.823397079559010e-02,  2.470681565499326e-01
  2.790000000000000e+00,  4.066842567601110e-02, -2.878070611841577e-02,  2.419273773989226e-01,  1.105395661300085e-01,  9.187934425270285e-02,  2.521996018541380e-01
  2.800000000000000e+00,  3.761114694273646e-02, -3.328745813055489e-02,  2.407408787455312e-01,  1.117254839825401e-01,  8.530884240349683e-02,  2.562348530041995e-01
  2.810000000000000e+00,  3.378887976679800e-02, -3.753565220991795e-02,  2.405376917744808e-01,  1.118441959534735e-01,  7.871595920227975e-02,  2.591307393867351e-01
  2.820000000000000e+00,  2.936915113008482e-02, -4.153158601771012e-02,  2.412010082268545e-01,  1.110409859987038e-01,  7.223184961000582e-02,  2.608718118197493e-01
  2.830000000000000e+00,  2.453545388658489e-02, -4.527641207404454e-02,  2.425993528095734e-01,  1.094864857693712e-01,  6.593545516675600e-02,  2.614710774154463e-01
  2.840000000000000e+00,  1.946509687430981e-02, -4.876535983808661e-02,  2.446006018649192e-01,  1.073594551127952e-01,  5.986475593371272e-02,  2.609688616647207e-01
  2.850000000000000e+00,  1.431148415100944e-02, -5.198948355434529e-02,  2.470809657071067e-01,  1.048323671518326e-01,  5.402827898611624e-02,  2.594306244494339e-01
  2.860000000000000e+00,  9.192334421469587e-03, -5.493839402546929e-02,  2.499270929499983e-01,  1.020607083877145e-01,  4.841531184925495e-02,  2.569454899555235e-01
  2.870000000000000e+00,  4.181416492631733e-03, -5.760402356912131e-02,  2.530332819537486e-01,  9.917582554628127e-02,  4.300416376756118e-02,  2.536240276688423e-01
  2.880000000000000e+00, -6.940033037747741e-04, -5.998378119784786e-02,  2.562955948537591e-01,  9.628135682845035e-02,  3.776841940739750e-02,  2.495953928787713e-01
  2.890000000000000e+00, -5.450667195028609e-03, -6.208235021529784e-02,  2.596058043826329e-01,  9.345290995597076e-02,  3.268121207125612e-02,  2.450040235042873e-01
  2.900000000000000e+00, -1.014269749484444e-02, -6.391226478239931e-02,  2.628483587349121e-01,  9.074014453833540e-02,  2.771782183347282e-02,  2.400038901998220e-01
  2.910000000000000e+00, -1.485161162850458e-02, -6.549240971624037e-02,  2.659023605944555e-01,  8.817106935997734e-02,  2.285696659341910e-02,  2.347505255046555e-01
  2.920000000000000e+00, -1.967244026963363e-02, -6.684509477423850e-02,  2.686480597519473e-01,  8.575782297711761e-02,  1.808117663650602e-02,  2.293927691304235e-01
  2.930000000000000e+00, -2.469847733984358e-02, -6.799218950619168e-02,  2.709760637746612e-01,  8.350309747230825e-02,  1.337669961427410e-02,  2.240649267019992e-01
  2.940000000000000e+00, -3.000663981443822e-02, -6.895154014955196e-02,  2.727974522386161e-01,  8.140647220571601e-02,  8.732386690377878e-03,  2.188812580104534e-01
  2.950000000000000e+00, -3.564476261700224e-02, -6.973467700643576e-02,  2.740515569064361e-01,  7.946876285798521e-02,  4.140265966549477e-03,  2.139356477446695e-01
  2.960000000000000e+00, -4.162482873447665e-02, -7.034573296058300e-02,  2.747106187792926e-01,  7.769486879035838e-02, -4.052532882860235e-04,  2.093033962430572e-01
  2.970000000000000e+00, -4.791948517711562e-02, -7.078232694493769e-02,  2.747801812268117e-01,  7.609478571158823e-02, -4.907538865413516e-03,  2.050462199751435e-01
  2.980000000000000e+00, -5.446614394899425e-02, -7.103768354888684e-02,  2.742962220020320e-01,  7.468235495669280e-02, -9.367846513175944e-03,  2.012176218247637e-01
  2.990000000000000e+00, -6.117372475717028e-02, -7.110392149166533e-02,  2.733187368578507e-01,  7.347330684871570e-02, -1.378579395684970e-02,  1.978684016922243e-01
  3.000000000000000e+00, -6.793436780111806e-02, -7.097503818314088e-02,  2.719239149475559e-01,  7.248284161530617e-02, -1.816032823785555e-02,  1.950493465639531e-01
  3.010000000000000e+00, -7.463606070321017e-02, -7.065010678677353e-02,  2.701957983769447e-01,  7.172329158339499e-02, -2.249095248678577e-02,  1.928114357897508e-01
  3.020000000000000e+00, -8.117595338920408e-02, -7.013501332226513e-02,  2.682183314947115e-01,  7.120279322546164e-02, -2.677912885586499e-02,  1.912028939082087e-01
  3.030000000000000e+00, -8.747204651088343e-02, -6.944332946600040e-02,  2.660691550922061e-01,  7.092473618439921e-02, -3.102973400700669e-02,  1.902635299072904e-01
  3.040000000000000e+00, -9.347101714140300e-02, -6.859588576981879e-02,  2.638154196387926e-01,  7.088848060781182e-02, -3.525230878175039e-02,  1.900172051266921e-01
  3.050000000000000e+00, -9.915239443917422e-02, -6.761925549065961e-02,  2.615122298397456e-01,  7.109082682745592e-02, -3.946168472189308e-02,  1.904639528868312e-01
  3.060000000000000e+00, -1.045286911868947e-01, -6.654367870200950e-02,  2.592031799885851e-01,  7.152758286029157e-02, -4.367779849727152e-02,  1.915730210554969e-01
  3.070000000000000e+00, -1.096411669509429e-01, -6.540029001202718e-02,  2.569224995542367e-01,  7.219518388800102e-02, -4.792474353289364e-02,  1.932784038108450e-01
  3.080000000000000e+00, -1.145528211151942e-01, -6.421853590776960e-02,  2.546979139144871e-01,  7.309177920824042e-02, -5.222873925541276e-02,  1.954781057246855e-01
  3.090000000000000e+00, -1.193389481724941e-01, -6.302373045668719e-02,  2.525531667387398e-01,  7.421743427171207e-02, -5.661546344293072e-02,  1.980379032887407e-01
  3.100000000000000e+00, -1.240776825832527e-01, -6.183557349969404e-02,  2.505099466981578e-01,  7.557373814238830e-02, -6.110696822652210e-02,  2.007989444247397e-01
  3.110000000000000e+00, -1.288407357507013e-01, -6.066753727246810e-02,  2.485879836203092e-01,  7.716270749857733e-02, -6.571848295137957e-02,  2.035903832629542e-01
  3.120000000000000e+00, -1.336857796218401e-01, -5.952673200058767e-02,  2.468037618498559e-01,  7.898549202980433e-02, -7.045572087698433e-02,  2.062437157219763e-01
  3.130000000000000e+00, -1.386509650541977e-01, -5.841444462968082e-02,  2.451674907421408e-01,  8.104117030022154e-02, -7.531326951738498e-02,  2.086088581840215e-01
  3.140000000000000e+00, -1.437509751197862e-01, -5.732750274717202e-02,  2.436799199145756e-01,  8.332610321792885e-02, -8.027476321426319e-02,  2.105684781350512e-01
  3.150000000000000e+00, -1.489781435831993e-01, -5.625873017697969e-02,  2.423280935765567e-01,  8.583361929312205e-02, -8.531416894581460e-02,  2.120517469796711e-01
  3.160000000000000e+00, -1.543020691053312e-01, -5.519891258836696e-02,  2.410861230877806e-01,  8.855499758812421e-02, -9.039984431598519e-02,  2.130356027707670e-01
  3.170000000000000e+00, -1.596742678366201e-01, -5.413743377636915e-02,  2.399149232305322e-01,  9.148006388572874e-02, -9.549878901967060e-02,  2.135475493334181e-01
  3.180000000000000e+00, -1.650332008417824e-01, -5.306375470155356e-02,  2.387661262938877e-01,  9.459803424837002e-02, -1.005815899705769e-01,  2.136588514548994e-01
  3.190000000000000e+00, -1.703099125978717e-01, -5.196843234818216e-02,  2.375878016546341e-01,  9.789789446893483e-02, -1.056271349623418e-01,  2.134733801578920e-01
  3.200000000000000e+00, -1.754347302226661e-01, -5.084451323267003e-02,  2.363304879056426e-01,  1.013673828099441e-01, -1.106250909179547e-01,  2.131148166964917e-01
  3.210000000000000e+00, -1.803437218980783e-01, -4.968801460619665e-02,  2.349529630759043e-01,  1.049911981141511e-01, -1.155772422797016e-01,  2.127126475774350e-01
  3.220000000000000e+00, -1.849843252758382e-01, -4.849891129860739e-02,  2.334266509495289e-01,  1.087484533426813e-01, -1.204955622484270e-01,  2.123896185315097e-01
  3.230000000000000e+00, -1.893200636481296e-01, -4.728147733594179e-02,  2.317379418558032e-01,  1.126099882828031e-01, -1.253990574251937e-01,  2.122510773409146e-01
  3.240000000000000e+00, -1.933334293618387e-01, -4.604368178390228e-02,  2.298884461107698e-01,  1.165362666103898e-01, -1.303090990824702e-01,  2.123778320624603e-01
  3.250000000000000e+00, -1.970271941356715e-01, -4.479669504683481e-02,  2.278940358806952e-01,  1.204768225971722e-01, -1.352447622880534e-01,  2.128222421932163e-01
  3.260000000000000e+00, -2.004237010273585e-01, -4.355390865052011e-02,  2.257822722401861e-01,  1.243715042144659e-01, -1.402187114700578e-01,  2.136070118307216e-01
  3.270000000000000e+00, -2.035628018893484e-01, -4.232958404780307e-02,  2.235907684733731e-01,  1.281538926594367e-01, -1.452345018629982e-01,  2.147256037492963e-01
  3.280000000000000e+00, -2.064981317135092e-01, -4.113729076151773e-02,  2.213647446777217e-01,  1.317566513695669e-01, -1.502855845229405e-01,  2.161444533931835e-01
  3.290000000000000e+00, -2.092920670979198e-01, -3.998859869433069e-02,  2.191549741161767e-01,  1.351178499117044e-01, -1.553555154451464e-01,  2.178064031248969e-01
  3.300000000000000e+00, -2.120112448876226e-01, -3.889249114773685e-02,  2.170151632280470e-01,  1.381871667925329e-01, -1.604196206427849e-01,  2.196358783424408e-01
  3.310000000000000e+00, -2.147205036983392e-01, -3.785454358123785e-02,  2.149979930425507e-01,  1.409310446436822e-01, -1.654475469569900e-01,  2.215457410937463e-01
  3.320000000000000e+00, -2.174778231876991e-01, -3.687723248812191e-02,  2.131504881071299e-01,  1.433361489769117e-01, -1.704062274047497e-01,  2.234457963578101e-01
  3.330000000000000e+00, -2.203291389010617e-01, -3.596034895005862e-02,  2.115088510471346e-01,  1.454107250799403e-01, -1.752636801855040e-01,  2.252520974777469e-01
  3.340000000000000e+00, -2.233050825082641e-01, -3.510144279834471e-02,  2.100938628445424e-01,  1.471836875556152e-01, -1.799926145903040e-01,  2.268948291157877e-01
  3.350000000000000e+00, -2.264175823395550e-01, -3.429596424509218e-02,  2.089071313724945e-01,  1.487022915265630e-01, -1.845737095266751e-01,  2.283250044866398e-01
  3.360000000000000e+00, -2.296599531929409e-01, -3.353712314563628e-02,  2.079288874280082e-01,  1.500282175311619e-01, -1.889981457368181e-01,  2.295175206350542e-01
  3.370000000000000e+00, -2.330078268517714e-01, -3.281552298167267e-02,  2.071182642968367e-01,  1.512329185733827e-01, -1.932688201874329e-01,  2.304708199359732e-01
  3.380000000000000e+00, -2.364215683540490e-01, -3.211878023204351e-02,  2.064160414890839e-01,  1.523925615421199e-01, -1.974002218456133e-01,  2.312039866715923e-01
  3.390000000000000e+00, -2.398493519354167e-01, -3.143141965893981e-02,  2.057489107163643e-01,  1.535834459129470e-01, -2.014168562347737e-01,  2.317514917250149e-01
  3.400000000000000e+00, -2.432320461303610e-01, -3.073503946031342e-02,  2.050360929234668e-01,  1.548776165186460e-01, -2.053510252497371e-01,  2.321567180066817e-01
  3.410000000000000e+00, -2.465076756051810e-01, -3.000881638843644e-02,  2.041967623352969e-01,  1.563395764458394e-01, -2.092399633680492e-01,  2.324657353135184e-01
  3.420000000000000e+00, -2.496161194381913e-01, -2.923101355998847e-02,  2.031572422940574e-01,  1.580237741256907e-01, -2.131227874022455e-01,  2.327223877798443e-01
  3.430000000000000e+00, -2.525031084393357e-01, -2.838001457651584e-02,  2.018580603896591e-01,  1.599730737982468e-01, -2.170382084988338e-01,  2.329644852614935e-01
  3.440000000000000e+00, -2.551256865147679e-01, -2.743652707818822e-02,  2.002602302233540e-01,  1.622171292352128e-01, -2.210214855878564e-01,  2.332213517490764e-01
  3.450000000000000e+00, -2.574556488235967e-01, -2.638585557827922e-02,  1.983496140295426e-01,  1.647713529290805e-01, -2.251023376319928e-01,  2.335137259105042e-01
  3.460000000000000e+00, -2.594824523765576e-01, -2.522020436914052e-02,  1.961392204478603e-01,  1.676356825136081e-01, -2.293027013320841e-01,  2.338548629979638e-01
  3.470000000000000e+00, -2.612157926897431e-01, -2.394065329728390e-02,  1.936692551787184e-01,  1.707932454137876e-01, -2.336348729371500e-01,  2.342523578283233e-01
  3.480000000000000e+00, -2.626861101016165e-01, -2.255804069342138e-02,  1.910029495605651e-01,  1.742093537848911e-01, -2.380999999669575e-01,  2.347117379484830e-01
  3.490000000000000e+00, -2.639451632636408e-01, -2.109320229726563e-02,  1.882205935093413e-01,  1.778306806675754e-01, -2.426874269302460e-01,  2.352393984296212e-01
  3.500000000000000e+00, -2.650639700616773e-01, -1.957532765864434e-02,  1.854103573722407e-01,  1.815859790601007e-01, -2.473747331367302e-01,  2.358452635173025e-01
  3.510000000000000e+00, -2.661301183176364e-01, -1.803986461994045e-02,  1.826589195349402e-01,  1.853874649540433e-01, -2.521286273887822e-01,  2.365445351762944e-01
  3.520000000000000e+00, -2.672440995376210e-01, -1.652481581429321e-02,  1.800430076245896e-01,  1.891338611757780e-01, -2.569067430191877e-01,  2.373562969339102e-01
  3.530000000000000e+00, -2.685135212815675e-01, -1.506753735169086e-02,  1.776234693274106e-01,  1.927148109685153e-01, -2.616598953897339e-01,  2.383006134303906e-01
  3.540000000000000e+00, -2.700465283413966e-01, -1.370043880263250e-02,  1.754423387765448e-01,  1.960171782226182e-01, -2.663357697735773e-01,  2.393932264110294e-01
  3.550000000000000e+00, -2.719448412573334e-01, -1.244826763245910e-02,  1.735233818059512e-01,  1.989321083217632e-01, -2.708827827333832e-01,  2.406407591918767e-01
  3.560000000000000e+00, -2.742943016511170e-01, -1.132522127778768e-02,  1.718754556454403e-01,  2.013634145208930e-01, -2.752542125161064e-01,  2.420320986750266e-01
  3.570000000000000e+00, -2.771572308939296e-01, -1.033396408765053e-02,  1.704960314248629e-01,  2.032359046086100e-01, -2.794128222340223e-01,  2.435384689751943e-01
  3.580000000000000e+00, -2.805644648295141e-01, -9.465393029711722e-03,  1.693766283168637e-01,  2.045031746933940e-01, -2.833346005534379e-01,  2.451092767211683e-01
  3.590000000000000e+00, -2.845102048050157e-01, -8.700273236882827e-03,  1.685070201916157e-01,  2.051531472072320e-01, -2.870113775280616e-01,  2.466745054478822e-01
  3.600000000000000e+00, -2.889508134831599e-01, -8.011856221479929e-03,  1.678786407500494e-01,  2.052108102025893e-01, -2.904517829261915e-01,  2.481491072108446e-01
  3.610000000000000e+00, -2.938070315326139e-01, -7.369679292432485e-03,  1.674856057215427e-01,  2.047374248993827e-01, -2.936805839924992e-01,  2.494403223741072e-01
  3.620000000000000e+00, -2.989721495168508e-01, -6.743557440009651e-03,  1.673250155264251e-01,  2.038252477432996e-01, -2.967358341420627e-01,  2.504560351344044e-01
  3.630000000000000e+00, -3.043224028383646e-01, -6.107569325689566e-03,  1.673950123368997e-01,  2.025889682365835e-01, -2.996642736102811e-01,  2.511129607355696e-01
  3.640000000000000e+00, -3.097304578827259e-01, -5.443483238930957e-03,  1.676932153151527e-01,  2.011543716470461e-01, -3.025160279107970e-01,  2.513424331055820e-01
  3.650000000000000e+00, -3.150778574735351e-01, -4.743042737714420e-03,  1.682144716649424e-01,  1.996464602917642e-01, -3.053390619127125e-01,  2.510944375290532e-01
  3.660000000000000e+00, -3.202657047253740e-01, -4.008942266492177e-03,  1.689488219286823e-01,  1.981779808428170e-01, -3.081745246201180e-01,  2.503385093770996e-01
  3.670000000000000e+00, -3.252216661408667e-01, -3.254793839635450e-03,  1.698799209659293e-01,  1.968406356163135e-01, -3.110534201256080e-01,  2.490616351479715e-01
  3.680000000000000e+00, -3.299022827086338e-01, -2.503665123007259e-03,  1.709849437718785e-01,  1.956994207619994e-01, -3.139953460195063e-01,  2.472649148665455e-01
  3.690000000000000e+00, -3.342920502293752e-01, -1.785396320734600e-03,  1.722343623335985e-01,  1.947910073450927e-01, -3.170089929425147e-01,  2.449588284373261e-01
  3.700000000000000e+00, -3.383977775633624e-01, -1.132678014751143e-03,  1.735933034522757e-01,  1.941260735078356e-01, -3.200940890630677e-01,  2.421579928736816e-01
  3.710000000000000e+00, -3.422427884321714e-01, -5.760164716892557e-04,  1.750236444649575e-01,  1.936942018895819e-01, -3.232439459732193e-01,  2.388764523512945e-01
  3.720000000000000e+00, -3.458584978517465e-01, -1.382736246411387e-04,  1.764858321405389e-01,  1.934713507847527e-01, -3.264480320553201e-01,  2.351248809173542e-01
  3.730000000000000e+00, -3.492773982039398e-01,  1.706160598204942e-04,  1.779410503883358e-01,  1.934277966598839e-01, -3.296934282154827e-01,  2.309101331699778e-01
  3.740000000000000e+00, -3.525278797476016e-01,  3.587986415456434e-04,  1.793526736205848e-01,  1.935361557599125e-01, -3.329651786142400e-01,  2.262376196423643e-01
  3.750000000000000e+00, -3.556303013431139e-01,  4.556901227865673e-04,  1.806871923969643e-01,  1.937784954255233e-01, -3.362450773289729e-01,  2.211168709672187e-01
  3.760000000000000e+00, -3.585967103580925e-01,  5.129651441415639e-04,  1.819150061148568e-01,  1.941515553712924e-01, -3.395090034717885e-01,  2.155682841708797e-01
  3.770000000000000e+00, -3.614312569972836e-01,  6.028515213227781e-04,  1.830111711226328e-01,  1.946697795769262e-01, -3.427231122460164e-01,  2.096299378519049e-01
  3.780000000000000e+00, -3.641340411769605e-01,  8.132788660151213e-04,  1.839576115724132e-01,  1.953654948314275e-01, -3.458397544783932e-01,  2.033617530172500e-01
  3.790000000000000e+00, -3.667036243716149e-01,  1.240319292392877e-03,  1.847440046678952e-01,  1.962866909325674e-01, -3.487934321551330e-01,  1.968472436510462e-01
  3.800000000000000e+00, -3.691403198508632e-01,  1.978649061763926e-03,  1.853705895830660e-01,  1.974928636674745e-01, -3.514985101159408e-01,  1.901893636178008e-01
  3.810000000000000e+00, -3.714488048996893e-01,  3.111159640795114e-03,  1.858496137458194e-01,  1.990493909823692e-01, -3.538484552501740e-01,  1.835017764315913e-01
  3.820000000000000e+00, -3.736382312217280e-01,  4.699479908737203e-03,  1.862058776645096e-01,  2.010222316310602e-01, -3.557177563892316e-01,  1.768961909362760e-01
  3.830000000000000e+00, -3.757200955326338e-01,  6.776891431223175e-03,  1.864758927003881e-01,  2.034735880006700e-01, -3.569669614253022e-01,  1.704671036774444e-01
  3.840000000000000e+00, -3.777069790739512e-01,  9.345044255141932e-03,  1.867042670526335e-01,  2.064580496749927e-01, -3.574498710448423e-01,  1.642778180394741e-01
  3.850000000000000e+00, -3.796071420932920e-01,  1.238996306345097e-02,  1.869443171828180e-01,  2.100437479753409e-01, -3.569906468773974e-01,  1.583573170588965e-01
  3.860000000000000e+00, -3.814298338161800e-01,  1.583123922103602e-02,  1.872311446767081e-01,  2.142286693644472e-01, -3.555021781450285e-01,  1.526654629165974e-01
  3.870000000000000e+00, -3.831860531536177e-01,  1.954260570756583e-02,  1.875449301708351e-01,  2.188801155414082e-01, -3.531098339647954e-01,  1.471209317525896e-01
