Main.Studies.MarkerTracking.t,Main.Studies.MarkerTracking.JointAngleOutputs.OutputFile3.HipFlexion,Main.Studies.MarkerTracking.JointAngleOutputs.OutputFile3.HipAbduction,Main.Studies.MarkerTracking.JointAngleOutputs.OutputFile3.HipExternalRotation,Main.Studies.MarkerTracking.JointAngleOutputs.OutputFile3.KneeFlexion,Main.Studies.MarkerTracking.JointAngleOutputs.OutputFile3.AnklePlantarFlexion,Main.Studies.MarkerTracking.JointAngleOutputs.OutputFile3.SubTalarEversion
 2.791890000000000e+000,-2.235964695840061e-001, 5.776369502562040e-002,-1.786926368618342e-001, 1.431056881051718e-001,-2.511418803051811e-001, 4.840252197193423e-002
 2.796057000000000e+000,-2.283969207237350e-001, 5.859162452182831e-002,-1.815444639810110e-001, 1.455901348355403e-001,-2.531991612260567e-001, 4.859884160016467e-002
 2.800224000000000e+000,-2.329657419057114e-001, 5.954040000654026e-002,-1.846471405449965e-001, 1.484921166907133e-001,-2.550843936647722e-001, 4.911530211992300e-002
 2.804391000000000e+000,-2.372923225836606e-001, 6.061674540761075e-002,-1.880474067132300e-001, 1.518303560285038e-001,-2.567817998047948e-001, 4.998751933866731e-002
 2.808558000000000e+000,-2.413676570104952e-001, 6.182603569623324e-002,-1.917950692869959e-001, 1.556217058193074e-001,-2.582740994433446e-001, 5.125730348963411e-002
 2.812725000000000e+000,-2.451831323826535e-001, 6.317172150200090e-002,-1.959394789981970e-001, 1.598828426758687e-001,-2.595436162562513e-001, 5.296709760296634e-002
 2.816892000000000e+000,-2.487298880472421e-001, 6.465455794491026e-002,-2.005277478535054e-001, 1.646296512941602e-001,-2.605719877574183e-001, 5.515879546985254e-002
 2.821059000000000e+000,-2.520002388095697e-001, 6.627275999732518e-002,-2.056055884964102e-001, 1.698792708377755e-001,-2.613404115799116e-001, 5.787355831147921e-002
 2.825226000000000e+000,-2.549858759722216e-001, 6.802094911522438e-002,-2.112140339210013e-001, 1.756479367506983e-001,-2.618288620480217e-001, 6.114952226830335e-002
 2.829393000000000e+000,-2.576806237273425e-001, 6.989103998759760e-002,-2.173909356439053e-001, 1.819501440718273e-001,-2.620153236816047e-001, 6.502377021487581e-002
 2.833560000000000e+000,-2.600726201158794e-001, 7.186821294546109e-002,-2.241600395054814e-001, 1.888039061137055e-001,-2.618789831338026e-001, 6.951677180946313e-002
 2.837727000000000e+000,-2.621565342549795e-001, 7.393673427568270e-002,-2.315435248732271e-001, 1.962231035473341e-001,-2.613952571569632e-001, 7.465133578149578e-002
 2.841894000000000e+000,-2.639263128124051e-001, 7.607685248833063e-002,-2.395532046277622e-001, 2.042248724420674e-001,-2.605386452682185e-001, 8.043895304612146e-002
 2.846061000000000e+000,-2.653762426751578e-001, 7.826499380944796e-002,-2.481877461882458e-001, 2.128249779509732e-001,-2.592820363373288e-001, 8.687939539434533e-002
 2.850228000000000e+000,-2.665014559795280e-001, 8.047419167141023e-002,-2.574310276062041e-001, 2.220378498370195e-001,-2.575969806572910e-001, 9.395926555058466e-002
 2.854395000000000e+000,-2.672982736807746e-001, 8.267472416572619e-002,-2.672510457771423e-001, 2.318768642715897e-001,-2.554539107579847e-001, 1.016511950716394e-001
 2.858562000000000e+000,-2.677644194880587e-001, 8.483544241865659e-002,-2.776021041842748e-001, 2.423575047175804e-001,-2.528215546158052e-001, 1.099158855528442e-001
 2.862729000000000e+000,-2.678985430370398e-001, 8.692344052334700e-002,-2.884195243053510e-001, 2.534924837021750e-001,-2.496681657646021e-001, 1.186983889309628e-001
 2.866896000000000e+000,-2.677004132221333e-001, 8.890514951671436e-002,-2.996201083886196e-001, 2.652917259198813e-001,-2.459620859798732e-001, 1.279288114237145e-001
 2.871063000000000e+000,-2.671707972184010e-001, 9.074771194942111e-002,-3.111047578554743e-001, 2.777636253780455e-001,-2.416717895756928e-001, 1.375248450550730e-001
 2.875230000000000e+000,-2.663112445009344e-001, 9.241981526982346e-002,-3.227586494986943e-001, 2.909125975112616e-001,-2.367670631368152e-001, 1.473921992068289e-001
 2.879397000000000e+000,-2.651230148940702e-001, 9.389328800613961e-002,-3.344584890862310e-001, 3.047440990811567e-001,-2.312176701156645e-001, 1.574307668889792e-001
 2.883564000000000e+000,-2.636082620632469e-001, 9.514432022914066e-002,-3.460731538954063e-001, 3.192576314087858e-001,-2.249950233892512e-001, 1.675351147570228e-001
 2.887731000000000e+000,-2.617676907422888e-001, 9.615327455596145e-002,-3.574661659021182e-001, 3.344477526763734e-001,-2.180738205326550e-001, 1.775957660674024e-001
 2.891898000000000e+000,-2.596013262131833e-001, 9.690668045899642e-002,-3.685052576266962e-001, 3.503054293812220e-001,-2.104304425434707e-001, 1.875067718169217e-001
 2.896065000000000e+000,-2.571081959181772e-001, 9.739733105733817e-002,-3.790655594792675e-001, 3.668153627650255e-001,-2.020444812063685e-001, 1.971674248543232e-001
 2.900232000000000e+000,-2.542851758569574e-001, 9.762456270244968e-002,-3.890389258191128e-001, 3.839623780949384e-001,-1.928953497545485e-001, 2.064896112990257e-001
 2.904399000000000e+000,-2.511280678316900e-001, 9.759364853422903e-002,-3.983333060200444e-001, 4.017239718574429e-001,-1.829657752638978e-001, 2.153962822503648e-001
 2.908566000000000e+000,-2.476319906252285e-001, 9.731530422397916e-002,-4.068768040906493e-001, 4.200703613455114e-001,-1.722419760522892e-001, 2.238242705650270e-001
 2.912733000000000e+000,-2.437916190974262e-001, 9.680473603214335e-002,-4.146208887688995e-001, 4.389660644151368e-001,-1.607129940452425e-001, 2.317267406249634e-001
 2.916900000000000e+000,-2.396004190144829e-001, 9.608009770584136e-002,-4.215430864507116e-001, 4.583761288829108e-001,-1.483669698048392e-001, 2.390758903813384e-001
 2.921067000000000e+000,-2.350528721861089e-001, 9.516121328100846e-002,-4.276423674014240e-001, 4.782580464669682e-001,-1.351963611605389e-001, 2.458586945545314e-001
 2.925234000000000e+000,-2.301452148629391e-001, 9.406823942891474e-002,-4.329378683365434e-001, 4.985623507894234e-001,-1.211986320166812e-001, 2.520761775248432e-001
 2.929401000000000e+000,-2.248752437134319e-001, 9.282015480476291e-002,-4.374670986774679e-001, 5.192366234390601e-001,-1.063746894330175e-001, 2.577426975864261e-001
 2.933568000000000e+000,-2.192436763429380e-001, 9.143380659434075e-002,-4.412814228335568e-001, 5.402225546887522e-001,-9.073223699198769e-002, 2.628824172495067e-001
 2.937735000000000e+000,-2.132522145242760e-001, 8.992251847261579e-002,-4.444435361895202e-001, 5.614647981531780e-001,-7.428055547048504e-002, 2.675285115708064e-001
 2.941902000000000e+000,-2.069062331792556e-001, 8.829623083888505e-002,-4.470213885035472e-001, 5.829027529803716e-001,-5.703812078127029e-002, 2.717180602016409e-001
 2.946069000000000e+000,-2.002145198742906e-001, 8.656145093256673e-002,-4.490849882374530e-001, 6.044716034311651e-001,-3.903361517225959e-002, 2.754898118813902e-001
 2.950236000000000e+000,-1.931880591605363e-001, 8.472127696788290e-002,-4.507031424708932e-001, 6.261073191509974e-001,-2.030385817199094e-002, 2.788827263688977e-001
 2.954403000000000e+000,-1.858407592767193e-001, 8.277624364875469e-002,-4.519399766852268e-001, 6.477438661576356e-001,-8.979318868499774e-004, 2.819332563975746e-001
 2.958570000000000e+000,-1.781861200777710e-001, 8.072425626170499e-002,-4.528529027927062e-001, 6.693224932036304e-001, 1.912936571101818e-002, 2.846747588881773e-001
 2.962737000000000e+000,-1.702396788517689e-001, 7.856211531833290e-002,-4.534902759540490e-001, 6.907836024898482e-001, 3.970875434262765e-002, 2.871347658710274e-001
 2.966904000000000e+000,-1.620186810955619e-001, 7.628631406470410e-002,-4.538906339399911e-001, 7.120677508038338e-001, 6.075542830666586e-002, 2.893342720903664e-001
 2.971071000000000e+000,-1.535400113232737e-001, 7.389325293866245e-002,-4.540825518086447e-001, 7.331208906656892e-001, 8.217281324772401e-002, 2.912877678524391e-001
 2.975238000000000e+000,-1.448211606663533e-001, 7.138015126279251e-002,-4.540848504890048e-001, 7.538914988219516e-001, 1.038490331175734e-001, 2.930027887300733e-001
 2.979405000000000e+000,-1.358764299658802e-001, 6.874446392830169e-002,-4.539073176134866e-001, 7.743391887821598e-001, 1.256658991439291e-001, 2.944808718781651e-001
 2.983572000000000e+000,-1.267199455909563e-001, 6.598512650222665e-002,-4.535517038562273e-001, 7.944267420816559e-001, 1.474915127673969e-001, 2.957174150586032e-001
 2.987739000000000e+000,-1.173656718342343e-001, 6.310288791199858e-002,-4.530131421143643e-001, 8.141201526653594e-001, 1.691816001675347e-001, 2.967026723845730e-001
 2.991906000000000e+000,-1.078260130716480e-001, 6.010011189892484e-002,-4.522816115440178e-001, 8.333914666439212e-001, 1.905850202317525e-001, 2.974230194321221e-001
 2.996073000000000e+000,-9.810870516967227e-002, 5.697990919235574e-002,-4.513431527908768e-001, 8.522241414240213e-001, 2.115531402771846e-001, 2.978621103141493e-001
 3.000240000000000e+000,-8.822035207959469e-002, 5.374731475880434e-002,-4.501815520592755e-001, 8.706048435699875e-001, 2.319346089656426e-001, 2.980014767659946e-001
 3.004407000000000e+000,-7.816674531468473e-002, 5.040947361628767e-002,-4.487798957195824e-001, 8.885225644923476e-001, 2.515785672803251e-001, 2.978216833229513e-001
 3.008574000000000e+000,-6.795077528684500e-002, 4.697494184801099e-002,-4.471215893357992e-001, 9.059718854510049e-001, 2.703426361316800e-001, 2.973034809178555e-001
 3.012741000000000e+000,-5.757438383670255e-002, 4.345421375806780e-002,-4.451916463468153e-001, 9.229488891306164e-001, 2.880926742115431e-001, 2.964290404159595e-001
 3.016908000000000e+000,-4.703494212553618e-002, 3.985826941460435e-002,-4.429767555742158e-001, 9.394564971200800e-001, 3.047121158299138e-001, 2.951827232582258e-001
 3.021075000000000e+000,-3.632944699352931e-002, 3.619970056675759e-002,-4.404665039439675e-001, 9.554969004054126e-001, 3.200970688045109e-001, 2.935521047381400e-001
 3.025242000000000e+000,-2.545550542486456e-002, 3.249273901275895e-002,-4.376540997937058e-001, 9.710702236637192e-001, 3.341580060123776e-001, 2.915287585135627e-001
 3.029409000000000e+000,-1.440940259415418e-002, 2.875227955723991e-002,-4.345361346156156e-001, 9.861774468817594e-001, 3.468245251338848e-001, 2.891081054244451e-001
 3.033576000000000e+000,-3.188556249505104e-003, 2.499440999694835e-002,-4.311132168847884e-001, 1.000816982126327e+000, 3.580432833203052e-001, 2.862896610653125e-001
 3.037743000000000e+000, 8.212130076943313e-003, 2.123492062141175e-002,-4.273886232981206e-001, 1.014989587065748e+000, 3.677817748983638e-001, 2.830756310879671e-001
 3.041910000000000e+000, 1.979588998616579e-002, 1.749041923375483e-002,-4.233692829644514e-001, 1.028692381673637e+000, 3.760231787260927e-001, 2.794714058471712e-001
 3.046077000000000e+000, 3.156265778016513e-002, 1.377858767441165e-002,-4.190657798152184e-001, 1.041918135159273e+000, 3.827651853537483e-001, 2.754855705478705e-001
 3.050244000000000e+000, 4.351043148358245e-002, 1.011730909383513e-002,-4.144915472223207e-001, 1.054657279378180e+000, 3.880207936190026e-001, 2.711292665908468e-001
 3.054411000000000e+000, 5.563832786352110e-002, 6.523492561432809e-003,-4.096610034189218e-001, 1.066901299786216e+000, 3.918176182288443e-001, 2.664146127086202e-001
 3.058578000000000e+000, 6.794220826520028e-002, 3.014196450472406e-003,-4.045905494464326e-001, 1.078638084895300e+000, 3.941937312603808e-001, 2.613559882143609e-001
 3.062745000000000e+000, 8.041350003650576e-002,-3.933465059990926e-004,-3.992985704495202e-001, 1.089851456906465e+000, 3.951965897493094e-001, 2.559706264774688e-001
 3.066912000000000e+000, 9.304195816884500e-002,-3.682793351769353e-003,-3.938037284637262e-001, 1.100524229662072e+000, 3.948822781679103e-001, 2.502775905345721e-001
 3.071079000000000e+000, 1.058136763688626e-001,-6.838255481715683e-003,-3.881256211776180e-001, 1.110636664673039e+000, 3.933134814499174e-001, 2.442988524103759e-001
 3.075246000000000e+000, 1.187152484467703e-001,-9.845646964509403e-003,-3.822821753736354e-001, 1.120169924028831e+000, 3.905579127351197e-001, 2.380574847193966e-001
 3.079413000000000e+000, 1.317299893531249e-001,-1.269171884954123e-002,-3.762912937552247e-001, 1.129102958320732e+000, 3.866867127744034e-001, 2.315796700949817e-001
 3.083580000000000e+000, 1.448368247969794e-001,-1.536406035567661e-002,-3.701712312329780e-001, 1.137412219095553e+000, 3.817743792028033e-001, 2.248956331683863e-001
 3.087747000000000e+000, 1.580142601875129e-001,-1.785205712816729e-002,-3.639387862854479e-001, 1.145074498142050e+000, 3.758968566470164e-001, 2.180381385602581e-001
 3.091914000000000e+000, 1.712365115891366e-001,-2.014630401238460e-002,-3.576111257565968e-001, 1.152065143755661e+000, 3.691321000443839e-001, 2.110438383565247e-001
 3.096081000000000e+000, 1.844812232369545e-001,-2.223982216107845e-002,-3.512023677484955e-001, 1.158361812812014e+000, 3.615559167554833e-001, 2.039504718074177e-001
 3.100248000000000e+000, 1.977238297738306e-001,-2.412704414021594e-002,-3.447263572565227e-001, 1.163941584119932e+000, 3.532436398689842e-001, 1.967989519198537e-001
 3.104415000000000e+000, 2.109368502946483e-001,-2.580375325288453e-002,-3.381973118376739e-001, 1.168781143584617e+000, 3.442706779669308e-001, 1.896338398595352e-001
 3.108582000000000e+000, 2.240900855864263e-001,-2.726696158882391e-002,-3.316272234456308e-001, 1.172857533132591e+000, 3.347110994294182e-001, 1.825018515776714e-001
 3.112749000000000e+000, 2.371642493832823e-001,-2.851725054845278e-002,-3.250306102325201e-001, 1.176152598888488e+000, 3.246332862575860e-001, 1.754486070525348e-001
 3.116916000000000e+000, 2.501323609596714e-001,-2.955502424252154e-002,-3.184171390990194e-001, 1.178646423264133e+000, 3.141040601713597e-001, 1.685215203281656e-001
 3.121083000000000e+000, 2.629683979244311e-001,-3.038247214856704e-002,-3.117988939348556e-001, 1.180320995790086e+000, 3.031886353746190e-001, 1.617690836580296e-001
 3.125250000000000e+000, 2.756485201099063e-001,-3.100327674935133e-002,-3.051871849786136e-001, 1.181160309385481e+000, 2.919479784293161e-001, 1.552385192702805e-001
 3.129417000000000e+000, 2.881488766976617e-001,-3.142235763177292e-002,-2.985939036646733e-001, 1.181150159625384e+000, 2.804406070382725e-001, 1.489763175073973e-001
 3.133584000000000e+000, 3.004500074341113e-001,-3.164589967145903e-002,-2.920293694001120e-001, 1.180278164365797e+000, 2.687184922579727e-001, 1.430254338005538e-001
 3.137751000000000e+000, 3.125331930319327e-001,-3.168102618114466e-002,-2.855043339411243e-001, 1.178533339936993e+000, 2.568302225516194e-001, 1.374266531732232e-001
 3.141918000000000e+000, 3.243789296933684e-001,-3.153577012675135e-002,-2.790308956887651e-001, 1.175906676532099e+000, 2.448227114320602e-001, 1.322186678025896e-001
 3.146085000000000e+000, 3.359702946043393e-001,-3.121900924287213e-002,-2.726206962013785e-001, 1.172390796299267e+000, 2.327380017011976e-001, 1.274359568041192e-001
 3.150252000000000e+000, 3.472907151311314e-001,-3.074036689185467e-002,-2.662860867723880e-001, 1.167980368510944e+000, 2.206155721537929e-001, 1.231093109412161e-001
 3.154419000000000e+000, 3.583277063560002e-001,-3.010991307882205e-002,-2.600379374369763e-001, 1.162670495548730e+000, 2.084884078670788e-001, 1.192640445071646e-001
 3.158586000000000e+000, 3.690695405640715e-001,-2.933807784963016e-002,-2.538873320926985e-001, 1.156457330838397e+000, 1.963865390432343e-001, 1.159211734133533e-001
 3.162753000000000e+000, 3.795035556026383e-001,-2.843568828026433e-002,-2.478463942289227e-001, 1.149339292065326e+000, 1.843392439176035e-001, 1.130975726950840e-001
 3.166920000000000e+000, 3.896182634688181e-001,-2.741372539300890e-002,-2.419268996124412e-001, 1.141316147079117e+000, 1.723730028100204e-001, 1.108049707853516e-001
 3.171087000000000e+000, 3.994055522129324e-001,-2.628287516061545e-002,-2.361387244217619e-001, 1.132386589124770e+000, 1.605089874676033e-001, 1.090495500987486e-001
 3.175254000000000e+000, 4.088576788998555e-001,-2.505359767563498e-002,-2.304913242109891e-001, 1.122549713792466e+000, 1.487666920369292e-001, 1.078328903795266e-001
 3.179421000000000e+000, 4.179656653167175e-001,-2.373623640347256e-002,-2.249944584646420e-001, 1.111806848738564e+000, 1.371662723531746e-001, 1.071520770227308e-001
 3.183588000000000e+000, 4.267219559082906e-001,-2.234054513586825e-002,-2.196563551548748e-001, 1.100158823016549e+000, 1.257255649045592e-001, 1.069993725051646e-001
 3.187755000000000e+000, 4.351185777164512e-001,-2.087578018800484e-002,-2.144845643817344e-001, 1.087607910474691e+000, 1.144627087625861e-001, 1.073625283464638e-001
 3.191922000000000e+000, 4.431497422753796e-001,-1.935005724057937e-002,-2.094840987790906e-001, 1.074153736718021e+000, 1.033929579685354e-001, 1.082251003075801e-001
 3.196089000000000e+000, 4.508095089627004e-001,-1.777049292268673e-002,-2.046585889666899e-001, 1.059795923569572e+000, 9.253199389995223e-002, 1.095668091063173e-001
 3.200256000000000e+000, 4.580904604823358e-001,-1.614331251644430e-002,-2.000108738947012e-001, 1.044537154298406e+000, 8.189826263728282e-002, 1.113632937562914e-001
 3.204423000000000e+000, 4.649860456053063e-001,-1.447317900977119e-002,-1.955412644951019e-001, 1.028379351371149e+000, 7.151007556903301e-002, 1.135865714495470e-001
 3.208590000000000e+000, 4.714892201222569e-001,-1.276327929406929e-002,-1.912481238911035e-001, 1.011326809629706e+000, 6.138791600497632e-002, 1.162049021635284e-001
 3.212757000000000e+000, 4.775945387666372e-001,-1.101456955381774e-002,-1.871261726439925e-001, 9.933811345499060e-001, 5.155147624577652e-002, 1.191838055398348e-001
 3.216924000000000e+000, 4.832965103510762e-001,-9.225941164996643e-003,-1.831671816455024e-001, 9.745450842517682e-001, 4.202229431311411e-002, 1.224858135760160e-001
 3.221091000000000e+000, 4.885886747335731e-001,-7.394397129621977e-003,-1.793602669322739e-001, 9.548271159108084e-001, 3.282563309575706e-002, 1.260698128996134e-001
 3.225258000000000e+000, 4.934655528601312e-001,-5.514352547389079e-003,-1.756901487687863e-001, 9.342364766083585e-001, 2.398745631798038e-002, 1.298920526273417e-001
 3.229425000000000e+000, 4.979217831074045e-001,-3.577859231521208e-003,-1.721373136194755e-001, 9.127875322037131e-001, 1.553597994056756e-002, 1.339055115128759e-001
 3.233592000000000e+000, 5.019536570205061e-001,-1.573951152773701e-003,-1.686762770532863e-001, 8.904938158209576e-001, 7.498749398736957e-003, 1.380610592709390e-001
 3.237759000000000e+000, 5.055581180201979e-001, 5.109541921897165e-004,-1.652756630134418e-001, 8.673728627639663e-001,-9.576921005961094e-005, 1.423064562732247e-001
 3.241926000000000e+000, 5.087322994481317e-001, 2.692451989935396e-003,-1.618981033149640e-001, 8.434523579349003e-001,-7.217199243218966e-003, 1.465849863923772e-001
 3.246093000000000e+000, 5.114747712175696e-001, 4.988322004710222e-003,-1.584985725903574e-001, 8.187662482401790e-001,-1.383586652674942e-002, 1.508358327924940e-001
 3.250260000000000e+000, 5.137862126118663e-001, 7.418692632002566e-003,-1.550226768947471e-001, 7.933499964974854e-001,-1.992483953581831e-002, 1.549942452305455e-001
 3.254427000000000e+000, 5.156688344907859e-001, 1.000516297735499e-002,-1.514061872267621e-001, 7.672460208568973e-001,-2.545914048587546e-002, 1.589896101496923e-001
 3.258594000000000e+000, 5.171262791477352e-001, 1.276953566600381e-002,-1.475746740689604e-001, 7.405106690143506e-001,-3.041558162440713e-002, 1.627433338331181e-001
 3.262761000000000e+000, 5.181645036249860e-001, 1.573376306752539e-002,-1.434412111343042e-001, 7.132068517099479e-001,-3.477571191456303e-002, 1.661688066582593e-001
 3.266928000000000e+000, 5.187915800576241e-001, 1.891840481766915e-002,-1.389060305641713e-001, 6.854096093063781e-001,-3.852591193581111e-002, 1.691692704820411e-001
 3.271095000000000e+000, 5.190178645869198e-001, 2.234234885480113e-002,-1.338543565817694e-001, 6.571982855658958e-001,-4.165946307785604e-002, 1.716372459539343e-001
 3.275262000000000e+000, 5.188555042402323e-001, 2.602093941999928e-002,-1.281566035070446e-001, 6.286615585742720e-001,-4.417628401545143e-002, 1.734523482054421e-001
 3.279429000000000e+000, 5.183182750710507e-001, 2.996338100640172e-002,-1.216704598589559e-001, 5.999044328800963e-001,-4.608293594741399e-002, 1.744801040026683e-001
 3.283596000000000e+000, 5.174211783429732e-001, 3.417202989173851e-002,-1.142413455429126e-001, 5.710385168820409e-001,-4.739362103027925e-002, 1.745729236771984e-001
 3.287763000000000e+000, 5.161799360515423e-001, 3.863973501109896e-002,-1.057078931158390e-001, 5.421862743136945e-001,-4.812915820804881e-002, 1.735717509828512e-001
 3.291930000000000e+000, 5.146100281563720e-001, 4.334921846805306e-002,-9.590652835719998e-002, 5.134710410074349e-001,-4.831579715929578e-002, 1.713099312105979e-001
 3.296097000000000e+000, 5.127262580783785e-001, 4.827076950850673e-002,-8.468250500469168e-002, 4.850197221038195e-001,-4.798259615872402e-002, 1.676197357103351e-001
 3.300264000000000e+000, 5.105432664981046e-001, 5.335964023128770e-002,-7.190712888775215e-002, 4.569676798603029e-001,-4.715881915841071e-002, 1.623441352997478e-001
 3.304431000000000e+000, 5.080758014918076e-001, 5.855671794337169e-002,-5.749317752130669e-002, 4.294486216214995e-001,-4.587102595580402e-002, 1.553507913566200e-001
 3.308598000000000e+000, 5.053394951365664e-001, 6.379033854884297e-002,-4.141072859060956e-002, 4.025862797000099e-001,-4.413992418478872e-002, 1.465467967519613e-001
 3.312765000000000e+000, 5.023532240251176e-001, 6.897766667884064e-002,-2.370684003564753e-002, 3.764963109866442e-001,-4.197878835259970e-002, 1.358960669689413e-001
 3.316932000000000e+000, 4.991425631647738e-001, 7.402703169996339e-002,-4.524980127722858e-003, 3.512909520536464e-001,-3.939466269288931e-002, 1.234381854834188e-001
 3.321099000000000e+000, 4.957471770746045e-001, 7.884784417168067e-002, 1.590114117826428e-002, 3.270711376366559e-001,-3.639255230982402e-002, 1.092885969026229e-001
 3.325266000000000e+000, 4.921998539198191e-001, 8.334523135063754e-002, 3.722361649925814e-002, 3.039190316127792e-001,-3.297470320257560e-002, 9.367121215401163e-002
 3.329433000000000e+000, 4.885577787738772e-001, 8.744339435311810e-002, 5.904066585693593e-002, 2.819070128093300e-001,-2.915650669029910e-002, 7.686785500502058e-002
 3.333600000000000e+000, 4.848794237457018e-001, 9.108074655000786e-002, 8.090049454184950e-002, 2.610917802220130e-001,-2.496753996761343e-002, 5.922715293254157e-002
 3.337767000000000e+000, 4.812263073932066e-001, 9.421531193895172e-002, 1.023365146531858e-001, 2.415233040811411e-001,-2.045957348376799e-002, 4.113960263563625e-002
 3.341934000000000e+000, 4.776565713266616e-001, 9.682776876281607e-002, 1.229124303258626e-001, 2.232384235645731e-001,-1.570705100199335e-002, 2.300318946415403e-002
 3.346101000000000e+000, 4.742208962276843e-001, 9.891989135637935e-002, 1.422506661247755e-001, 2.062659805215376e-001,-1.080558902972936e-002, 5.198675736295188e-003
 3.350268000000000e+000, 4.709583311363050e-001, 1.005119648381061e-001, 1.600595338646066e-001, 1.906238904514614e-001,-5.864727126951639e-003,-1.193808087763512e-002
 3.354435000000000e+000, 4.678955544062492e-001, 1.016377106884074e-001, 1.761394405570310e-001, 1.763235284549547e-001,-1.000257095970636e-003,-2.812867215884093e-002
 3.358602000000000e+000, 4.650484136616611e-001, 1.023390711495980e-001, 1.903757678108864e-001, 1.633751764029178e-001, 3.673075770560258e-003,-4.315364804262619e-002
 3.362769000000000e+000, 4.624229203305793e-001, 1.026621475337628e-001, 2.027327483393925e-001, 1.517842264205906e-001, 8.050885130036945e-003,-5.685624464828627e-002
 3.366936000000000e+000, 4.600173870402580e-001, 1.026533730111026e-001, 2.132380523685066e-001, 1.415497713445788e-001, 1.204581992112363e-002,-6.913744678657306e-002
 3.371103000000000e+000, 4.578253746081420e-001, 1.023566285753925e-001, 2.219611650402664e-001, 1.326664207785281e-001, 1.559033960878901e-002,-7.994308799690200e-002
 3.375270000000000e+000, 4.558384653366479e-001, 1.018118068939162e-001, 2.289925042425349e-001, 1.251262570508033e-001, 1.863679788144169e-002,-8.924887680061336e-002
 3.379437000000000e+000, 4.540469648624869e-001, 1.010540540827412e-001, 2.344312304562966e-001, 1.189144083623440e-001, 2.115817390585506e-002,-9.705354741166480e-002
 3.383604000000000e+000, 4.524412950451681e-001, 1.001136699512752e-001, 2.383713147954332e-001, 1.140098333950871e-001, 2.314549286258657e-002,-1.033675075300433e-001
 3.387771000000000e+000, 4.510121706454284e-001, 9.901603996804198e-002, 2.408937980585170e-001, 1.103836431864028e-001, 2.460562513406521e-002,-1.082072526947017e-001
 3.391938000000000e+000, 4.497511346644936e-001, 9.778191774900114e-002, 2.420603936114359e-001, 1.080002678059840e-001, 2.555788284012636e-002,-1.115892504177250e-001
 3.396105000000000e+000, 4.486510572701444e-001, 9.642813934135042e-002, 2.419112770971779e-001, 1.068184005800372e-001, 2.603106900681998e-002,-1.135268162154125e-001
 3.400272000000000e+000, 4.477056214133742e-001, 9.496741444327728e-002, 2.404666501019899e-001, 1.067903145630973e-001, 2.606173266660660e-002,-1.140318809157056e-001
 3.404439000000000e+000, 4.469094687616216e-001, 9.340865595141024e-002, 2.377294071049804e-001, 1.078630820442070e-001, 2.569225912873681e-002,-1.131162582744432e-001
 3.408606000000000e+000, 4.462578774969804e-001, 9.175666861337217e-002, 2.336888222429641e-001, 1.099799047674846e-001, 2.496948597276038e-002,-1.107944204094645e-001
 3.412773000000000e+000, 4.457467055494114e-001, 9.001230747620315e-002, 2.283253219023822e-001, 1.130818769520080e-001, 2.394359223902068e-002,-1.070863574451865e-001
 3.416940000000000e+000, 4.453722443919312e-001, 8.817330541338486e-002, 2.216185595189681e-001, 1.171079679804361e-001, 2.266781737331875e-002,-1.020229483382864e-001
 3.421107000000000e+000, 4.451305462121888e-001, 8.623420536841531e-002, 2.135532263398198e-001, 1.219964099489116e-001, 2.119765773752040e-002,-9.564957100480727e-002
 3.425274000000000e+000, 4.450107042800072e-001, 8.418485162363210e-002, 2.041179965543736e-001, 1.276827821330332e-001, 1.958885965102490e-002,-8.801728956257318e-002
 3.429441000000000e+000, 4.450184890717077e-001, 8.201809163840679e-002, 1.933354241023660e-001, 1.341160659554614e-001, 1.789968838912143e-002,-7.922767186799809e-002
 3.433608000000000e+000, 4.451393828791159e-001, 7.972117896766573e-002, 1.812364547134411e-001, 1.412337462430773e-001, 1.618481553650699e-002,-6.937425229429844e-002
 3.437775000000000e+000, 4.453615342064532e-001, 7.728291742312288e-002, 1.678851858658730e-001, 1.489787471538707e-001, 1.449642464675092e-002,-5.858189469141149e-002
 3.441942000000000e+000, 4.456690861662831e-001, 7.469354525075955e-002, 1.533785548818051e-001, 1.572940307235993e-001, 1.288157682345093e-002,-4.699679764553581e-002
 3.446109000000000e+000, 4.460417287908740e-001, 7.194534623401339e-002, 1.378444178314330e-001, 1.661237822117569e-001, 1.137981412676544e-002,-3.478096662643330e-002
 3.450276000000000e+000, 4.464545555198452e-001, 6.903377450193315e-002, 1.214404159861796e-001, 1.754126145316362e-001, 1.002149456977217e-002,-2.210786087972532e-002
 3.454443000000000e+000, 4.468781459450555e-001, 6.595949313025917e-002, 1.043564853306901e-001, 1.851013330456032e-001, 8.826915233964641e-003,-9.161519482911979e-003
 3.458610000000000e+000, 4.472794042215235e-001, 6.272801836440367e-002, 8.680268337519664e-002, 1.951297227261303e-001, 7.804919208086352e-003, 3.874652089631982e-003
 3.462777000000000e+000, 4.476225944107478e-001, 5.935055040703041e-002, 6.900356334153192e-002, 2.054346484521447e-001, 6.952983055915310e-003, 1.682267262862544e-002
 3.466944000000000e+000, 4.478707959750972e-001, 5.584310698270123e-002, 5.118439057444373e-002, 2.159523737137816e-001, 6.257613326925448e-003, 2.951962026231813e-002
 3.471111000000000e+000, 4.479925405690559e-001, 5.222730738372250e-002, 3.356624778204764e-002, 2.266219746145236e-001, 5.694959577802415e-003, 4.181458283558221e-002
 3.475278000000000e+000, 4.479418168907612e-001, 4.852531032954865e-002, 1.634354598134324e-002, 2.373687241967167e-001, 5.235931164199987e-003, 5.360358722327325e-002
 3.479445000000000e+000, 4.476921641267649e-001, 4.476596901092766e-002,-2.988105127787966e-004, 2.481280367616169e-001, 4.843720602963129e-003, 6.478288201865656e-002
 3.483612000000000e+000, 4.472153336911340e-001, 4.097705512612970e-002,-1.621466943452694e-002, 2.588343321100892e-001, 4.478983472476951e-003, 7.528829628119323e-002
 3.487779000000000e+000, 4.464873778818739e-001, 3.718525066501166e-002,-3.129406240513026e-002, 2.694252648855682e-001, 4.101386049435366e-003, 8.508452461811583e-002
 3.491946000000000e+000, 4.454891091742195e-001, 3.341632241927339e-002,-4.545823326864783e-002, 2.798384452746610e-001, 3.671736237712924e-003, 9.415880605600689e-002
 3.496113000000000e+000, 4.442057546999610e-001, 2.969263016337087e-002,-5.866459308080720e-002, 2.900164437944146e-001, 3.153579098615026e-003, 1.025213183695925e-001
 3.500280000000000e+000, 4.426266749639807e-001, 2.603312328683227e-002,-7.090109137903800e-002, 2.999057025456766e-001, 2.514639303309928e-003, 1.101990600410329e-001
 3.504447000000000e+000, 4.407444879412977e-001, 2.245233942998448e-002,-8.218430071111339e-002, 3.094590629989939e-001, 1.727621892712504e-003, 1.172326830463402e-001
 3.508614000000000e+000, 4.385542558303438e-001, 1.896055266557406e-002,-9.255365340981953e-002, 3.186358498592983e-001, 7.706192221978267e-004, 1.236715755138595e-001
 3.512781000000000e+000, 4.360538166577048e-001, 1.556562395609062e-002,-1.020617393265740e-001, 3.273980900111279e-001,-3.723276628844438e-004, 1.295672381170836e-001
 3.516948000000000e+000, 4.332426007290865e-001, 1.227218435723176e-002,-1.107735868272149e-001, 3.357141490216049e-001,-1.711583074014905e-003, 1.349728065862461e-001
 3.521115000000000e+000, 4.301216591106280e-001, 9.082903945115239e-003,-1.187603407332032e-001, 3.435569877900045e-001,-3.251987127180812e-003, 1.399394757619244e-001
 3.525282000000000e+000, 4.266928011090409e-001, 5.998580156317823e-003,-1.260969886666651e-001, 3.509054120819247e-001,-4.993556699201940e-003, 1.445156651703496e-001
 3.529449000000000e+000, 4.229581385953929e-001, 3.018832298605334e-003,-1.328590344887615e-001, 3.577435518375373e-001,-6.932181880095336e-003, 1.487456347384333e-001
 3.533616000000000e+000, 4.189160983140822e-001, 1.419751186604312e-004,-1.391209169503901e-001, 3.640545449668106e-001,-9.057137991208719e-003, 1.526740895845379e-001
 3.537783000000000e+000, 4.145820797884761e-001,-2.627391693264425e-003,-1.449423314501280e-001, 3.698352057072032e-001,-1.136159890081703e-002, 1.563185765484250e-001
 3.541950000000000e+000, 4.099556435843758e-001,-5.290016623901384e-003,-1.503887290796442e-001, 3.750762160673463e-001,-1.382905680189238e-002, 1.597130720474720e-001
 3.546117000000000e+000, 4.050423011492073e-001,-7.843738249759369e-003,-1.555159441345875e-001, 3.797752851747674e-001,-1.644379099389341e-002, 1.628788149498942e-001
 3.550284000000000e+000, 3.998474616156508e-001,-1.028555095233807e-002,-1.603737609111763e-001, 3.839335199954078e-001,-1.918929031690647e-002, 1.658323965625823e-001
 3.554451000000000e+000, 3.943787678110750e-001,-1.261052322598144e-002,-1.650035931776572e-001, 3.875532587249296e-001,-2.204760020487463e-002, 1.685849757061302e-001
 3.558618000000000e+000, 3.886446618736820e-001,-1.481276515080743e-002,-1.694402419498929e-001, 3.906394808453024e-001,-2.500062763028345e-002, 1.711439469519162e-001
 3.562785000000000e+000, 3.826537104791377e-001,-1.688581810016054e-002,-1.737125249269047e-001, 3.931997124381761e-001,-2.803095428592583e-002, 1.735137699814087e-001
 3.566952000000000e+000, 3.764141717749701e-001,-1.882288881613525e-002,-1.778437460711674e-001, 3.952435009025589e-001,-3.112241534905710e-002, 1.756965661206770e-001
 3.571119000000000e+000, 3.699367288968674e-001,-2.061623237446786e-002,-1.818503828847256e-001, 3.967811860057239e-001,-3.425905093416554e-002, 1.776917313897869e-001
 3.575286000000000e+000, 3.632320319523478e-001,-2.225828920979289e-002,-1.857444400061505e-001, 3.978247327514005e-001,-3.742657809896641e-002, 1.794974801398616e-001
 3.579453000000000e+000, 3.563116435155117e-001,-2.374168294002099e-002,-1.895334226557829e-001, 3.983872257540037e-001,-4.061205378244109e-002, 1.811110161728014e-001
 3.583620000000000e+000, 3.491868033709139e-001,-2.505977917759150e-002,-1.932215842782398e-001, 3.984828204187357e-001,-4.380446723590782e-002, 1.825292717832893e-001
 3.587787000000000e+000, 3.418677816779087e-001,-2.620694256538836e-002,-1.968106326599135e-001, 3.981263180042238e-001,-4.699491026483985e-002, 1.837492615571367e-001
 3.591954000000000e+000, 3.343672205289205e-001,-2.717821093017170e-002,-2.002985142278159e-001, 3.973331558973320e-001,-5.017498337519271e-002, 1.847677905922866e-001
 3.596121000000000e+000, 3.266972345294943e-001,-2.797002520757008e-002,-2.036813453224218e-001, 3.961193788465356e-001,-5.333794204369095e-002, 1.855822820027841e-001
 3.600288000000000e+000, 3.188705340798099e-001,-2.858017714164829e-002,-2.069532546200645e-001, 3.945016246414453e-001,-5.647803769463852e-002, 1.861907640618275e-001
 3.604455000000000e+000, 3.108991126720256e-001,-2.900798061671606e-002,-2.101072893336058e-001, 3.924968124278626e-001,-5.959086309964296e-002, 1.865920941910939e-001
 3.608622000000000e+000, 3.027934472481992e-001,-2.925420929161438e-002,-2.131359173136517e-001, 3.901216870043084e-001,-6.267342969387808e-002, 1.867859048185878e-001
 3.612789000000000e+000, 2.945662994628414e-001,-2.932092760958138e-002,-2.160298189874007e-001, 3.873938573413140e-001,-6.572254463322019e-002, 1.867724322191409e-001
 3.616956000000000e+000, 2.862300593851636e-001,-2.921164466604487e-002,-2.187792135507841e-001, 3.843312185260122e-001,-6.873573800634200e-002, 1.865526032084255e-001
 3.621123000000000e+000, 2.777959354888618e-001,-2.893116949794594e-002,-2.213742711890899e-001, 3.809515568641369e-001,-7.171143391116520e-002, 1.861277677035467e-001
 3.625290000000000e+000, 2.692731623180780e-001,-2.848535594824697e-002,-2.238054057114846e-001, 3.772720424904742e-001,-7.464910987803634e-002, 1.854992974371398e-001
 3.629457000000000e+000, 2.606730956933547e-001,-2.788115007617065e-002,-2.260622260503233e-001, 3.733109504022906e-001,-7.754782509481764e-002, 1.846686282944272e-001
 3.633624000000000e+000, 2.520057481113860e-001,-2.712634112928236e-002,-2.281347779635244e-001, 3.690862911402248e-001,-8.040741126593147e-002, 1.836369391754987e-001
 3.637791000000000e+000, 2.432810839874193e-001,-2.622947564488132e-002,-2.300133335489131e-001, 3.646163672382402e-001,-8.322800389315353e-002, 1.824051475932539e-001
 3.641958000000000e+000, 2.345077607302520e-001,-2.519957904206516e-002,-2.316888313518105e-001, 3.599191307622334e-001,-8.601043259905762e-002, 1.809737004631590e-001
 3.646125000000000e+000, 2.256921633577478e-001,-2.404581707297182e-002,-2.331531003160220e-001, 3.550115339236194e-001,-8.875647944786638e-002, 1.793423068212919e-001
 3.650292000000000e+000, 2.168428441909997e-001,-2.277791522706529e-002,-2.343982525871105e-001, 3.499119444882320e-001,-9.146747120736795e-002, 1.775107644596634e-001
 3.654459000000000e+000, 2.079669841053012e-001,-2.140563053428313e-002,-2.354175892144437e-001, 3.446382382909878e-001,-9.414538141043889e-002, 1.754785084812781e-001
 3.658626000000000e+000, 1.990717780876996e-001,-1.993882182332518e-002,-2.362055913687555e-001, 3.392085239580632e-001,-9.679236855944348e-002, 1.732450194884567e-001
 3.662793000000000e+000, 1.901632939387247e-001,-1.838717318930949e-002,-2.367582519917171e-001, 3.336403909169809e-001,-9.941107443237922e-002, 1.708097413122469e-001
