Main.Studies.MarkerTracking.t,Main.Studies.MarkerTracking.JointAngleOutputs.OutputFile_RightLeg.HipFlexion,Main.Studies.MarkerTracking.JointAngleOutputs.OutputFile_RightLeg.HipAbduction,Main.Studies.MarkerTracking.JointAngleOutputs.OutputFile_RightLeg.HipExternalRotation,Main.Studies.MarkerTracking.JointAngleOutputs.OutputFile_RightLeg.KneeFlexion,Main.Studies.MarkerTracking.JointAngleOutputs.OutputFile_RightLeg.AnklePlantarFlexion,Main.Studies.MarkerTracking.JointAngleOutputs.OutputFile_RightLeg.SubTalarEversion
  2.791890000000000e+00, -2.374888562739075e-01,  5.016237743912400e-02, -1.474379281577559e-01,  1.382039746652358e-01, -2.095697877106206e-01,  5.708997703661635e-02
  2.796057000000000e+00, -2.423750838018088e-01,  5.098049744173805e-02, -1.499293096751935e-01,  1.406424736011020e-01, -2.115896743668306e-01,  5.718055062102406e-02
  2.800224000000000e+00, -2.470235874600268e-01,  5.192615591235117e-02, -1.526592908085478e-01,  1.435063568982910e-01, -2.134413620166152e-01,  5.758095261751378e-02
  2.804391000000000e+00, -2.514256541712038e-01,  5.300828738869057e-02, -1.556790027194722e-01,  1.468130587332864e-01, -2.151079874856148e-01,  5.833354085557673e-02
  2.808558000000000e+00, -2.555725991045520e-01,  5.423435004949084e-02, -1.590403775476537e-01,  1.505796730694545e-01, -2.165723247376517e-01,  5.948254011430605e-02
  2.812725000000000e+00, -2.594557676563021e-01,  5.560986952977132e-02, -1.627953606918405e-01,  1.548229415078654e-01, -2.178164531240398e-01,  6.107341685468661e-02
  2.816892000000000e+00, -2.630663029559178e-01,  5.713754524331227e-02, -1.669945480690772e-01,  1.595592834212663e-01, -2.188220117124980e-01,  6.315189479036067e-02
  2.821059000000000e+00, -2.663952711355745e-01,  5.881695336179527e-02, -1.716865823488646e-01,  1.648048628533070e-01, -2.195698183719076e-01,  6.576291898190495e-02
  2.825226000000000e+00, -2.694336946003303e-01,  6.064413278055358e-02, -1.769171003644008e-01,  1.705756719244863e-01, -2.200397282635588e-01,  6.894926599229100e-02
  2.829393000000000e+00, -2.721726511319781e-01,  6.261132415794091e-02, -1.827275604335988e-01,  1.768876070930999e-01, -2.202104209791274e-01,  7.274995012324598e-02
  2.833560000000000e+00, -2.746034089520316e-01,  6.470685368150053e-02, -1.891538835396351e-01,  1.837565301397868e-01, -2.200591464973339e-01,  7.719846412523183e-02
  2.837727000000000e+00, -2.767175456587586e-01,  6.691488774631682e-02, -1.962245785365956e-01,  1.911982470247481e-01, -2.195617615991770e-01,  8.232103196339516e-02
  2.841894000000000e+00, -2.785071682510669e-01,  6.921572764332184e-02, -2.039591452484363e-01,  1.992285287343367e-01, -2.186923047774036e-01,  8.813465995124901e-02
  2.846061000000000e+00, -2.799650653572645e-01,  7.158577725611570e-02, -2.123658234271111e-01,  2.078629877964474e-01, -2.174231396322551e-01,  9.464538998053158e-02
  2.850228000000000e+00, -2.810849097663523e-01,  7.399783856660180e-02, -2.214395351940535e-01,  2.171169274586560e-01, -2.157249523955674e-01,  1.018465955072287e-01
  2.854395000000000e+00, -2.818614495026346e-01,  7.642150118842506e-02, -2.311598673649016e-01,  2.270051077374872e-01, -2.135669086334695e-01,  1.097175324272699e-01
  2.858562000000000e+00, -2.822906806263381e-01,  7.882368896171510e-02, -2.414893142165716e-01,  2.375414338700724e-01, -2.109169244112099e-01,  1.182222652268366e-01
  2.862729000000000e+00, -2.823699845939579e-01,  8.116934456639968e-02, -2.523719465584475e-01,  2.487385595722025e-01, -2.077420957522146e-01,  1.273091343086084e-01
  2.866896000000000e+00, -2.820981679674079e-01,  8.342246872139270e-02, -2.637329793912442e-01,  2.606074727293362e-01, -2.040089893510308e-01,  1.369107442463331e-01
  2.871063000000000e+00, -2.814754481188516e-01,  8.554697540691647e-02, -2.754788584688518e-01,  2.731569418758381e-01, -1.996844701975495e-01,  1.469449675059956e-01
  2.875230000000000e+00, -2.805032685625402e-01,  8.750803240324112e-02, -2.874988443890146e-01,  2.863930373398515e-01, -1.947361122724676e-01,  1.573165271997735e-01
  2.879397000000000e+00, -2.791840072644579e-01,  8.927332396171428e-02, -2.996676247392823e-01,  3.003186159550539e-01, -1.891328269024549e-01,  1.679195228997770e-01
  2.883564000000000e+00, -2.775205692612195e-01,  9.081435712596964e-02, -3.118491771431006e-01,  3.149328505367628e-01, -1.828453895888556e-01,  1.786406663870492e-01
  2.887731000000000e+00, -2.755159058279735e-01,  9.210766859175945e-02, -3.239016856524722e-01,  3.302308172297191e-01, -1.758468623180323e-01,  1.893630869489830e-01
  2.891898000000000e+00, -2.731725178761310e-01,  9.313581996778941e-02, -3.356832008617341e-01,  3.462031556778447e-01, -1.681128857223088e-01,  1.999704772850407e-01
  2.896065000000000e+00, -2.704920128415910e-01,  9.388808218412037e-02, -3.470576193055837e-01,  3.628358081728584e-01, -1.596218348907347e-01,  2.103513140829637e-01
  2.900232000000000e+00, -2.674747841591414e-01,  9.436072946195573e-02, -3.579005008092107e-01,  3.801098367551338e-01, -1.503548477179633e-01,  2.204028771538505e-01
  2.904399000000000e+00, -2.641198559711866e-01,  9.455691752698314e-02, -3.681042964792572e-01,  3.980013151135990e-01, -1.402957049545732e-01,  2.300347761049970e-01
  2.908566000000000e+00, -2.604249965122746e-01,  9.448599006084168e-02, -3.775822732570918e-01,  4.164812719429775e-01, -1.294309559960467e-01,  2.391717972526851e-01
  2.912733000000000e+00, -2.563869191568705e-01,  9.416262547701559e-02, -3.862715592226510e-01,  4.355157271740328e-01, -1.177495753812431e-01,  2.477556750879322e-01
  2.916900000000000e+00, -2.520017802965413e-01,  9.360542281879525e-02, -3.941341861588881e-01,  4.550657670284419e-01, -1.052432738907491e-01,  2.557459780341368e-01
  2.921067000000000e+00, -2.472657461265793e-01,  9.283540978819205e-02, -4.011568358105107e-01,  4.750877168813270e-01, -9.190672978666206e-02,  2.631199273850250e-01
  2.925234000000000e+00, -2.421756339621629e-01,  9.187445592728771e-02, -4.073491592820465e-01,  4.955334046906252e-01, -7.773807402828579e-02,  2.698713071745773e-01
  2.929401000000000e+00, -2.367295486138361e-01,  9.074375278698299e-02, -4.127409679932177e-01,  5.163505287077862e-01, -6.273957894180386e-02,  2.760085859672005e-01
  2.933568000000000e+00, -2.309274507745949e-01,  8.946249603998657e-02, -4.173786060542282e-01,  5.374831362582008e-01, -4.691851594039857e-02,  2.815524609272626e-01
  2.937735000000000e+00, -2.247716031479161e-01,  8.804688236343927e-02, -4.213208391132260e-01,  5.588722141870539e-01, -3.028812820308835e-02,  2.865330716816772e-01
  2.941902000000000e+00, -2.182668425768792e-01,  8.650950067391028e-02, -4.246345589596286e-01,  5.804563813920139e-01, -1.286866397238102e-02,  2.909871165858643e-01
  2.946069000000000e+00, -2.114206353016123e-01,  8.485915031506108e-02, -4.273905221674897e-01,  6.021726633820494e-01,  5.311568765011367e-03,  2.949550618098658e-01
  2.950236000000000e+00, -2.042429168330205e-01,  8.310104565226983e-02, -4.296593281648791e-01,  6.239573267718139e-01,  2.421513336352422e-02,  2.984785620164142e-01
  2.954403000000000e+00, -1.967457734376441e-01,  8.123730457970368e-02, -4.315078926373043e-01,  6.457467579830896e-01,  4.379437557277518e-02,  3.015981504653554e-01
  2.958570000000000e+00, -1.889430321088716e-01,  7.926761455766718e-02, -4.329966348903778e-01,  6.674783735585884e-01,  6.399035241254025e-02,  3.043512606663632e-01
  2.962737000000000e+00, -1.808498061206200e-01,  7.718998003187427e-02, -4.341774067987857e-01,  6.890915603400743e-01,  8.473180580070885e-02,  3.067706483448142e-01
  2.966904000000000e+00, -1.724819889593660e-01,  7.500151191993010e-02, -4.350925451661863e-01,  7.105285352383507e-01,  1.059347226613688e-01,  3.088833009790067e-01
  2.971071000000000e+00, -1.638558022346260e-01,  7.269904157466023e-02, -4.357740329248783e-01,  7.317353135423857e-01,  1.275015690278944e-01,  3.107097364061762e-01
  2.975238000000000e+00, -1.549872950147348e-01,  7.027970023959251e-02, -4.362439296931239e-01,  7.526624717719700e-01,  1.493216919633332e-01,  3.122638158146376e-01
  2.979405000000000e+00, -1.458918939317411e-01,  6.774133531010351e-02, -4.365149923117228e-01,  7.732658685697404e-01,  1.712719682216363e-01,  3.135529378229122e-01
  2.983572000000000e+00, -1.365839814243266e-01,  6.508283377565705e-02, -4.365917301100589e-01,  7.935071910038879e-01,  1.932181748279578e-01,  3.145785812531852e-01
  2.987739000000000e+00, -1.270765248698616e-01,  6.230434699594278e-02, -4.364717189826939e-01,  8.133542853971198e-01,  2.150170359381364e-01,  3.153370894187243e-01
  2.991906000000000e+00, -1.173807694846148e-01,  5.940743212147059e-02, -4.361470733705359e-01,  8.327812320933240e-01,  2.365188935504985e-01,  3.158205875002396e-01
  2.996073000000000e+00, -1.075060028988653e-01,  5.639514464751083e-02, -4.356059870257328e-01,  8.517681498301417e-01,  2.575708701153155e-01,  3.160179357928834e-01
  3.000240000000000e+00, -9.745939908127664e-02,  5.327210874751209e-02, -4.348342639455430e-01,  8.703007442384125e-01,  2.780203385054861e-01,  3.159156571783656e-01
  3.004407000000000e+00, -8.724594996605997e-02,  5.004456586033612e-02, -4.338167581213047e-01,  8.883696408872247e-01,  2.977184842707719e-01,  3.154988631380016e-01
  3.008574000000000e+00, -7.686849451667267e-02,  4.672038271576850e-02, -4.325386359652842e-01,  9.059695606076568e-01,  3.165237324929606e-01,  3.147522794954016e-01
  3.012741000000000e+00, -6.632785784928304e-02,  4.330899771112584e-02, -4.309864085435161e-01,  9.230983939235200e-01,  3.343048583391013e-01,  3.136613962637680e-01
  3.016908000000000e+00, -5.562312037619990e-02,  3.982129301774306e-02, -4.291487937173829e-01,  9.397561866512170e-01,  3.509437652127647e-01,  3.122135997064609e-01
  3.021075000000000e+00, -4.475191513657879e-02,  3.626946667400444e-02, -4.270171152101728e-01,  9.559443016037453e-01,  3.663373765429952e-01,  3.103989633158183e-01
  3.025242000000000e+00, -3.371093885885364e-02,  3.266681177891906e-02, -4.245860716290656e-01,  9.716642924538721e-01,  3.803997418211378e-01,  3.082108675722322e-01
  3.029409000000000e+00, -2.249636447468754e-02,  2.902759887634887e-02, -4.218537673520467e-01,  9.869172580643697e-01,  3.930626384913419e-01,  3.056460948955791e-01
  3.033576000000000e+00, -1.110433837573248e-02,  2.536694112122895e-02, -4.188218523856030e-01,  1.001703176724774e+00,  4.042759022652034e-01,  3.027047295659862e-01
  3.037743000000000e+00,  4.685367664366636e-04,  2.170067009891907e-02, -4.154954417673566e-01,  1.016020426095497e+00,  4.140070998208138e-01,  2.993898529719989e-01
  3.041910000000000e+00,  1.222473605494915e-02,  1.804519382053282e-02, -4.118828877473055e-01,  1.029865435256782e+00,  4.222407489059649e-01,  2.957071709081857e-01
  3.046077000000000e+00,  2.416538106004312e-02,  1.441733274215684e-02, -4.079954336562095e-01,  1.043232456995920e+00,  4.289771786857621e-01,  2.916646637773394e-01
  3.050244000000000e+00,  3.628989243730046e-02,  1.083415837424861e-02, -4.038467559241540e-01,  1.056113498514043e+00,  4.342310361941973e-01,  2.872722826386028e-01
  3.054411000000000e+00,  4.859553779735820e-02,  7.312726626395705e-03, -3.994526309905396e-01,  1.068498106905302e+00,  4.380300395091172e-01,  2.825418753909058e-01
  3.058578000000000e+00,  6.107738029944561e-02,  3.869994864562409e-03, -3.948302139157050e-01,  1.080373725708081e+00,  4.404127810687718e-01,  2.774869701347966e-01
  3.062745000000000e+00,  7.372795724226215e-02,  5.225454675925612e-04, -3.899976871478069e-01,  1.091725612134740e+00,  4.414273953462069e-01,  2.721229426832635e-01
  3.066912000000000e+00,  8.653715698133545e-02, -2.713608983655691e-03, -3.849737647205109e-01,  1.102537004378498e+00,  4.411299043973991e-01,  2.664671670521073e-01
  3.071079000000000e+00,  9.949238924722920e-02, -5.823112966610866e-03, -3.797771736714218e-01,  1.112789571511817e+00,  4.395823045394627e-01,  2.605390909313818e-01
  3.075246000000000e+00,  1.125783189873652e-01, -8.791613880263061e-03, -3.744264579615794e-01,  1.122463268081467e+00,  4.368517693427809e-01,  2.543606801686558e-01
  3.079413000000000e+00,  1.257772012135679e-01, -1.160584315349844e-02, -3.689395791035938e-01,  1.131536848337284e+00,  4.330090064726148e-01,  2.479565204261419e-01
  3.083580000000000e+00,  1.390690901811496e-01, -1.425379762457935e-02, -3.633337352187172e-01,  1.139988135441020e+00,  4.281271969751353e-01,  2.413540324256559e-01
  3.087747000000000e+00,  1.524318631326279e-01, -1.672499738801059e-02, -3.576252779280619e-01,  1.147794077476397e+00,  4.222813801514177e-01,  2.345837454518417e-01
  3.091914000000000e+00,  1.658419511492717e-01, -1.901044436460508e-02, -3.518295870985672e-01,  1.154931466642223e+00,  4.155470433037906e-01,  2.276791174969923e-01
  3.096081000000000e+00,  1.792743337181882e-01, -2.110284293621190e-02, -3.459611071442187e-01,  1.161376913244574e+00,  4.079998235851736e-01,  2.206766393678217e-01
  3.100248000000000e+00,  1.927033435665371e-01, -2.299649624737543e-02, -3.400333747820810e-01,  1.167107535793406e+00,  3.997143235525699e-01,  2.136154268633776e-01
  3.104415000000000e+00,  2.061024750418799e-01, -2.468748705008483e-02, -3.340590569850866e-01,  1.172100778936234e+00,  3.907641022774756e-01,  2.065371561754693e-01
  3.108582000000000e+00,  2.194452881998429e-01, -2.617349837249727e-02, -3.280500512008544e-01,  1.176335112599445e+00,  3.812206206295302e-01,  1.994854133809545e-01
  3.112749000000000e+00,  2.327051207107934e-01, -2.745392221372844e-02, -3.220175921093495e-01,  1.179789810809090e+00,  3.711533441684287e-01,  1.925054174852329e-01
  3.116916000000000e+00,  2.458562733726538e-01, -2.852958746162360e-02, -3.159723759871214e-01,  1.182445738797154e+00,  3.606286985349851e-01,  1.856431351228733e-01
  3.121083000000000e+00,  2.588736934060084e-01, -2.940281485228780e-02, -3.099246942760068e-01,  1.184285091358450e+00,  3.497102595229312e-01,  1.789448636687106e-01
  3.125250000000000e+00,  2.717331905694523e-01, -3.007726217317241e-02, -3.038844947870569e-01,  1.185291535835732e+00,  3.384584426211448e-01,  1.724565503611850e-01
  3.129417000000000e+00,  2.844123822110745e-01, -3.055785715817927e-02, -2.978618305209768e-01,  1.185450688930803e+00,  3.269299645794763e-01,  1.662229532632069e-01
  3.133584000000000e+00,  2.968896324962291e-01, -3.085062919164816e-02, -2.918664780130624e-01,  1.184749533394066e+00,  3.151782247889517e-01,  1.602872684787713e-01
  3.137751000000000e+00,  3.091449822585756e-01, -3.096261665906019e-02, -2.859083524799034e-01,  1.183176876439975e+00,  3.032528078022597e-01,  1.546903091607314e-01
  3.141918000000000e+00,  3.211604315863747e-01, -3.090172807777791e-02, -2.799972022688736e-01,  1.180723331658948e+00,  2.911994427929910e-01,  1.494699638288161e-01
  3.146085000000000e+00,  3.329180591333652e-01, -3.067669364510239e-02, -2.741436744218972e-01,  1.177380698251039e+00,  2.790604650626580e-01,  1.446608078340572e-01
  3.150252000000000e+00,  3.444029020998309e-01, -3.029681736111445e-02, -2.683577097409104e-01,  1.173142757022243e+00,  2.668741495110384e-01,  1.402934523133144e-01
  3.154419000000000e+00,  3.556008990971761e-01, -2.977192889791924e-02, -2.626495490464224e-01,  1.168004533578305e+00,  2.546753521575769e-01,  1.363943361080303e-01
  3.158586000000000e+00,  3.664976878372047e-01, -2.911150729012402e-02, -2.570281116146978e-01,  1.161961810699202e+00,  2.424955969629417e-01,  1.329855062528928e-01
  3.162753000000000e+00,  3.770851484140278e-01, -2.832736936478120e-02, -2.515060944184915e-01,  1.155013102904469e+00,  2.303630927982120e-01,  1.300839222879888e-01
  3.166920000000000e+00,  3.873511891536490e-01, -2.742923915134088e-02, -2.460919368250958e-01,  1.147156226832234e+00,  2.183034354108125e-01,  1.277020904652494e-01
  3.171087000000000e+00,  3.972864353398258e-01, -2.642745788906797e-02, -2.407950084370877e-01,  1.138390345902901e+00,  2.063396396163831e-01,  1.258474635119229e-01
  3.175254000000000e+00,  4.068823383415406e-01, -2.533212713682409e-02, -2.356241010209458e-01,  1.128715212477472e+00,  1.944926196791105e-01,  1.245226035052029e-01
  3.179421000000000e+00,  4.161310136161931e-01, -2.415297484695866e-02, -2.305872647043525e-01,  1.118130997371955e+00,  1.827816003881508e-01,  1.237252640039581e-01
  3.183588000000000e+00,  4.250250839216215e-01, -2.289922184029880e-02, -2.256916379111363e-01,  1.106638150540173e+00,  1.712245499296275e-01,  1.234485172001249e-01
  3.187755000000000e+00,  4.335575397194416e-01, -2.157943930719020e-02, -2.209432683605469e-01,  1.094237305394723e+00,  1.598386312134900e-01,  1.236809048477711e-01
  3.191922000000000e+00,  4.417216241163192e-01, -2.020138834194918e-02, -2.163469190330606e-01,  1.080929236997388e+00,  1.486406599502998e-01,  1.244065988273462e-01
  3.196089000000000e+00,  4.495107461765632e-01, -1.877183725232445e-02, -2.119058517039099e-01,  1.066714883693721e+00,  1.376475517422960e-01,  1.256055646011855e-01
  3.200256000000000e+00,  4.569184250056517e-01, -1.729635955827402e-02, -2.076215831384527e-01,  1.051595439145849e+00,  1.268767420044626e-01,  1.272537249388895e-01
  3.204423000000000e+00,  4.639382656183422e-01, -1.577912108105517e-02, -2.034936106127569e-01,  1.035572518273661e+00,  1.163465648807384e-01,  1.293231243374771e-01
  3.208590000000000e+00,  4.705639649948092e-01, -1.422266535096406e-02, -1.995191018664039e-01,  1.018648399041056e+00,  1.060765762652122e-01,  1.317820951284750e-01
  3.212757000000000e+00,  4.767893445347279e-01, -1.262770322388351e-02, -1.956925443058732e-01,  1.000826341138303e+00,  9.608780613228467e-02,  1.345954227207487e-01
  3.216924000000000e+00,  4.826084056524125e-01, -1.099290976232981e-02, -1.920053501058522e-01,  9.821109805419868e-01,  8.640292825183678e-02,  1.377245018777462e-01
  3.221091000000000e+00,  4.880154081164038e-01, -9.314733828021948e-03, -1.884454117464330e-01,  9.625087971681091e-01,  7.704633558788015e-02,  1.411274700064687e-01
  3.225258000000000e+00,  4.930049722188458e-01, -7.587232816900880e-03, -1.849965979179252e-01,  9.420286527115248e-01,  6.804410652147533e-02,  1.447592972326442e-01
  3.229425000000000e+00,  4.975722042607247e-01, -5.801952105906505e-03, -1.816381812200470e-01,  9.206823949837264e-01,  5.942384707865318e-02,  1.485718076913394e-01
  3.233592000000000e+00,  5.017128433098366e-01, -3.947872224170368e-03, -1.783441950685252e-01,  8.984855215621217e-01,  5.121439971828377e-02,  1.525136063366279e-01
  3.237759000000000e+00,  5.054234274892118e-01, -2.011444747551216e-03, -1.750827194181671e-01,  8.754578918028042e-01,  4.344541705945825e-02,  1.565298912136115e-01
  3.241926000000000e+00,  5.087014782378844e-01,  2.326892902826394e-05, -1.718150923848173e-01,  8.516244751407490e-01,  3.614680983701175e-02,  1.605621281423900e-01
  3.246093000000000e+00,  5.115456995601526e-01,  2.174348296140716e-03, -1.684950421427878e-01,  8.270161236663998e-01,  2.934808774966580e-02,  1.645475506106585e-01
  3.250260000000000e+00,  5.139561854100407e-01,  4.461644430845846e-03, -1.650677360568113e-01,  8.016703544393724e-01,  2.307760684661752e-02,  1.684184544244726e-01
  3.254427000000000e+00,  5.159346218259405e-01,  6.906272319836981e-03, -1.614687570353062e-01,  7.756321210677616e-01,  1.736172486989059e-02,  1.721012937295471e-01
  3.258594000000000e+00,  5.174844640102606e-01,  9.529942659581403e-03, -1.576230409439638e-01,  7.489545473180573e-01,  1.222387129970104e-02,  1.755156137461229e-01
  3.262761000000000e+00,  5.186110652621880e-01,  1.235411612501469e-02, -1.534438421461670e-01,  7.216995888248517e-01,  7.683563410772080e-03,  1.785728629994631e-01
  3.266928000000000e+00,  5.193217333483424e-01,  1.539896820650677e-02, -1.488318410992217e-01,  6.939385792932277e-01,  3.755425325015796e-03,  1.811751451011777e-01
  3.271095000000000e+00,  5.196256880178808e-01,  1.868215404870299e-02, -1.436745758093863e-01,  6.657526045059002e-01,  4.482878749626363e-04,  1.832140171385032e-01
  3.275262000000000e+00,  5.195338943122871e-01,  2.221736795655715e-02, -1.378464707292630e-01,  6.372326354112721e-01, -2.235530778308377e-03,  1.845695243871400e-01
  3.279429000000000e+00,  5.190587578213458e-01,  2.601270911511855e-02, -1.312098471409026e-01,  6.084793434228307e-01, -4.300638343293000e-03,  1.851097837364726e-01
  3.283596000000000e+00,  5.182136936737416e-01,  3.006889354195863e-02, -1.236174133725942e-01,  5.796025173176236e-01, -5.758530374475238e-03,  1.846915721208583e-01
  3.287763000000000e+00,  5.170126209799158e-01,  3.437739092674219e-02, -1.149168221589252e-01,  5.507200080860977e-01, -6.626958910761279e-03,  1.831625020840514e-01
  3.291930000000000e+00,  5.154694890719717e-01,  3.891861724554158e-02, -1.049578958020773e-01,  5.219561561302810e-01, -6.928607820226631e-03,  1.803654266587682e-01
  3.296097000000000e+00,  5.135980040147126e-01,  4.366037991368410e-02, -9.360298675485808e-02,  4.934397071623340e-01, -6.689071304269498e-03,  1.761456503348283e-01
  3.300264000000000e+00,  5.114117703412874e-01,  4.855684034394092e-02, -8.074058338592088e-02,  4.653012919771902e-01, -5.934293796643298e-03,  1.703612709949644e-01
  3.304431000000000e+00,  5.089250574708577e-01,  5.354830967953039e-02, -6.630163204344906e-02,  4.376706193471870e-01, -4.687849544861328e-03,  1.628964956754796e-01
  3.308598000000000e+00,  5.061543054212015e-01,  5.856220374094190e-02, -5.027714338920197e-02,  4.106735944118931e-01, -2.968670560351735e-03,  1.536770647250053e-01
  3.312765000000000e+00,  5.031202813454925e-01,  6.351542468253846e-02, -3.273462792313367e-02,  3.844296048177269e-01, -7.899811286145164e-04,  1.426860776936704e-01
  3.316932000000000e+00,  4.998505114999243e-01,  6.831828181350330e-02, -1.383006574739594e-02,  3.590491949737986e-01,  1.839842468049611e-03,  1.299777411298542e-01
  3.321099000000000e+00,  4.963813311686518e-01,  7.287980391960569e-02,  6.188125008985206e-03,  3.346322787812659e-01,  4.914080474215717e-03,  1.156861483661014e-01
  3.325266000000000e+00,  4.927587609167585e-01,  7.711396326289677e-02,  2.698592577628560e-02,  3.112669529812583e-01,  8.422325254929039e-03,  1.000264605487089e-01
  3.329433000000000e+00,  4.890436410585272e-01,  8.094982596344891e-02,  4.817357380830221e-02,  2.890323456035602e-01,  1.234207322251262e-02,  8.327561908203843e-02
  3.333600000000000e+00,  4.852851755759778e-01,  8.432211866910699e-02,  6.929101048111548e-02,  2.679853845552136e-01,  1.663975136381572e-02,  6.579862209793656e-02
  3.337767000000000e+00,  4.815504804836217e-01,  8.719663204713646e-02,  8.990568036561514e-02,  2.481802248467533e-01,  2.125527432599729e-02,  4.796273016235831e-02
  3.341934000000000e+00,  4.778976077347761e-01,  8.955744688008327e-02,  1.096076245238442e-01,  2.296571500577473e-01,  2.610835589024918e-02,  3.014958299875369e-02
  3.346101000000000e+00,  4.743763751954686e-01,  9.140910080170062e-02,  1.280487813146517e-01,  2.124468332378510e-01,  3.109952766583557e-02,  1.271971877112056e-02
  3.350268000000000e+00,  4.710254662876683e-01,  9.277330705988418e-02,  1.449625726138730e-01,  1.965719281601391e-01,  3.611631648204849e-02, -4.008573780875957e-03
  3.354435000000000e+00,  4.678714850181150e-01,  9.368442662539667e-02,  1.601715808980162e-01,  1.820486284725997e-01,  4.104145952994993e-02, -1.977293394323093e-02
  3.358602000000000e+00,  4.649297779314558e-01,  9.418460053402899e-02,  1.735840984224999e-01,  1.688879235381134e-01,  4.576151547016712e-02, -3.437241767913087e-02
  3.362769000000000e+00,  4.622064381196820e-01,  9.431930750473128e-02,  1.851822059445232e-01,  1.570963438187755e-01,  5.017440684648798e-02, -4.766567528924795e-02
  3.366936000000000e+00,  4.597007943660332e-01,  9.413383092530858e-02,  1.950048279263162e-01,  1.466761167319098e-01,  5.419493950814929e-02, -5.956371922338426e-02
  3.371103000000000e+00,  4.574078086675447e-01,  9.367081666670818e-02,  2.031290572585735e-01,  1.376248010417397e-01,  5.775793938028380e-02, -7.001953240743040e-02
  3.375270000000000e+00,  4.553200355270708e-01,  9.296886071239019e-02,  2.096523306599204e-01,  1.299345847794514e-01,  6.081913703204388e-02, -7.901659857893203e-02
  3.379437000000000e+00,  4.534290241857449e-01,  9.206191720036672e-02,  2.146771427373001e-01,  1.235914849192865e-01,  6.335424230193297e-02, -8.655799871063966e-02
  3.383604000000000e+00,  4.517262061829780e-01,  9.097925954268016e-02,  2.182991657167237e-01,  1.185746722085986e-01,  6.535679144277828e-02, -9.265720244038968e-02
  3.387771000000000e+00,  4.502033895767363e-01,  8.974573634390626e-02,  2.205990142759574e-01,  1.148560822450728e-01,  6.683535367394838e-02, -9.733118715044954e-02
  3.391938000000000e+00,  4.488529943317556e-01,  8.838211339748181e-02,  2.216374780178158e-01,  1.124003942708987e-01,  6.781059630943033e-02, -1.005960913672127e-01
  3.396105000000000e+00,  4.476681388377726e-01,  8.690536129879889e-02,  2.214538030172173e-01,  1.111653880860799e-01,  6.831257106589871e-02, -1.024652859809844e-01
  3.400272000000000e+00,  4.466426489426982e-01,  8.532882161670052e-02,  2.200664955949272e-01,  1.111026399179237e-01,  6.837843416268383e-02, -1.029495363574285e-01
  3.404439000000000e+00,  4.457710217945525e-01,  8.366225613663891e-02,  2.174761049069177e-01,  1.121584896107581e-01,  6.805067583565233e-02, -1.020588177819846e-01
  3.408606000000000e+00,  4.450483442696117e-01,  8.191183837993243e-02,  2.136694764761126e-01,  1.142751969471186e-01,  6.737582976299250e-02, -9.980530214237958e-02
  3.412773000000000e+00,  4.444701442538829e-01,  8.008016622700032e-02,  2.086250292333078e-01,  1.173921960237386e-01,  6.640356380972635e-02, -9.620702771174662e-02
  3.416940000000000e+00,  4.440321418234383e-01,  7.816636638857744e-02,  2.023186846989530e-01,  1.214473487818175e-01,  6.518600336816481e-02, -9.129179696641306e-02
  3.421107000000000e+00,  4.437298653646533e-01,  7.616634649872234e-02,  1.947301544201452e-01,  1.263780934024565e-01,  6.377709675871000e-02, -8.510091223011211e-02
  3.425274000000000e+00,  4.435581103724987e-01,  7.407323203333882e-02,  1.858493362780315e-01,  1.321223819942364e-01,  6.223182540284441e-02, -7.769242717492932e-02
  3.429441000000000e+00,  4.435102477378176e-01,  7.187800300731029e-02,  1.756825568661214e-01,  1.386193088527035e-01,  6.060511693874568e-02, -6.914364478012622e-02
  3.433608000000000e+00,  4.435774253010193e-01,  6.957032580285372e-02,  1.642583305041710e-01,  1.458093592551850e-01,  5.895041674960856e-02, -5.955261658802106e-02
  3.437775000000000e+00,  4.437477431976971e-01,  6.713955590344134e-02,  1.516322107011715e-01,  1.536342664279689e-01,  5.731796849668209e-02, -4.903839895424586e-02
  3.441942000000000e+00,  4.440055137719104e-01,  6.457586302924123e-02,  1.378902319824401e-01,  1.620365345952204e-01,  5.575292357521541e-02, -3.773984893794385e-02
  3.446109000000000e+00,  4.443307312220369e-01,  6.187140450338302e-02,  1.231504275981224e-01,  1.709587438593337e-01,  5.429344428620504e-02, -2.581284666295211e-02
  3.450276000000000e+00,  4.446988667472260e-01,  5.902145240456425e-02,  1.075619927567777e-01,  1.803427832273909e-01,  5.296899190861452e-02, -1.342600871908481e-02
  3.454443000000000e+00,  4.450810692847191e-01,  5.602537036062949e-02,  9.130186310334622e-02,  1.901291574253122e-01,  5.179899393449999e-02, -7.551573659419357e-04
  3.458610000000000e+00,  4.454447953102112e-01,  5.288733570929049e-02,  7.456878470666058e-02,  2.002564863704504e-01,  5.079205352524267e-02,  1.202302937152303e-02
  3.462777000000000e+00,  4.457548266702014e-01,  4.961671226992936e-02,  5.757529854240941e-02,  2.106612770450478e-01,  4.994580154639387e-02,  2.473768274571089e-02
  3.466944000000000e+00,  4.459745744520234e-01,  4.622800448207931e-02,  4.053835973959264e-02,  2.212780087187025e-01,  4.924742217922894e-02,  3.723021435530169e-02
  3.471111000000000e+00,  4.460675190044611e-01,  4.274037010212939e-02,  2.366950418347301e-02,  2.320395351230085e-01,  4.867482834897674e-02,  4.936010515660642e-02
  3.475278000000000e+00,  4.459986207311507e-01,  3.917672570472397e-02,  7.165523558552192e-03,  2.428777705911634e-01,  4.819840002859958e-02,  6.100955185137061e-02
  3.479445000000000e+00,  4.457355649117491e-01,  3.556251823374934e-02, -8.799528559132712e-03,  2.537245994405004e-01,  4.778309223609708e-02,  7.208657850932808e-02
  3.483612000000000e+00,  4.452497420849943e-01,  3.192426758377587e-02, -2.408043266786388e-02,  2.645129299373976e-01,  4.739064662712727e-02,  8.252635991743940e-02
  3.487779000000000e+00,  4.445168784938683e-01,  2.828805037207793e-02, -3.856464506987275e-02,  2.751777969129938e-01,  4.698171192282625e-02,  9.229070655989248e-02
  3.491946000000000e+00,  4.435172615480843e-01,  2.467813890564585e-02, -5.217371540814730e-02,  2.856574083245842e-01,  4.651779332223652e-02,  1.013658948654826e-01
  3.496113000000000e+00,  4.422355894745870e-01,  2.111595482240447e-02, -6.486239854493017e-02,  2.958940468418695e-01,  4.596295552668875e-02,  1.097592210897445e-01
  3.500280000000000e+00,  4.406605515053427e-01,  1.761940348322799e-02, -7.661587724648997e-02,  3.058347701437487e-01,  4.528517373217660e-02,  1.174947631803185e-01
  3.504447000000000e+00,  4.387842619580190e-01,  1.420259854788397e-02, -8.744565479340161e-02,  3.154318852975556e-01,  4.445727159227927e-02,  1.246088671165319e-01
  3.508614000000000e+00,  4.365956860975881e-01,  1.087278874669817e-02, -9.739295042208589e-02,  3.246395642858398e-01,  4.346032989498855e-02,  1.311571546575169e-01
  3.512781000000000e+00,  4.341044406002204e-01,  7.643566695879622e-03, -1.064896042846132e-01,  3.334287683307152e-01,  4.227232318419656e-02,  1.371643153824135e-01
  3.516948000000000e+00,  4.313028857518283e-01,  4.515798016077266e-03, -1.148055582507938e-01,  3.417642298045644e-01,  4.088568697295782e-02,  1.426925479922336e-01
  3.521115000000000e+00,  4.281913089089502e-01,  1.491632761085659e-03, -1.224083666387031e-01,  3.496198814110545e-01,  3.929522366404432e-02,  1.477900592021356e-01
  3.525282000000000e+00,  4.247710594753626e-01, -1.428202493332309e-03, -1.293687543643350e-01,  3.569744785373109e-01,  3.750072138636110e-02,  1.525019869061662e-01
  3.529449000000000e+00,  4.210443485931895e-01, -4.243726931161040e-03, -1.357575947312809e-01,  3.638112314170543e-01,  3.550644325303430e-02,  1.568691931517151e-01
  3.533616000000000e+00,  4.170141222097865e-01, -6.955085824572826e-03, -1.416435841277152e-01,  3.701174376740471e-01,  3.332052727593324e-02,  1.609275173080676e-01
  3.537783000000000e+00,  4.126839953998741e-01, -9.562015210254460e-03, -1.470915217774157e-01,  3.758841350935606e-01,  3.095433359402227e-02,  1.647074182478170e-01
  3.541950000000000e+00,  4.080582403070524e-01, -1.206342740979416e-02, -1.521610882879570e-01,  3.811057798699083e-01,  2.842177744075470e-02,  1.682339470090038e-01
  3.546117000000000e+00,  4.031418189631234e-01, -1.445715078262455e-02, -1.569060287443790e-01,  3.857799474040816e-01,  2.573867884063384e-02,  1.715269792432187e-01
  3.550284000000000e+00,  3.979404414970239e-01, -1.673982749273195e-02, -1.613736686009027e-01,  3.899070508066794e-01,  2.292214691889115e-02,  1.746016226971599e-01
  3.554451000000000e+00,  3.924606228013865e-01, -1.890694380751490e-02, -1.656047060359311e-01,  3.934900715496701e-01,  1.999000613183560e-02,  1.774687236249163e-01
  3.558618000000000e+00,  3.867097148818767e-01, -2.095296024234017e-02, -1.696332352074280e-01,  3.965342956185539e-01,  1.696026701107854e-02,  1.801354259827299e-01
  3.562785000000000e+00,  3.806959021727601e-01, -2.287151557107081e-02, -1.734869700733979e-01,  3.990470512146243e-01,  1.385064371823702e-02,  1.826057629934662e-01
  3.566952000000000e+00,  3.744281565965578e-01, -2.465568380541860e-02, -1.771876484777657e-01,  4.010374508447883e-01,  1.067812240462822e-02,  1.848812643815704e-01
  3.571119000000000e+00,  3.679161575647246e-01, -2.629826312512762e-02, -1.807515832865640e-01,  4.025161462884824e-01,  7.458592176125736e-03,  1.869615528840245e-01
  3.575286000000000e+00,  3.611701906710639e-01, -2.779207771803316e-02, -1.841903001423807e-01,  4.034951051470476e-01,  4.206562328060552e-03,  1.888448998786899e-01
  3.579453000000000e+00,  3.542010442425426e-01, -2.913027980350891e-02, -1.875111879941608e-01,  4.039874136294698e-01,  9.349889348200088e-04,  1.905287213041962e-01
  3.583620000000000e+00,  3.470199182630377e-01, -3.030664174287945e-02, -1.907181022677069e-01,  4.040071061947998e-01, -2.344784646032835e-03,  1.920100106565096e-01
  3.587787000000000e+00,  3.396383470143680e-01, -3.131582509324549e-02, -1.938118975661480e-01,  4.035690196305310e-01, -5.622992295695677e-03,  1.932857078096200e-01
  3.591954000000000e+00,  3.320681267902731e-01, -3.215361005545936e-02, -1.967909053378623e-01,  4.026886666995226e-01, -8.891347032244203e-03,  1.943529971002150e-01
  3.596121000000000e+00,  3.243212403904784e-01, -3.281706864861977e-02, -1.996513799563476e-01,  4.013821251830001e-01, -1.214290908626852e-02,  1.952095345188806e-01
  3.600288000000000e+00,  3.164097761291556e-01, -3.330467248907665e-02, -2.023879158803234e-01,  3.996659415486468e-01, -1.537193655838767e-02,  1.958536130233718e-01
  3.604455000000000e+00,  3.083458424352749e-01, -3.361633985454993e-02, -2.049938218091202e-01,  3.975570495475811e-01, -1.857372750973550e-02,  1.962842681794889e-01
  3.608622000000000e+00,  3.001414788263742e-01, -3.375343585687496e-02, -2.074614412460141e-01,  3.950727016655698e-01, -2.174446444304637e-02,  1.965013143105202e-01
  3.612789000000000e+00,  2.918085647244700e-01, -3.371873763072708e-02, -2.097824233735107e-01,  3.922304092468655e-01, -2.488107699381324e-02,  1.965053004711787e-01
  3.616956000000000e+00,  2.833587287660189e-01, -3.351636746507469e-02, -2.119479563409104e-01,  3.890478877673329e-01, -2.798113518334955e-02,  1.962973834232793e-01
  3.621123000000000e+00,  2.748032607638806e-01, -3.315169129647222e-02, -2.139489727696662e-01,  3.855430060233676e-01, -3.104277550675121e-02,  1.958791298275853e-01
  3.625290000000000e+00,  2.661530292073404e-01, -3.263118550965149e-02, -2.157763352817391e-01,  3.817337393949762e-01, -3.406465479304641e-02,  1.952522804597013e-01
  3.629457000000000e+00,  2.574184098379773e-01, -3.196228347233632e-02, -2.174210083450476e-01,  3.776381280109329e-01, -3.704592328456524e-02,  1.944185235925702e-01
  3.633624000000000e+00,  2.486092314616308e-01, -3.115321266544924e-02, -2.188742169826807e-01,  3.732742417129059e-01, -3.998620804193001e-02,  1.933793186402884e-01
  3.637791000000000e+00,  2.397347430186334e-01, -3.021282830607630e-02, -2.201275929927941e-01,  3.686601535418580e-01, -4.288560036563153e-02,  1.921357854504972e-01
  3.641958000000000e+00,  2.308036034306686e-01, -2.915044922932619e-02, -2.211733183530007e-01,  3.638139210649858e-01, -4.574464280160793e-02,  1.906886539067321e-01
  3.646125000000000e+00,  2.218238929694359e-01, -2.797570277135586e-02, -2.220042786328205e-01,  3.587535722817065e-01, -4.856431206275599e-02,  1.890382664601447e-01
  3.650292000000000e+00,  2.128031418341674e-01, -2.669838302667493e-02, -2.226142318911931e-01,  3.534970919827074e-01, -5.134599557711075e-02,  1.871846304298727e-01
  3.654459000000000e+00,  2.037483707444125e-01, -2.532832527021966e-02, -2.229979916487255e-01,  3.480624048884326e-01, -5.409145980736878e-02,  1.851275197152484e-01
  3.658626000000000e+00,  1.946661401056148e-01, -2.387529985793679e-02, -2.231516203284835e-01,  3.424673524775241e-01, -5.680280789309509e-02,  1.828666262799517e-01
  3.662793000000000e+00,  1.855626061800805e-01, -2.234892747977790e-02, -2.230726260875764e-01,  3.367296616125600e-01, -5.948242560357880e-02,  1.804017583574003e-01
