Main.Studies.MarkerTracking.t,Main.Studies.MarkerTracking.JointAngleOutputs.OutputFile_RightArm.SternoClavicularProtraction,Main.Studies.MarkerTracking.JointAngleOutputs.OutputFile_RightArm.SternoClavicularElevation,Main.Studies.MarkerTracking.JointAngleOutputs.OutputFile_RightArm.SternoClavicularAxialRotation,Main.Studies.MarkerTracking.JointAngleOutputs.OutputFile_RightArm.AcromioClavicularProtraction,Main.Studies.MarkerTracking.JointAngleOutputs.OutputFile_RightArm.AcromioClavicularMedialRotation,Main.Studies.MarkerTracking.JointAngleOutputs.OutputFile_RightArm.AcromioClavicularPosteriorTilt,Main.Studies.MarkerTracking.JointAngleOutputs.OutputFile_RightArm.GlenohumeralFlexion,Main.Studies.MarkerTracking.JointAngleOutputs.OutputFile_RightArm.GlenohumeralExternalRotation,Main.Studies.MarkerTracking.JointAngleOutputs.OutputFile_RightArm.GlenohumeralAbduction,Main.Studies.MarkerTracking.JointAngleOutputs.OutputFile_RightArm.ElbowFlexion,Main.Studies.MarkerTracking.JointAngleOutputs.OutputFile_RightArm.ElbowPronation,Main.Studies.MarkerTracking.JointAngleOutputs.OutputFile_RightArm.WristFlexion,Main.Studies.MarkerTracking.JointAngleOutputs.OutputFile_RightArm.WristAbduction
 2.791890000000000e+000,-6.423588529016527e-001, 1.148921733636967e-001,-3.430137309546298e-001, 5.517942580974993e-001,-5.397315109046899e-001, 3.523360385700050e-001, 1.689507209128651e-001,-2.133515689111200e-001, 3.223260323355960e-001, 5.792223308925651e-001, 6.293927784450218e-001, 4.650173032066265e-001, 1.438216074283134e-001
 2.796057000000000e+000,-6.422342053610022e-001, 1.152915856148158e-001,-3.432199485777822e-001, 5.515834185759434e-001,-5.398484514641797e-001, 3.529038765461873e-001, 1.710335356905561e-001,-2.114902507926750e-001, 3.232770771414307e-001, 5.799616599883307e-001, 6.284984756741718e-001, 4.666167291320296e-001, 1.441200341935824e-001
 2.800224000000000e+000,-6.421315356182230e-001, 1.156660377298242e-001,-3.434198642823400e-001, 5.513813202607009e-001,-5.399594588389629e-001, 3.534431471709217e-001, 1.728907939119213e-001,-2.095172533121617e-001, 3.241094706028898e-001, 5.806129512009002e-001, 6.275254595918430e-001, 4.683439553752491e-001, 1.444228240835723e-001
 2.804391000000000e+000,-6.420514792178105e-001, 1.160093768053179e-001,-3.436121659022887e-001, 5.511905687876055e-001,-5.400629878313781e-001, 3.539462891740201e-001, 1.745200495531309e-001,-2.074406306331029e-001, 3.248258259933112e-001, 5.811838714480401e-001, 6.264764421950460e-001, 4.701937619546679e-001, 1.447282667512213e-001
 2.808558000000000e+000,-6.419946588104653e-001, 1.163166283774810e-001,-3.437958221082739e-001, 5.510132475363706e-001,-5.401577979328991e-001, 3.544072118771136e-001, 1.759184881532436e-001,-2.052687549119667e-001, 3.254291522550842e-001, 5.816815997342802e-001, 6.253548013047436e-001, 4.721602838183454e-001, 1.450344943339339e-001
 2.812725000000000e+000,-6.419616501480741e-001, 1.165836672443459e-001,-3.439699343019711e-001, 5.508510973130389e-001,-5.402428565077273e-001, 3.548208298890378e-001, 1.770833587291034e-001,-2.030103008334483e-001, 3.259226846227459e-001, 5.821128317293535e-001, 6.241646006605324e-001, 4.742369598871656e-001, 1.453394834714333e-001
 2.816892000000000e+000,-6.419529435780259e-001, 1.168072957915451e-001,-3.441337461064625e-001, 5.507054893338751e-001,-5.403173564648003e-001, 3.551831535269756e-001, 1.780119908819500e-001,-2.006742702424355e-001, 3.263097927946381e-001, 5.824836792968289e-001, 6.229106392054723e-001, 4.764165286788091e-001, 1.456410606645013e-001
 2.821059000000000e+000,-6.419689100865890e-001, 1.169853005995081e-001,-3.442866480617670e-001, 5.505774072336481e-001,-5.403807284794395e-001, 3.554913524164560e-001, 1.787018277709767e-001,-1.982700341883938e-001, 3.265938909096149e-001, 5.827995711813819e-001, 6.215984722377326e-001, 4.786910460406615e-001, 1.459369263330761e-001
 2.825226000000000e+000,-6.420097726732468e-001, 1.171164831953724e-001,-3.444281778955279e-001, 5.504674393036843e-001,-5.404326469244141e-001, 3.557437879078121e-001, 1.791504775183019e-001,-1.958073828940169e-001, 3.267783502254862e-001, 5.830651561518745e-001, 6.202344128043232e-001, 4.810519169192942e-001, 1.462246901719571e-001
 2.829393000000000e+000,-6.420755833870225e-001, 1.172006617945449e-001,-3.445580169735139e-001, 5.503757817720194e-001,-5.404730289137607e-001, 3.559400111954584e-001, 1.793557846979133e-001,-1.932965717125361e-001, 3.268664163552020e-001, 5.832842095326243e-001, 6.188255237646380e-001, 4.834899314738412e-001, 1.465019103244696e-001
 2.833560000000000e+000,-6.421662071323273e-001, 1.172386446229756e-001,-3.446759837720245e-001, 5.503022524484046e-001,-5.405020267544058e-001, 3.560807284475858e-001, 1.793159207985382e-001,-1.907483519467941e-001, 3.268611350471013e-001, 5.834595442710930e-001, 6.173796070948626e-001, 4.859952977474373e-001, 1.467661313340740e-001
 2.837727000000000e+000,-6.422813137642068e-001, 1.172321788686583e-001,-3.447820253570282e-001, 5.502463127474569e-001,-5.405200149028522e-001, 3.561677382551494e-001, 1.790294901134537e-001,-1.881739776201271e-001, 3.267652915695961e-001, 5.835929281472673e-001, 6.159051923731297e-001, 4.885576659616779e-001, 1.470149185869348e-001
 2.841894000000000e+000,-6.424203794214365e-001, 1.171838810801671e-001,-3.448762078438065e-001, 5.502070955549887e-001,-5.405275729013375e-001, 3.562038486336465e-001, 1.784956460646212e-001,-1.855851823279251e-001, 3.265813677368052e-001, 5.836850091350868e-001, 6.144115246637205e-001, 4.911661420907243e-001, 1.472458893671900e-001
 2.846061000000000e+000,-6.425826977224397e-001, 1.170971555883340e-001,-3.449587065523031e-001, 5.501834362817359e-001,-5.405254658890133e-001, 3.561927814675192e-001, 1.777142122898634e-001,-1.829941230702430e-001, 3.263115190582143e-001, 5.837352519918877e-001, 6.129085516975146e-001, 4.938092902762246e-001, 1.474567419109255e-001
 2.850228000000000e+000,-6.427674020189664e-001, 1.169761076210705e-001,-3.450297961635689e-001, 5.501739045227072e-001,-5.405146242570906e-001, 3.561390721995602e-001, 1.766858024730631e-001,-1.804132893957053e-001, 3.259575738410955e-001, 5.837418909798030e-001, 6.114069089634366e-001, 4.964751247882004e-001, 1.476452828189648e-001
 2.854395000000000e+000,-6.429735000216208e-001, 1.168254565226272e-001,-3.450898408631769e-001, 5.501768342965151e-001,-5.404961236906027e-001, 3.560479709971974e-001, 1.754119328134345e-001,-1.778553772456639e-001, 3.255210554029494e-001, 5.837019047792156e-001, 6.099178995625486e-001, 4.991510934636017e-001, 1.478094514849726e-001
 2.858562000000000e+000,-6.431999207090799e-001, 1.166504520856038e-001,-3.451392843613169e-001, 5.501903518713284e-001,-5.404711662536068e-001, 3.559253487675494e-001, 1.738951214839672e-001,-1.753331291063471e-001, 3.250032268921982e-001, 5.836110189903762e-001, 6.084534646647068e-001, 5.018240568786903e-001, 1.479473405879762e-001
 2.862729000000000e+000,-6.434455715157603e-001, 1.164567947304562e-001,-3.451786397321193e-001, 5.502124011676780e-001,-5.404410626246339e-001, 3.557776087057494e-001, 1.721389699227414e-001,-1.728591452060014e-001, 3.244051564284924e-001, 5.834637395123551e-001, 6.070261398398115e-001, 5.044802705457494e-001, 1.480572133756118e-001
 2.866896000000000e+000,-6.437094024709741e-001, 1.162505584809934e-001,-3.452084790206644e-001, 5.502407674944817e-001,-5.404072151585062e-001, 3.556116019426793e-001, 1.701482208624021e-001,-1.704456733922500e-001, 3.237277989673756e-001, 5.832534180276880e-001, 6.056489923391958e-001, 5.071053794507705e-001, 1.481375183580105e-001
 2.871063000000000e+000,-6.439904729399381e-001, 1.160381139311328e-001,-3.452294224391334e-001, 5.502731011500971e-001,-5.403711010143908e-001, 3.554345437184270e-001, 1.679287887968459e-001,-1.681043879542996e-001, 3.229720900411958e-001, 5.829723499034905e-001, 6.043355350085778e-001, 5.096844344740124e-001, 1.481869004570358e-001
 2.875230000000000e+000,-6.442880156784424e-001, 1.158260473585366e-001,-3.452421269410768e-001, 5.503069428981957e-001,-5.403342543292162e-001, 3.552539252238727e-001, 1.654877605792919e-001,-1.658461709302673e-001, 3.221390456575610e-001, 5.826119042920449e-001, 6.030996118354751e-001, 5.122019405288052e-001, 1.482042084985293e-001
 2.879397000000000e+000,-6.446012657286339e-001, 1.156219986217535e-001,-3.452475019968285e-001, 5.503393629328481e-001,-5.402984799956445e-001, 3.550785558106314e-001, 1.628325371012005e-001,-1.636809093883488e-001, 3.212301791654869e-001, 5.821625196721274e-001, 6.019553281606946e-001, 5.146419981832873e-001, 1.481884952458064e-001
 2.883564000000000e+000,-6.449303718591768e-001, 1.154308343355626e-001,-3.452457757997718e-001, 5.503685729551794e-001,-5.402648895661333e-001, 3.549138592322035e-001, 1.599740841300161e-001,-1.616173468964807e-001, 3.202463093747749e-001, 5.816145583454937e-001, 6.009165292608141e-001, 5.169882438644673e-001, 1.481390599859641e-001
 2.887731000000000e+000,-6.452751482673513e-001, 1.152601890499647e-001,-3.452378874267342e-001, 5.503915666207501e-001,-5.402353059343228e-001, 3.547687270051945e-001, 1.569218644066264e-001,-1.596629559050929e-001, 3.191895930399384e-001, 5.809575026273064e-001, 5.999970644436973e-001, 5.192243601479483e-001, 1.480554174871964e-001
 2.891898000000000e+000,-6.456358631496340e-001, 1.151165620484131e-001,-3.452245362304978e-001, 5.504057789262502e-001,-5.402112765520526e-001, 3.546507051643400e-001, 1.536870395463765e-001,-1.578238876893532e-001, 3.180622553327263e-001, 5.801808602967036e-001, 5.992101942751181e-001, 5.213341144113217e-001, 1.479373402770919e-001
 2.896065000000000e+000,-6.460129836131138e-001, 1.150061571519101e-001,-3.452064204682698e-001, 5.504087241283587e-001,-5.401942891485885e-001, 3.545670482498796e-001, 1.502815113866076e-001,-1.561049618293761e-001, 3.168669445588516e-001, 5.792742243862570e-001, 5.985684152650785e-001, 5.233016908650017e-001, 1.477848464350501e-001
 2.900232000000000e+000,-6.464070807397164e-001, 1.149347681983677e-001,-3.451842417310985e-001, 5.503980438070876e-001,-5.401857449720962e-001, 3.545245908048028e-001, 1.467177914092144e-001,-1.545097011722354e-001, 3.156067155889437e-001, 5.782275036175355e-001, 5.980832155519044e-001, 5.251119837571707e-001, 1.475981747447209e-001
 2.904399000000000e+000,-6.468187091514746e-001, 1.149076729117395e-001,-3.451587123324295e-001, 5.503715536061712e-001,-5.401869336553005e-001, 3.545296271352578e-001, 1.430088741136295e-001,-1.530404057333292e-001, 3.142849772835858e-001, 5.770311415353610e-001, 5.977648587824731e-001, 5.267508882510228e-001, 1.473777378424821e-001
 2.908566000000000e+000,-6.472482750066174e-001, 1.149295424270997e-001,-3.451305631600701e-001, 5.503272856430291e-001,-5.401990112677997e-001, 3.545878067591438e-001, 1.391681160596618e-001,-1.516982603684440e-001, 3.129054086927374e-001, 5.756763166429461e-001, 5.976222028668948e-001, 5.282055746703578e-001, 1.471240561423112e-001
 2.912733000000000e+000,-6.476959084162033e-001, 1.150043712931603e-001,-3.451005489825105e-001, 5.502635244201982e-001,-5.402229825532237e-001, 3.547040501872905e-001, 1.352091208947179e-001,-1.504834706010380e-001, 3.114718526907214e-001, 5.741551185430475e-001, 5.976625551857516e-001, 5.294647333750628e-001, 1.468376795043853e-001
 2.916900000000000e+000,-6.481613556167978e-001, 1.151354305386185e-001,-3.450694487084343e-001, 5.501788347075416e-001,-5.402596879201924e-001, 3.548824875890914e-001, 1.311456295968514e-001,-1.493954201296774e-001, 3.099881992947999e-001, 5.724606966264071e-001, 5.978915637851706e-001, 5.305187771687754e-001, 1.465191057594633e-001
 2.921067000000000e+000,-6.486439027458040e-001, 1.153252433434862e-001,-3.450380592018381e-001, 5.500720808458641e-001,-5.403097951693179e-001, 3.551264200526091e-001, 1.269914149093803e-001,-1.484328411317193e-001, 3.084582733529763e-001, 5.705873797547976e-001, 5.983131460469535e-001, 5.313599859743277e-001, 1.461687041746416e-001
 2.925234000000000e+000,-6.491423378021232e-001, 1.155755793604520e-001,-3.450071823504258e-001, 5.499424382587225e-001,-5.403737952047671e-001, 3.554382996129817e-001, 1.227601793491180e-001,-1.475939857217039e-001, 3.068857413465373e-001, 5.685307680468761e-001, 5.989294595723445e-001, 5.319825787075478e-001, 1.457866501852125e-001
 2.929401000000000e+000,-6.496549506337030e-001, 1.158874603414368e-001,-3.449776059919217e-001, 5.497893995024535e-001,-5.404520002000215e-001, 3.558197204683246e-001, 1.184654562620395e-001,-1.468767867205330e-001, 3.052740480301672e-001, 5.662877992153568e-001, 5.997409239784576e-001, 5.323827011110178e-001, 1.453728751652884e-001
 2.933568000000000e+000,-6.501795631715667e-001, 1.162611672496579e-001,-3.449500802101460e-001, 5.496127785098481e-001,-5.405445420821609e-001, 3.562714108878373e-001, 1.141205139324730e-001,-1.462789981302326e-001, 3.036263866144173e-001, 5.638567908870502e-001, 6.007463090617281e-001, 5.325583220064405e-001, 1.449270285804881e-001
 2.937735000000000e+000,-6.507138855252450e-001, 1.166960434431190e-001,-3.449252715609628e-001, 5.494127580991532e-001,-5.406513311752086e-001, 3.567930288358904e-001, 1.097385985641564e-001,-1.457983118296058e-001, 3.019456819132533e-001, 5.612374835918024e-001, 6.019428973595348e-001, 5.325090340838701e-001, 1.444484460932006e-001
 2.941902000000000e+000,-6.512543613561493e-001, 1.171912804074198e-001,-3.449038221783649e-001, 5.491897240333307e-001,-5.407722075995709e-001, 3.573839019007953e-001, 1.053315177303378e-001,-1.454324485350187e-001, 3.002346941651927e-001, 5.584309638067629e-001, 6.033267329868128e-001, 5.322358040947965e-001, 1.439361259786098e-001
 2.946069000000000e+000,-6.517979980419238e-001, 1.177446962558182e-001,-3.448861933976486e-001, 5.489445476026866e-001,-5.409066957690869e-001, 3.580418202790145e-001, 1.009115302137777e-001,-1.451792535757088e-001, 2.984959240500472e-001, 5.554398221686319e-001, 6.048928000371708e-001, 5.317406546165557e-001, 1.433887603326685e-001
 2.950236000000000e+000,-6.523412699312945e-001, 1.183535500155217e-001,-3.448727482722359e-001, 5.486783938317261e-001,-5.410541670753748e-001, 3.587638297238847e-001, 9.648994080847140e-002,-1.450367591688018e-001, 2.967317658765374e-001, 5.522680746312564e-001, 6.066352197611519e-001, 5.310263956885395e-001, 1.428048334236850e-001
 2.954403000000000e+000,-6.528804729940732e-001, 1.190143482378525e-001,-3.448637202162949e-001, 5.483927625601679e-001,-5.412138012055459e-001, 3.595460367889737e-001, 9.207733178745037e-002,-1.450032220337909e-001, 2.949445489079437e-001, 5.489211726731237e-001, 6.085474004735989e-001, 5.300963398208327e-001, 1.421827881282623e-001
 2.958570000000000e+000,-6.534118059021686e-001, 1.197228760749305e-001,-3.448592109279401e-001, 5.480894705463110e-001,-5.413845942163267e-001, 3.603836426763961e-001, 8.768347518128850e-002,-1.450771216451378e-001, 2.931366155680272e-001, 5.454059405073306e-001, 6.106222348487469e-001, 5.289540267650308e-001, 1.415212176176187e-001
 2.962737000000000e+000,-6.539314618134439e-001, 1.204742488461297e-001,-3.448591898719785e-001, 5.477706246903654e-001,-5.415653716804145e-001, 3.612710017529831e-001, 8.331725353980235e-002,-1.452571257108369e-001, 2.913104010011813e-001, 5.417304675905991e-001, 6.128523436967057e-001, 5.276029668562670e-001, 1.408190609174825e-001
 2.966904000000000e+000,-6.544357311954695e-001, 1.212629895552666e-001,-3.448634956668916e-001, 5.474385842313486e-001,-5.417548082194643e-001, 3.622017115597653e-001, 7.898658771071054e-002,-1.455420237719109e-001, 2.894685072993172e-001, 5.379039639458803e-001, 6.152303432540222e-001, 5.260464237661102e-001, 1.400757965216464e-001
 2.971071000000000e+000,-6.549211117141210e-001, 1.220831346856728e-001,-3.448718405955895e-001, 5.470959109545354e-001,-5.419514540658048e-001, 3.631687379031692e-001, 7.469837206361474e-002,-1.459306298422564e-001, 2.876137658607898e-001, 5.339365854998143e-001, 6.177491141485803e-001, 5.242872537738323e-001, 1.392916263962558e-001
 2.975238000000000e+000,-6.553844164354773e-001, 1.229283623191748e-001,-3.448838190040660e-001, 5.467453100427082e-001,-5.421537672558452e-001, 3.641645686020532e-001, 7.045842266704616e-002,-1.464216557770575e-001, 2.857492796003569e-001, 5.298392405499307e-001, 6.204020590826972e-001, 5.223278106785272e-001, 1.384676336362421e-001
 2.979405000000000e+000,-6.558228700197827e-001, 1.237921309100700e-001,-3.448989196971005e-001, 5.463895666538222e-001,-5.423601486324303e-001, 3.651813823623630e-001, 6.627144642731109e-002,-1.470135580647084e-001, 2.838784369361880e-001, 5.256233917509554e-001, 6.231833408348727e-001, 5.201699183220518e-001, 1.376058927104830e-001
 2.983572000000000e+000,-6.562341842529850e-001, 1.246678188605119e-001,-3.449165417715341e-001, 5.460314828008708e-001,-5.425689771609741e-001, 3.662112207101169e-001, 6.214103475091548e-002,-1.477043681341225e-001, 2.820048928537142e-001, 5.213008679171588e-001, 6.260880889921852e-001, 5.178149104197156e-001, 1.367095160265955e-001
 2.987739000000000e+000,-6.566166076150781e-001, 1.255488597965953e-001,-3.449360126667231e-001, 5.456738173909996e-001,-5.427786440974001e-001, 3.672461558433673e-001, 5.806967738884539e-002,-1.484915245408499e-001, 2.801325169031981e-001, 5.168836977429073e-001, 6.291125574000027e-001, 5.152637376878282e-001, 1.357826315789648e-001
 2.991906000000000e+000,-6.569689466161824e-001, 1.264288697454528e-001,-3.449566067513242e-001, 5.453192317096725e-001,-5.429875848369974e-001, 3.682784485704843e-001, 5.405878778323259e-002,-1.493717263372327e-001, 2.782653110959231e-001, 5.123839747420191e-001, 6.322542126918415e-001, 5.125171405284106e-001, 1.348302966070342e-001
 2.996073000000000e+000,-6.572905584384925e-001, 1.273017611275560e-001,-3.449775628203181e-001, 5.449702428818264e-001,-5.431943070359937e-001, 3.693006892092947e-001, 5.010873322503961e-002,-1.503408208969895e-001, 2.764073028544407e-001, 5.078137587768137e-001, 6.355117411921886e-001, 5.095758792805549e-001, 1.338583564338858e-001
 3.000240000000000e+000,-6.575813157320584e-001, 1.281618389113470e-001,-3.449980994685534e-001, 5.446291873166987e-001,-5.433974138093658e-001, 3.703059152670392e-001, 4.621886852894930e-002,-1.513937320144562e-001, 2.745624211123892e-001, 5.031850145666645e-001, 6.388849728439167e-001, 5.064410052910850e-001, 1.328732569566966e-001
 3.004407000000000e+000,-6.578415462170094e-001, 1.290038765792525e-001,-3.450174279793712e-001, 5.442981948712814e-001,-5.435956214644675e-001, 3.712877029010849e-001, 4.238757559025053e-002,-1.525244293272882e-001, 2.727343659427783e-001, 4.985095837437083e-001, 6.423747278363400e-001, 5.031141518031159e-001, 1.318818197837025e-001
 3.008574000000000e+000,-6.580719522080306e-001, 1.298231717219971e-001,-3.450347626957109e-001, 5.439791733041787e-001,-5.437877718266990e-001, 3.722402320988855e-001, 3.861231067053073e-002,-1.537259385760647e-001, 2.709264822531398e-001, 4.937991853708458e-001, 6.459825911479590e-001, 4.995978272738437e-001, 1.308909944070792e-001
 3.012741000000000e+000,-6.582735175047740e-001, 1.306155830517324e-001,-3.450493288948158e-001, 5.436738016179732e-001,-5.439728397262797e-001, 3.731583280847196e-001, 3.488965906210684e-002,-1.549903923668038e-001, 2.691416473464036e-001, 4.890654388378817e-001, 6.497106184304266e-001, 4.958956992112933e-001, 1.299076069716242e-001
 3.016908000000000e+000,-6.584474104409750e-001, 1.313775520503504e-001,-3.450603681819257e-001, 5.433835302332609e-001,-5.441499365749427e-001, 3.740374833012164e-001, 3.121539614502811e-002,-1.563091210537135e-001, 2.673821809977574e-001, 4.843199017012600e-001, 6.535609789148336e-001, 4.920128582563317e-001, 1.289381239681472e-001
 3.021075000000000e+000,-6.585948917011605e-001, 1.321061119233651e-001,-3.450671415085622e-001, 5.431095860967932e-001,-5.443183108543086e-001, 3.748738638523111e-001, 2.758455490298206e-002,-1.576727818376760e-001, 2.656497842234614e-001, 4.795741145146379e-001, 6.575355452801179e-001, 4.879560521640682e-001, 1.279884437892631e-001
 3.025242000000000e+000,-6.587172332198308e-001, 1.327988846390418e-001,-3.450689303323425e-001, 5.428529815569890e-001,-5.444773459185037e-001, 3.756643022751628e-001, 2.399150111832005e-002,-1.590715211860155e-001, 2.639455095444585e-001, 4.748396454587568e-001, 6.616354441709601e-001, 4.837338808967302e-001, 1.270637251145512e-001
 3.029409000000000e+000,-6.588156509334932e-001, 1.334540659829688e-001,-3.450650370318810e-001, 5.426145262718319e-001,-5.446265553185326e-001, 3.764062775845342e-001, 2.043001711760040e-002,-1.604951633870341e-001, 2.622697625435422e-001, 4.701281275060210e-001, 6.658605855320630e-001, 4.793569465686227e-001, 1.261682596609048e-001
 3.033576000000000e+000,-6.588912517374514e-001, 1.340703996766746e-001,-3.450547859150582e-001, 5.423948411917718e-001,-5.447655760763890e-001, 3.770978846678525e-001, 1.689339290279257e-002,-1.619334185108691e-001, 2.606223322119065e-001, 4.654512792085669e-001, 6.702091941168076e-001, 4.748379539367544e-001, 1.253053958965064e-001
 3.037743000000000e+000,-6.589446957764122e-001, 1.346473055739093e-001,-3.450375366800270e-001, 5.421943456553350e-001,-5.448941906699594e-001, 3.777379454801421e-001, 1.337416144039505e-002,-1.633760831058645e-001, 2.590024273600769e-001, 4.608208800033271e-001, 6.746773706755069e-001, 4.701917596554432e-001, 1.244775173712383e-001
 3.041910000000000e+000,-6.589774124093563e-001, 1.351841994816254e-001,-3.450126543989995e-001, 5.420133701774407e-001,-5.450122027690187e-001, 3.783253952798990e-001, 9.865662677848608e-003,-1.648133465102713e-001, 2.574088367359330e-001, 4.562488114757479e-001, 6.792587056601350e-001, 4.654353607912860e-001, 1.236860788155967e-001
 3.046077000000000e+000,-6.589896588856435e-001, 1.356813962297279e-001,-3.449795552931386e-001, 5.418520403200392e-001,-5.451195947027290e-001, 3.788600634667757e-001, 6.359922551218533e-003,-1.662359025227045e-001, 2.558398676915900e-001, 4.517468857240142e-001, 6.839439725262366e-001, 4.605878265903205e-001, 1.229316867711015e-001
 3.050244000000000e+000,-6.589818586218009e-001, 1.361394419254831e-001,-3.449376976836730e-001, 5.417103625909167e-001,-5.452164122411713e-001, 3.793421044380990e-001, 2.849268567085561e-003,-1.676352171607650e-001, 2.542935532237582e-001, 4.473268225966584e-001, 6.887209361083779e-001, 4.556701617303114e-001, 1.222142202739815e-001
 3.054411000000000e+000,-6.589542775224075e-001, 1.365592181405007e-001,-3.448865933626953e-001, 5.415882196550444e-001,-5.453027809600721e-001, 3.797720790583634e-001,-6.739320738087251e-004,-1.690036793378974e-001, 2.527677187892025e-001, 4.430001246074987e-001, 6.935742835583996e-001, 4.507050922000837e-001, 1.215329727625813e-001
 3.058578000000000e+000,-6.589070595974145e-001, 1.369418923878345e-001,-3.448258170447633e-001, 5.414853795723460e-001,-5.453788974257054e-001, 3.801509113370397e-001,-4.217148901651147e-003,-1.703347244675982e-001, 2.512600777244994e-001, 4.387779543283538e-001, 6.984856993992640e-001, 4.457167775835775e-001, 1.208868028760489e-001
 3.062745000000000e+000,-6.588402756218622e-001, 1.372888690918335e-001,-3.447550158330544e-001, 5.414015034366518e-001,-5.454450208090298e-001, 3.804798469895797e-001,-7.787561839984969e-003,-1.716229114428974e-001, 2.497683206521911e-001, 4.346710065957808e-001, 7.034340817490731e-001, 4.407304565878949e-001, 1.202742845148862e-001
 3.066912000000000e+000,-6.587541384788558e-001, 1.376012260961594e-001,-3.446737811876413e-001, 5.413363728942834e-001,-5.455013329745821e-001, 3.807597551631310e-001,-1.139128262176170e-002,-1.728640947295696e-001, 2.482900959130542e-001, 4.306894963896507e-001, 7.083958456405133e-001, 4.357719987149760e-001, 1.196938573963843e-001
 3.071079000000000e+000,-6.586483643064980e-001, 1.378817362911524e-001,-3.445821951065802e-001, 5.412890220435908e-001,-5.455484564236115e-001, 3.809937137340254e-001,-1.503589730032462e-002,-1.740548592798479e-001, 2.468234687023601e-001, 4.268425866353052e-001, 7.133455581133320e-001, 4.308676033629908e-001, 1.191439330690728e-001
 3.075246000000000e+000,-6.585234148091006e-001, 1.381317469836867e-001,-3.444800564542458e-001, 5.412590190515538e-001,-5.455866717111209e-001, 3.811831034696379e-001,-1.872629393106418e-002,-1.751932882399373e-001, 2.453664361816293e-001, 4.231389452746662e-001, 7.182562495140487e-001, 4.260430984513892e-001, 1.186230453855213e-001
 3.079413000000000e+000,-6.583796830963575e-001, 1.383531901972583e-001,-3.443673946766533e-001, 5.412456357670695e-001,-5.456164233149656e-001, 3.813301317768265e-001,-2.246732290130171e-002,-1.762783364873656e-001, 2.439173228858213e-001, 4.195862083899000e-001, 7.231002141644858e-001, 4.213235902015975e-001, 1.181299153946035e-001
 3.083580000000000e+000,-6.582177900740728e-001, 1.385480379839246e-001,-3.442443542805685e-001, 5.412480541641758e-001,-5.456381880200500e-001, 3.814371755042628e-001,-2.626300615806909e-002,-1.773098369334479e-001, 2.424747413013448e-001, 4.161910066200747e-001, 7.278496579788916e-001, 4.167329409329883e-001, 1.176635161578611e-001
 3.087747000000000e+000,-6.580386265658417e-001, 1.387182711476147e-001,-3.441112000536631e-001, 5.412653703848842e-001,-5.456524697459551e-001, 3.815067543707245e-001,-3.011646910656918e-002,-1.782883522294478e-001, 2.410376205439490e-001, 4.129589023104505e-001, 7.324773967901846e-001, 4.122933082310447e-001, 1.172231079992464e-001
 3.091914000000000e+000,-6.578433805579026e-001, 1.388658517592250e-001,-3.439683197574351e-001, 5.412966002036215e-001,-5.456597944795327e-001, 3.815415047567093e-001,-3.402989367790665e-002,-1.792150159843829e-001, 2.396052217335830e-001, 4.098943480092277e-001, 7.369575285618302e-001, 4.080247312690930e-001, 1.168082545810770e-001
 3.096081000000000e+000,-6.576335478139994e-001, 1.389927003463605e-001,-3.438162239205605e-001, 5.413406859605418e-001,-5.456607054102338e-001, 3.815441543687819e-001,-3.800449362534408e-002,-1.800913721733248e-001, 2.381771401635673e-001, 4.070006674736189e-001, 7.412660478597477e-001, 4.039447817680306e-001, 1.164188226186324e-001
 3.100248000000000e+000,-6.574109246453621e-001, 1.391006770075505e-001,-3.436555421312622e-001, 5.413965056231552e-001,-5.456557579750525e-001, 3.815174963441394e-001,-4.204051178110690e-002,-1.809192203527401e-001, 2.367532943811350e-001, 4.042800563271612e-001, 7.453813795726247e-001, 4.000682936070321e-001, 1.160549673551172e-001
 3.104415000000000e+000,-6.571775826932327e-001, 1.391915651893783e-001,-3.434870154472123e-001, 5.414628846015860e-001,-5.456455144636254e-001, 3.814643610882021e-001,-4.613723835050609e-002,-1.817004727890977e-001, 2.353339029667133e-001, 4.017335952771381e-001, 7.492848182830895e-001, 3.964071802160620e-001, 1.157171054720105e-001
 3.108582000000000e+000,-6.569358276586581e-001, 1.392670557656981e-001,-3.433114847711102e-001, 5.415386109958016e-001,-5.456305376718318e-001, 3.813875833466683e-001,-5.029304700787041e-002,-1.824370250655139e-001, 2.339194505273120e-001, 3.993612697578998e-001, 7.529608680282985e-001, 3.929703406373726e-001, 1.154058747459080e-001
 3.112749000000000e+000,-6.566881457448915e-001, 1.393287286560938e-001,-3.431298752301984e-001, 5.416224548049051e-001,-5.456113830775387e-001, 3.812899619488528e-001,-5.450544403245816e-002,-1.831306380131458e-001, 2.325106446282698e-001, 3.971619940672724e-001, 7.563974825492198e-001, 3.897636471596977e-001, 1.151220782183427e-001
 3.116916000000000e+000,-6.564371415471101e-001, 1.393780303120771e-001,-3.429431769453060e-001, 5.417131910998285e-001,-5.455885893074932e-001, 3.811742111370661e-001,-5.877112663642148e-002,-1.837828295227108e-001, 2.311083652949527e-001, 3.951336402357977e-001, 7.595862079352784e-001, 3.867900050701247e-001, 1.148666117766292e-001
 3.121083000000000e+000,-6.561854702838776e-001, 1.394162469944680e-001,-3.427524230636874e-001, 5.418096264883840e-001,-5.455626670736979e-001, 3.810429044354819e-001,-6.308604808851603e-002,-1.843947775116553e-001, 2.297136089330182e-001, 3.932730721383089e-001, 7.625222296557082e-001, 3.840494766879963e-001, 1.146403763429030e-001
 3.125250000000000e+000,-6.559357678757097e-001, 1.394444753467927e-001,-3.425586662600206e-001, 5.419106274352126e-001,-5.455340871829661e-001, 3.808984141223858e-001,-6.744548787182136e-002,-1.849672365562448e-001, 2.283274291681513e-001, 3.915761855216129e-001, 7.652043265870875e-001, 3.815394627999860e-001, 1.144441794122599e-001
 3.129417000000000e+000,-6.556905838524928e-001, 1.394635931124828e-001,-3.423629549801449e-001, 5.420151483285415e-001,-5.455032685817021e-001, 3.807428511417942e-001,-7.184412566462473e-002,-1.855004711024724e-001, 2.269508780459820e-001, 3.900379536886713e-001, 7.676347361316578e-001, 3.792549343077718e-001, 1.142786350411023e-001
 3.133584000000000e+000,-6.554523221124811e-001, 1.394742333522132e-001,-3.421663106327613e-001, 5.421222570304666e-001,-5.454705675095173e-001, 3.805780108193271e-001,-7.627611854501337e-002,-1.859942090598167e-001, 2.255849516051969e-001, 3.886524766981809e-001, 7.698189370076639e-001, 3.771887059423702e-001, 1.141440731579315e-001
 3.137751000000000e+000,-6.552231930057768e-001, 1.394767654199571e-001,-3.419697067970701e-001, 5.422311559155327e-001,-5.454362687557883e-001, 3.804053293207729e-001,-8.073518059327944e-002,-1.864476192817769e-001, 2.242305431961745e-001, 3.874130318547329e-001, 7.717653594055240e-001, 3.753317424026594e-001, 1.140404673538177e-001
 3.141918000000000e+000,-6.550051784611874e-001, 1.394712856269675e-001,-3.417740513601699e-001, 5.423411967832199e-001,-5.454005798718897e-001, 3.802258550628139e-001,-8.521466295478897e-002,-1.868593142483877e-001, 2.228884063431107e-001, 3.863121256581371e-001, 7.734850345298225e-001, 3.736734858440622e-001, 1.139673874194422e-001
 3.146085000000000e+000,-6.548000105566944e-001, 1.394576196657777e-001,-3.415801722572414e-001, 5.424518885832407e-001,-5.453636289300068e-001, 3.800402379591982e-001,-8.970763198289222e-002,-1.872273773866264e-001, 2.215591274929179e-001, 3.853415489519091e-001, 7.749911978773412e-001, 3.722021924339856e-001, 1.139239799514701e-001
 3.150252000000000e+000,-6.546091628837004e-001, 1.394353376372721e-001,-3.413888070592458e-001, 5.425628976257872e-001,-5.453254660499551e-001, 3.798487375397944e-001,-9.420694461404100e-002,-1.875494134759055e-001, 2.202431080195459e-001, 3.844924358125841e-001, 7.762988638853089e-001, 3.709052654674871e-001, 1.139089772112132e-001
 3.154419000000000e+000,-6.544338532228402e-001, 1.394037814774523e-001,-3.412005962191330e-001, 5.426740405956766e-001,-5.452860685922538e-001, 3.796512493669038e-001,-9.870532193234083e-002,-1.878226186418778e-001, 2.189405541136390e-001, 3.837553255202757e-001, 7.774243911229197e-001, 3.697695745932945e-001, 1.139207312393445e-001
 3.158586000000000e+000,-6.542750557433292e-001, 1.393621038219439e-001,-3.410160795933303e-001, 5.427852710730567e-001,-5.452453497047070e-001, 3.794473481323590e-001,-1.031954214136615e-001,-1.880438635417658e-001, 2.176514727137607e-001, 3.831202277476089e-001, 7.783850553067953e-001, 3.687817537918403e-001, 1.139572677200979e-001
 3.162753000000000e+000,-6.541335209563929e-001, 1.393093166553754e-001,-3.408356959057795e-001, 5.428966604828255e-001,-5.452031697583639e-001, 3.792363450763572e-001,-1.076699068477851e-001,-1.882097823848607e-001, 2.163756717283681e-001, 3.825766916231546e-001, 7.791986441333948e-001, 3.679284726526710e-001, 1.140163531351154e-001
 3.166920000000000e+000,-6.540098013462609e-001, 1.392443472739091e-001,-3.406597849442131e-001, 5.430083746652619e-001,-5.451593500278915e-001, 3.790173564868747e-001,-1.121215151042936e-001,-1.883168629866180e-001, 2.151127634566911e-001, 3.821138780939170e-001, 7.798830846816347e-001, 3.671966762042127e-001, 1.140955692468155e-001
 3.171087000000000e+000,-6.539042800835668e-001, 1.391660984406249e-001,-3.404885924194008e-001, 5.431206474879754e-001,-5.451136878278686e-001, 3.787893793316762e-001,-1.165431195803495e-001,-1.883615361685135e-001, 2.138621709224675e-001, 3.817206343186732e-001, 7.804561106954675e-001, 3.665737887067992e-001, 1.141923896204004e-001
 3.175254000000000e+000,-6.538171999530142e-001, 1.390735096032607e-001,-3.403222776543406e-001, 5.432337528543587e-001,-5.450659723367137e-001, 3.785513701911757e-001,-1.209277890948040e-001,-1.883402632861707e-001, 2.126231373659990e-001, 3.813855700365585e-001, 7.809349730837453e-001, 3.660478776616751e-001, 1.143042529431632e-001
 3.179421000000000e+000,-6.537486898584686e-001, 1.389656164787245e-001,-3.401609242814558e-001, 5.433479762808685e-001,-5.450160004444755e-001, 3.783023241860939e-001,-1.252688398655109e-001,-1.882496196487159e-001, 2.113947392403209e-001, 3.810971365824190e-001, 7.813361938245350e-001, 3.656077770311377e-001, 1.144286279980257e-001
 3.183588000000000e+000,-6.536987872673710e-001, 1.388416068742586e-001,-3.400045535576142e-001, 5.434635871454009e-001,-5.449635920321208e-001, 3.780413509530594e-001,-1.295598794071997e-001,-1.880863705321838e-001, 2.101759026347411e-001, 3.808437078811342e-001, 7.816753644672897e-001, 3.652431707885415e-001, 1.145630660370094e-001
 3.187755000000000e+000,-6.536674562544432e-001, 1.387008711494455e-001,-3.398531392555781e-001, 5.435808126497911e-001,-5.449086041515932e-001, 3.777677450299002e-001,-1.337948430031604e-001,-1.878475349470885e-001, 2.089654222120010e-001, 3.806136615961255e-001, 7.819669939056587e-001, 3.649446377994987e-001, 1.147052377239874e-001
 3.191922000000000e+000,-6.536548069027334e-001, 1.385438924632849e-001,-3.397070039579037e-001, 5.436993327236585e-001,-5.448511975036072e-001, 3.774823093176744e-001,-1.379689312938954e-001,-1.875301058397143e-001, 2.077620626700656e-001, 3.803951909042008e-001, 7.822245037358930e-001, 3.647037807798665e-001, 1.148529219154832e-001
 3.196089000000000e+000,-6.536602781264798e-001, 1.383688954363329e-001,-3.395653074101327e-001, 5.438201890450580e-001,-5.447908308292584e-001, 3.771823593134577e-001,-1.420749938431256e-001,-1.871323875875477e-001, 2.065642570037131e-001, 3.801774610506472e-001, 7.824597951934418e-001, 3.645127216150859e-001, 1.150041366504632e-001
 3.200256000000000e+000,-6.536838983120291e-001, 1.381769564970783e-001,-3.394283536107537e-001, 5.439428715492141e-001,-5.447277950282878e-001, 3.768693442905063e-001,-1.461090157081275e-001,-1.866520409772878e-001, 2.053706059266564e-001, 3.799490729837232e-001, 7.826838119041005e-001, 3.643647796214804e-001, 1.151569398210444e-001
 3.204423000000000e+000,-6.537254501986928e-001, 1.379686404156137e-001,-3.392960737625149e-001, 5.440672361424729e-001,-5.446622035864754e-001, 3.765438307243399e-001,-1.500664820479423e-001,-1.860874028279796e-001, 2.041795844952558e-001, 3.796992201037057e-001, 7.829061814269545e-001, 3.642539265821387e-001, 1.153095340609873e-001
 3.208590000000000e+000,-6.537846840942144e-001, 1.377448564736514e-001,-3.391684188001785e-001, 5.441930138409813e-001,-5.445942504992518e-001, 3.762067833283919e-001,-1.539433003933959e-001,-1.854371556855815e-001, 2.029896397141921e-001, 3.794174926884547e-001, 7.831353692857522e-001, 3.641748304125843e-001, 1.154602027487626e-001
 3.212757000000000e+000,-6.538613181416970e-001, 1.375068679107099e-001,-3.390453697309874e-001, 5.443198031095182e-001,-5.445242139229878e-001, 3.758595825676943e-001,-1.577358100734838e-001,-1.847003203814703e-001, 2.017992133940145e-001, 3.790939419590593e-001, 7.833787640482186e-001, 3.641227713938042e-001, 1.156072723791656e-001
 3.216924000000000e+000,-6.539550354923471e-001, 1.372562942932358e-001,-3.389269461808494e-001, 5.444470657960545e-001,-5.444524578558991e-001, 3.755040323556197e-001,-1.614407873571726e-001,-1.838762501030661e-001, 2.006067652857867e-001, 3.787191346312310e-001, 7.836427730391045e-001, 3.640935602054114e-001, 1.157490795103404e-001
 3.221091000000000e+000,-6.540654787778657e-001, 1.369951107751262e-001,-3.388132136474678e-001, 5.445741250104411e-001,-5.443794328367875e-001, 3.751423628638500e-001,-1.650554496496477e-001,-1.829646307328106e-001, 1.994107968436935e-001, 3.782841989500312e-001, 7.839329158409254e-001, 3.640834661156760e-001, 1.158839497537364e-001
 3.225258000000000e+000,-6.541922431546539e-001, 1.367256452116028e-001,-3.387042889404303e-001, 5.447001646813343e-001,-5.443056758419402e-001, 3.747772293686496e-001,-1.685774597928671e-001,-1.819654863222714e-001, 1.982098744812037e-001, 3.777808646373291e-001, 7.842539113493584e-001, 3.640891585791848e-001, 1.160101910271858e-001
 3.229425000000000e+000,-6.543348705132752e-001, 1.364505733987045e-001,-3.386003435390489e-001, 5.448242305083622e-001,-5.442318094773015e-001, 3.744117076505600e-001,-1.720049297171762e-001,-1.808791848946669e-001, 1.970026516325839e-001, 3.772014986160610e-001, 7.846097569416022e-001, 3.641076628746345e-001, 1.161261004632429e-001
 3.233592000000000e+000,-6.544928461937848e-001, 1.361729116750057e-001,-3.385016049735500e-001, 5.449452323732312e-001,-5.441585403472293e-001, 3.740492854033166e-001,-1.753364221774756e-001,-1.797064418301990e-001, 1.957878895871514e-001, 3.765391378454592e-001, 7.850037972492999e-001, 3.641363293765036e-001, 1.162299828407681e-001
 3.237759000000000e+000,-6.546655971797534e-001, 1.358960041760555e-001,-3.384083564816020e-001, 5.450619491602555e-001,-5.440866559965274e-001, 3.736938467089725e-001,-1.785709496107610e-001,-1.784483202942957e-001, 1.945644773731272e-001, 3.757875202851083e-001, 7.854387810978740e-001, 3.641728144362044e-001, 1.163201765280603e-001
 3.241926000000000e+000,-6.548524900228361e-001, 1.356235006493476e-001,-3.383209351532525e-001, 5.451730375181663e-001,-5.440170194812102e-001, 3.733496449663204e-001,-1.817079690433323e-001,-1.771062283167559e-001, 1.933314509381340e-001, 3.749411143068376e-001, 7.859169064593979e-001, 3.642150704156035e-001, 1.163950829806820e-001
 3.246093000000000e+000,-6.550528277279369e-001, 1.353593206398571e-001,-3.382397284541044e-001, 5.452770461523840e-001,-5.439505605838206e-001, 3.730212594654158e-001,-1.847473718708397e-001,-1.756819125238593e-001, 1.920880117176283e-001, 3.739951460339333e-001, 7.864398530936124e-001, 3.642613437245668e-001, 1.164531979609170e-001
 3.250260000000000e+000,-6.552658459022692e-001, 1.351076000132570e-001,-3.381651685755443e-001, 5.453724372481253e-001,-5.438882626884283e-001, 3.727135308071505e-001,-1.876894676268548e-001,-1.741774498612801e-001, 1.908335447978674e-001, 3.729456236283736e-001, 7.870088026003641e-001, 3.643101804544833e-001, 1.164931438821263e-001
 3.254427000000000e+000,-6.554907086887457e-001, 1.348726153596733e-001,-3.380977240905363e-001, 5.454576167365767e-001,-5.438311442450883e-001, 3.724314699366075e-001,-1.905349601553537e-001,-1.725952384742582e-001, 1.895676373134288e-001, 3.717893571864434e-001, 7.876244466498011e-001, 3.643604381070700e-001, 1.165137020353832e-001
 3.258594000000000e+000,-6.557265045716270e-001, 1.346586810341932e-001,-3.380378887738643e-001, 5.455309752827413e-001,-5.437802336177411e-001, 3.721801348727324e-001,-1.932849125833809e-001,-1.709379864246640e-001, 1.882900976745661e-001, 3.705239726852815e-001, 7.882869856515258e-001, 3.644113004195730e-001, 1.165138424771449e-001
 3.262761000000000e+000,-6.559722420239030e-001, 1.344700133319841e-001,-3.379861673620974e-001, 5.455909420182323e-001,-5.437365360337094e-001, 3.719644688103417e-001,-1.959406966998438e-001,-1.692086959719736e-001, 1.870009753096753e-001, 3.691479189165333e-001, 7.889961208418035e-001, 3.644622924635925e-001, 1.164927494514416e-001
 3.266928000000000e+000,-6.562268457783125e-001, 1.343105572450625e-001,-3.379430575809131e-001, 5.456360528181929e-001,-5.437009915213431e-001, 3.717890940549194e-001,-1.985039239562316e-001,-1.674106433656496e-001, 1.857005800093865e-001, 3.676604669999752e-001, 7.897510416552259e-001, 3.645132946865424e-001, 1.164498414637159e-001
 3.271095000000000e+000,-6.564891555222375e-001, 1.341837732707223e-001,-3.379090279026786e-001, 5.456650340536317e-001,-5.436744232265718e-001, 3.716580586675221e-001,-2.009763567549248e-001,-1.655473551172345e-001, 1.843895004692190e-001, 3.660617021655443e-001, 7.905504084185411e-001, 3.645645549722227e-001, 1.163847862553049e-001
 3.275262000000000e+000,-6.567579285733097e-001, 1.340923848977798e-001,-3.378844912754849e-001, 5.456769013599153e-001,-5.436574763172242e-001, 3.715745366589525e-001,-2.033597993085961e-001,-1.636225803023660e-001, 1.830686219555535e-001, 3.643525073676686e-001, 7.913923302584727e-001, 3.646166968019342e-001, 1.162975112604970e-001
 3.279429000000000e+000,-6.570318462596236e-001, 1.340380929571703e-001,-3.378697757500026e-001, 5.456710709515409e-001,-5.436505489932360e-001, 3.715404889407392e-001,-2.056559704092498e-001,-1.616402590175529e-001, 1.817391421872078e-001, 3.625345378686309e-001, 7.922743405407222e-001, 3.646707212767237e-001, 1.161882106961878e-001
 3.283596000000000e+000,-6.573095220525430e-001, 1.340212723619279e-001,-3.378650935555622e-001, 5.456474776847822e-001,-5.436537192838169e-001, 3.715563028494966e-001,-2.078663661717572e-001,-1.596044893345784e-001, 1.804025837396377e-001, 3.606101849901734e-001, 7.931933755863929e-001, 3.647280015035288e-001, 1.160573512184608e-001
 3.287763000000000e+000,-6.575895096684498e-001, 1.340406795490965e-001,-3.378705113498567e-001, 5.456066890851929e-001,-5.436666743970142e-001, 3.716204432648211e-001,-2.099921254116195e-001,-1.575194948715214e-001, 1.790608013453985e-001, 3.585825270982831e-001, 7.941457635450521e-001, 3.647902687277635e-001, 1.159056776501196e-001
 3.291930000000000e+000,-6.578703106321489e-001, 1.340932130372328e-001,-3.378859259302577e-001, 5.455499988020675e-001,-5.436886528641669e-001, 3.717291655899727e-001,-2.120339132541056e-001,-1.553895946903129e-001, 1.777159825198336e-001, 3.564552671751428e-001, 7.951272274443605e-001, 3.648595908118428e-001, 1.157342189920075e-001
 3.296097000000000e+000,-6.581503819320517e-001, 1.341737821908036e-001,-3.379110508538057e-001, 5.454794778596130e-001,-5.437184128251664e-001, 3.718763563884012e-001,-2.139918424884779e-001,-1.532191802295865e-001, 1.763706402063799e-001, 3.542326573721676e-001, 7.961329021825303e-001, 3.649383448111365e-001, 1.155442941668907e-001
 3.300264000000000e+000,-6.584281456674612e-001, 1.342753466761917e-001,-3.379454196451418e-001, 5.453979591824079e-001,-5.437542415737884e-001, 3.720535765900374e-001,-2.158654562592459e-001,-1.510127067048053e-001, 1.750275978124637e-001, 3.519194110917882e-001, 7.971573630040532e-001, 3.650291854790748e-001, 1.153375166615028e-001
 3.304431000000000e+000,-6.587020039823601e-001, 1.343891841530815e-001,-3.379884103295455e-001, 5.453089327620955e-001,-5.437940202906826e-001, 3.722503767210577e-001,-2.176537944047077e-001,-1.487747039340595e-001, 1.736899694576984e-001, 3.495206038259503e-001, 7.981946631515157e-001, 3.651350112922962e-001, 1.151157967838358e-001
 3.308598000000000e+000,-6.589702884869312e-001, 1.345044863403400e-001,-3.380389032701355e-001, 5.452168387889813e-001,-5.438350803639980e-001, 3.724535816936983e-001,-2.193545892947912e-001,-1.465101173435980e-001, 1.723610698258611e-001, 3.470418300407090e-001, 7.992382899896789e-001, 3.652587906667710e-001, 1.148813665537907e-001
 3.312765000000000e+000,-6.592315933979867e-001, 1.346128263149498e-001,-3.380968971106422e-001, 5.451247818649332e-001,-5.438754662763898e-001, 3.726535319098881e-001,-2.209683184834601e-001,-1.442231071031133e-001, 1.710447007461602e-001, 3.444880405562866e-001, 8.002815787414404e-001, 3.654040787046262e-001, 1.146366618883229e-001
 3.316932000000000e+000,-6.594843788430810e-001, 1.347035589025598e-001,-3.381612881413462e-001, 5.450371275625972e-001,-5.439125521510140e-001, 3.728372422181817e-001,-2.224928506720549e-001,-1.419189178002761e-001, 1.697446586208023e-001, 3.418649992236218e-001, 8.013172486367732e-001, 3.655741601293752e-001, 1.143844629159690e-001
 3.321099000000000e+000,-6.597273249226836e-001, 1.347683788277843e-001,-3.382314708353025e-001, 5.449571882010529e-001,-5.439443239328718e-001, 3.729947426493713e-001,-2.239274425406859e-001,-1.396026731043699e-001, 1.684650705813538e-001, 3.391781454769797e-001, 8.023378399373358e-001, 3.657725503390261e-001, 1.141277519971337e-001
 3.325266000000000e+000,-6.599593177129784e-001, 1.348011076075888e-001,-3.383070182232905e-001, 5.448874339044686e-001,-5.439692838646226e-001, 3.731186099783624e-001,-2.252720072513612e-001,-1.372796524066512e-001, 1.672103027072693e-001, 3.364327725476187e-001, 8.033357216487473e-001, 3.660028086390654e-001, 1.138696895999379e-001
 3.329433000000000e+000,-6.601795003755369e-001, 1.347980111029612e-001,-3.383877073373527e-001, 5.448293641255724e-001,-5.439865281166969e-001, 3.732043559364163e-001,-2.265271591126723e-001,-1.349552275973413e-001, 1.659849446740312e-001, 3.336339748685924e-001, 8.043031938300655e-001, 3.662684731630310e-001, 1.136135466718640e-001
 3.333600000000000e+000,-6.603873046931407e-001, 1.347576552698357e-001,-3.384735049819085e-001, 5.447835599277611e-001,-5.439957128574438e-001, 3.732502631444241e-001,-2.276940881404230e-001,-1.326347690410458e-001, 1.647937688872708e-001, 3.307866280268966e-001, 8.052325885115291e-001, 3.665729815158798e-001, 1.133626201010978e-001
 3.337767000000000e+000,-6.605824567535671e-001, 1.346803473744977e-001,-3.385645184893016e-001, 5.447498993735664e-001,-5.439969200500014e-001, 3.732567236609844e-001,-2.287742924945095e-001,-1.303235369462615e-001, 1.636416561213530e-001, 3.278954003941965e-001, 8.061163634076617e-001, 3.669195797706850e-001, 1.131201326788339e-001
 3.341934000000000e+000,-6.607649565931941e-001, 1.345673258877167e-001,-3.386609250077841e-001, 5.447278731868926e-001,-5.439904621827629e-001, 3.732252738858418e-001,-2.297692403322313e-001,-1.280265759900207e-001, 1.625334880450404e-001, 3.249647897350089e-001, 8.069471889046765e-001, 3.673112260349793e-001, 1.128891216235567e-001
 3.346101000000000e+000,-6.609350377327454e-001, 1.344199189593507e-001,-3.387628972207445e-001, 5.447169153689675e-001,-5.439766788575091e-001, 3.731575880345369e-001,-2.306800502835549e-001,-1.257486279020507e-001, 1.614740165337507e-001, 3.219991743949618e-001, 8.077180320788876e-001, 3.677504975218995e-001, 1.126723217387940e-001
 3.350268000000000e+000,-6.610931164978536e-001, 1.342388694110004e-001,-3.388705416278480e-001, 5.447166714042468e-001,-5.439557729639759e-001, 3.730546669724666e-001,-2.315072656463271e-001,-1.234940715136022e-001, 1.604677263328558e-001, 3.190028686148854e-001, 8.084222395282407e-001, 3.682395103650895e-001, 1.124720494211580e-001
 3.354435000000000e+000,-6.612397411018069e-001, 1.340239426977381e-001,-3.389838590184615e-001, 5.447271579896865e-001,-5.439277146105963e-001, 3.729163623567363e-001,-2.322507610219549e-001,-1.212668921708600e-001, 1.595187078554722e-001, 3.159801737149284e-001, 8.090536188345529e-001, 3.687798592800395e-001, 1.122900934561407e-001
 3.358602000000000e+000,-6.613755472760151e-001, 1.337738357598850e-001,-3.391027289124807e-001, 5.447488064558070e-001,-5.438922172688636e-001, 3.727412584901490e-001,-2.329097787928662e-001,-1.190706751292418e-001, 1.586305514061271e-001, 3.129354199290854e-001, 8.096065176684687e-001, 3.693725811228330e-001, 1.121276190124214e-001
 3.362769000000000e+000,-6.615012232143455e-001, 1.334863284757488e-001,-3.392269136867013e-001, 5.447824117922895e-001,-5.438487722357435e-001, 3.725268432346725e-001,-2.334830624284905e-001,-1.169086140219792e-001, 1.578062672968845e-001, 3.098729973711258e-001, 8.100758979897624e-001, 3.700181428121634e-001, 1.119850905490862e-001
 3.366936000000000e+000,-6.616174835958285e-001, 1.331585836208749e-001,-3.393560752022739e-001, 5.448290233215067e-001,-5.437967188737356e-001, 3.722698563947753e-001,-2.339690416707045e-001,-1.147835252134692e-001, 1.570482314692399e-001, 3.067973777779994e-001, 8.104574017698794e-001, 3.707164501930482e-001, 1.118622168017630e-001
 3.371103000000000e+000,-6.617250510406638e-001, 1.327875023052381e-001,-3.394897967939106e-001, 5.448898128400888e-001,-5.437353283263648e-001, 3.719667050475471e-001,-2.343660286332066e-001,-1.126978600296660e-001, 1.563581540934797e-001, 3.037131291116634e-001, 8.107474049072664e-001, 3.714668724958936e-001, 1.117579196736495e-001
 3.375270000000000e+000,-6.618246432719551e-001, 1.323700649856865e-001,-3.396276054282206e-001, 5.449659471377727e-001,-5.436638839717001e-001, 3.716138628042720e-001,-2.346723956140848e-001,-1.106537096649456e-001, 1.557370687212292e-001, 3.006249229709757e-001, 8.109430557382151e-001, 3.722682784877096e-001, 1.116703302027944e-001
 3.379437000000000e+000,-6.619169644394722e-001, 1.319036175736239e-001,-3.397689913548599e-001, 5.450584804094688e-001,-5.435817489641308e-001, 3.712082050428863e-001,-2.348867181959702e-001,-1.086528018743663e-001, 1.551853409677775e-001, 2.975375328367392e-001, 8.110422943582213e-001, 3.731190827593474e-001, 1.115968159302479e-001
 3.383604000000000e+000,-6.620026984482427e-001, 1.313860871046007e-001,-3.399134247347002e-001, 5.451682724885278e-001,-5.434884171992900e-001, 3.707472617938788e-001,-2.350078776577276e-001,-1.066964927620954e-001, 1.547026970257463e-001, 2.944558213615163e-001, 8.110438505143288e-001, 3.740173010254257e-001, 1.115340420633736e-001
 3.387771000000000e+000,-6.620825009557555e-001, 1.308161276614119e-001,-3.400603702297710e-001, 5.452959326332231e-001,-5.433835479245588e-001, 3.702293892389332e-001,-2.350351235908044e-001,-1.047857604282505e-001, 1.542882722128362e-001, 2.913847166299443e-001, 8.109472190616235e-001, 3.749606128125642e-001, 1.114780649011189e-001
 3.391938000000000e+000,-6.621569862626408e-001, 1.301932053521675e-001,-3.402093011649943e-001, 5.454417855307271e-001,-5.432669861528254e-001, 3.696538704000639e-001,-2.349681011412310e-001,-1.029212091333484e-001, 1.539406779266994e-001, 2.883291793635790e-001, 8.107526118569147e-001, 3.759464301517701e-001, 1.114244529764767e-001
 3.396105000000000e+000,-6.622267065512397e-001, 1.295176337438098e-001,-3.403597143681952e-001, 5.456058553347053e-001,-5.431387715944660e-001, 3.690209584180875e-001,-2.348068485641224e-001,-1.011030912279722e-001, 1.536580829135255e-001, 2.852941651272395e-001, 8.104608867616854e-001, 3.769719705525327e-001, 1.113684294978543e-001
 3.400272000000000e+000,-6.622921237602180e-001, 1.287905706851511e-001,-3.405111454996816e-001, 5.457878639365602e-001,-5.429991386121162e-001, 3.683318748236678e-001,-2.345517708472182e-001,-9.933135054027814e-002, 1.534383032526996e-001, 2.822845870835292e-001, 8.100734582237351e-001, 3.780343306544083e-001, 1.113050278820990e-001
 3.404439000000000e+000,-6.623535779625096e-001, 1.280139854056386e-001,-3.406631834906695e-001, 5.459872404822386e-001,-5.428485091625275e-001, 3.675887725868454e-001,-2.342035944979375e-001,-9.760568806884534e-002, 1.532788955840573e-001, 2.793052846172031e-001, 8.095921953714524e-001, 3.791305556535185e-001, 1.112292518487893e-001
 3.408606000000000e+000,-6.624112591302046e-001, 1.271906021869818e-001,-3.408154821637456e-001, 5.462031399422611e-001,-5.426874801040289e-001, 3.667946708802674e-001,-2.337633072941894e-001,-9.592564869556716e-002, 1.531772492764487e-001, 2.763610013747196e-001, 8.090193119803338e-001, 3.802577003955523e-001, 1.111362336510972e-001
 3.412773000000000e+000,-6.624651901898403e-001, 1.263238247740941e-001,-3.409677671088492e-001, 5.464344691715816e-001,-5.425168057890617e-001, 3.659533662613071e-001,-2.332320859547312e-001,-9.429072536121552e-002, 1.531306745875301e-001, 2.734563740456988e-001, 8.083572516399824e-001, 3.814128794465512e-001, 1.110213863565104e-001
 3.416940000000000e+000,-6.625152270081153e-001, 1.254176439540271e-001,-3.411198363493645e-001, 5.466799195635848e-001,-5.423373764702542e-001, 3.650693230706475e-001,-2.326112153811257e-001,-9.270047523756624e-002, 1.531364845106997e-001, 2.705959310566261e-001, 8.076085731384834e-001, 3.825933040097518e-001, 1.108805467830092e-001
 3.421107000000000e+000,-6.625610754348779e-001, 1.244765288444842e-001,-3.412715544868737e-001, 5.469380061885090e-001,-5.421501926387691e-001, 3.641475438505186e-001,-2.319020039120621e-001,-9.115464073190678e-002, 1.531920676097863e-001, 2.677840990635285e-001, 8.067758440862101e-001, 3.837963036030201e-001, 1.107101050000136e-001
 3.425274000000000e+000,-6.626023194786571e-001, 1.235053017847532e-001,-3.414228416401100e-001, 5.472071135158323e-001,-5.419563353460761e-001, 3.631934202655661e-001,-2.311056980710553e-001,-8.965326661441525e-002, 1.532949486157545e-001, 2.650252153356659e-001, 8.058615522308995e-001, 3.850193312183983e-001, 1.105071153501433e-001
 3.429441000000000e+000,-6.626384517162186e-001, 1.225089993798971e-001,-3.415736596124943e-001, 5.474855467504530e-001,-5.417569332442966e-001, 3.622125683782762e-001,-2.302233989112728e-001,-8.819680482060356e-002, 1.534428337224618e-001, 2.623235444925163e-001, 8.048680424492493e-001, 3.862599529165207e-001, 1.102693843454499e-001
 3.433608000000000e+000,-6.626688983852331e-001, 1.214927276635687e-001,-3.417239977755465e-001, 5.477715857590777e-001,-5.415531283329016e-001, 3.612106582638730e-001,-2.292559823117608e-001,-8.678620088031319e-002, 1.536336382304804e-001, 2.596832979042471e-001, 8.037974837909587e-001, 3.875158251619246e-001, 1.099955329850245e-001
 3.437775000000000e+000,-6.626930356815558e-001, 1.204615248859211e-001,-3.418738606141568e-001, 5.480635364287296e-001,-5.413460436528317e-001, 3.601932540215531e-001,-2.282040268406642e-001,-8.542295834056519e-002, 1.538654951852306e-001, 2.571086544622064e-001, 8.026518665274723e-001, 3.887846643006068e-001, 1.096850337208394e-001
 3.441942000000000e+000,-6.627101982138633e-001, 1.194202488775753e-001,-3.420232583040680e-001, 5.483597728817953e-001,-5.411367569407759e-001, 3.591656839023353e-001,-2.270677537308175e-001,-8.410917891228710e-002, 1.541367448975200e-001, 2.546037823274437e-001, 8.014330248590028e-001, 3.900642131735783e-001, 1.093382244984138e-001
 3.446109000000000e+000,-6.627196841027273e-001, 1.183735065361236e-001,-3.421722010395373e-001, 5.486587636845146e-001,-5.409262843475455e-001, 3.581329605625492e-001,-2.258469843985886e-001,-8.284757752408441e-002, 1.544459069320663e-001, 2.521728622269152e-001, 8.001426770006789e-001, 3.913522103018243e-001, 1.089563035369692e-001
 3.450276000000000e+000,-6.627207635182001e-001, 1.173256407081365e-001,-3.423206968743499e-001, 5.489590761608086e-001,-5.407155776963601e-001, 3.570997682084406e-001,-2.245411221412874e-001,-8.164147397607267e-002, 1.547916382960882e-001, 2.498201139978312e-001, 7.987824712967822e-001, 3.926463662980386e-001, 1.085413086644712e-001
 3.454443000000000e+000,-6.627126978830649e-001, 1.162807839746134e-001,-3.424687517990936e-001, 5.492593553463179e-001,-5.405055372914291e-001, 3.560705260992683e-001,-2.231491647694752e-001,-8.049476511984587e-002, 1.551726833374437e-001, 2.475498283685296e-001, 7.973540264043992e-001, 3.939443507847309e-001, 1.080960852980167e-001
 3.458610000000000e+000,-6.626947747273788e-001, 1.152429790209033e-001,-3.426163702870104e-001, 5.495582779953293e-001,-5.402970399484079e-001, 3.550495263644856e-001,-2.216697523102404e-001,-7.941188077676581e-002, 1.555878216496534e-001, 2.453664048782697e-001, 7.958589566825755e-001, 3.952437924966805e-001, 1.076242475829395e-001
 3.462777000000000e+000,-6.626663584051431e-001, 1.142163522736208e-001,-3.427635550168215e-001, 5.498544868754781e-001,-5.400909789804673e-001, 3.540411297546943e-001,-2.201012489495196e-001,-7.839772283087472e-002, 1.560358203406983e-001, 2.432743961336202e-001, 7.942988799383705e-001, 3.965422937164518e-001, 1.071301347701121e-001
 3.466944000000000e+000,-6.626269513642787e-001, 1.132053138745439e-001,-3.429103056906610e-001, 5.501465153613324e-001,-5.398883099275935e-001, 3.530499886853494e-001,-2.184418526802965e-001,-7.745758268085377e-002, 1.565153966921608e-001, 2.412785592686361e-001, 7.926754114148449e-001, 3.978374557171436e-001, 1.066187584714996e-001
 3.471111000000000e+000,-6.625762572348369e-001, 1.122147466159937e-001,-3.430566181692850e-001, 5.504327157211455e-001,-5.396900936795976e-001, 3.520812567159010e-001,-2.166897206369067e-001,-7.659702870630612e-002, 1.570251965526984e-001, 2.393839159528867e-001, 7.909901539413735e-001, 3.991269063838028e-001, 1.060957293866094e-001
 3.475278000000000e+000,-6.625142371412710e-001, 1.112501446389100e-001,-3.432024858739609e-001, 5.507112047283291e-001,-5.394975284409027e-001, 3.511407429079705e-001,-2.148430942430399e-001,-7.582175474560257e-002, 1.575637927064616e-001, 2.375958191389364e-001, 7.892446972404090e-001, 4.004083201468580e-001, 1.055671513620847e-001
 3.479445000000000e+000,-6.624411525015321e-001, 1.103176740356942e-001,-3.433479040273346e-001, 5.509798366241581e-001,-5.393119644134632e-001, 3.502349816226503e-001,-2.129004095353129e-001,-7.513739115878720e-002, 1.581297040220146e-001, 2.359200146968702e-001, 7.874406365597952e-001, 4.016794294522494e-001, 1.050394836993812e-001
 3.483612000000000e+000,-6.623575883016863e-001, 1.094241438961883e-001,-3.434928723350061e-001, 5.512362097840287e-001,-5.391348979936814e-001, 3.493712027646118e-001,-2.108603844270482e-001,-7.454930185840421e-002, 1.587214271873966e-001, 2.343626747955365e-001, 7.855796204158257e-001, 4.029380384366603e-001, 1.045193893185818e-001
 3.487779000000000e+000,-6.622644529739545e-001, 1.085768844943313e-001,-3.436373877362557e-001, 5.514777120626542e-001,-5.389679435197603e-001, 3.485571936247617e-001,-2.087220793309164e-001,-7.406239963666683e-002, 1.593374649517732e-001, 2.329303793879414e-001, 7.836634439871303e-001, 4.041820462830141e-001, 1.040135856214634e-001
 3.491946000000000e+000,-6.621629587690696e-001, 1.077835369707658e-001,-3.437814232147433e-001, 5.517016044603254e-001,-5.388127831446328e-001, 3.478010557640638e-001,-2.064849278396814e-001,-7.368099411755706e-002, 1.599763413427047e-001, 2.316300340819201e-001, 7.816941944483179e-001, 4.054094765282383e-001, 1.035287045106734e-001
 3.496113000000000e+000,-6.620545933302826e-001, 1.070517759859959e-001,-3.439248968032415e-001, 5.519051326811709e-001,-5.386711005828873e-001, 3.471108852919221e-001,-2.041487364970553e-001,-7.340866832659082e-002, 1.606366083488601e-001, 2.304687309219302e-001, 7.796744227561364e-001, 4.066185071915067e-001, 1.030711650011669e-001
 3.500280000000000e+000,-6.619410905648143e-001, 1.063889991065785e-001,-3.440676367586691e-001, 5.520856514889004e-001,-5.385445073441730e-001, 3.464944184584076e-001,-2.017136587501727e-001,-7.324818265075818e-002, 1.613168517357234e-001, 2.294535741382061e-001, 7.776073017213658e-001, 4.078075000851464e-001, 1.026470593655952e-001
 3.504447000000000e+000,-6.618244024202329e-001, 1.058020147120076e-001,-3.442093464805409e-001, 5.522407492507061e-001,-5.384344690182383e-001, 3.459586790325841e-001,-1.991801522752819e-001,-7.320141264250893e-002, 1.620156988308236e-001, 2.285914944194224e-001, 7.754967424303525e-001, 4.089750281806088e-001, 1.022620508188345e-001
 3.508614000000000e+000,-6.617066708373459e-001, 1.052967531019811e-001,-3.443495724736017e-001, 5.523683629383710e-001,-5.383422374516840e-001, 3.455096552661253e-001,-1.965489285404221e-001,-7.326932419292781e-002, 1.627318297466563e-001, 2.278890671199060e-001, 7.733474540923810e-001, 4.101199001452969e-001, 1.019212836470520e-001
 3.512781000000000e+000,-6.615901992945323e-001, 1.048780183384119e-001,-3.444876795611624e-001, 5.524668759516936e-001,-5.382687931955286e-001, 3.451520269511108e-001,-1.938209006861684e-001,-7.345198210750370e-002, 1.634639945906294e-001, 2.273523461667553e-001, 7.711649388330010e-001, 4.112411803452252e-001, 1.016293079699801e-001
 3.516948000000000e+000,-6.614774226269488e-001, 1.045492905232954e-001,-3.446228371651964e-001, 5.525351940870684e-001,-5.382148007851515e-001, 3.448889542074585e-001,-1.909971328696185e-001,-7.374858424565139e-002, 1.642110386437050e-001, 2.269867266110302e-001, 7.689554193894729e-001, 4.123382000260465e-001, 1.013900170486388e-001
 3.521115000000000e+000,-6.613708726331272e-001, 1.043125815442134e-001,-3.447540190594289e-001, 5.525727979891111e-001,-5.381805777002342e-001, 3.447219313935813e-001,-1.880787925939786e-001,-7.415751365877230e-002, 1.649719353281173e-001, 2.267968472876101e-001, 7.667257044781841e-001, 4.134105545919224e-001, 1.012065921563919e-001
 3.525282000000000e+000,-6.612731370630202e-001, 1.041683438921697e-001,-3.448800171608114e-001, 5.525797723540524e-001,-5.381660768235872e-001, 3.446507047265364e-001,-1.850671074335759e-001,-7.467640342816788e-002, 1.657458240284194e-001, 2.267865391461129e-001, 7.644830026477223e-001, 4.144580845969368e-001, 1.010814526462673e-001
 3.529449000000000e+000,-6.611868116764251e-001, 1.041154315489339e-001,-3.449994679119429e-001, 5.525568129558255e-001,-5.381708818403854e-001, 3.446732505987581e-001,-1.819633277851036e-001,-7.530221123991764e-002, 1.665320476752953e-001, 2.269588185079871e-001, 7.622346998761425e-001, 4.154808420196681e-001, 1.010162130296847e-001
 3.533616000000000e+000,-6.611144479823593e-001, 1.041511118757792e-001,-3.451108883769662e-001, 5.525052128399223e-001,-5.381942148781764e-001, 3.447858111385935e-001,-1.787686967571665e-001,-7.603130086120448e-002, 1.673301849255369e-001, 2.273159207944340e-001, 7.599881188770181e-001, 4.164790453423342e-001, 1.010116495292190e-001
 3.537783000000000e+000,-6.610585012282078e-001, 1.042711269591192e-001,-3.452127189385576e-001, 5.524268290429435e-001,-5.382349556236064e-001, 3.449829834838055e-001,-1.754844279968020e-001,-7.685952530078630e-002, 1.681400737417547e-001, 2.278593661739582e-001, 7.577502803251910e-001, 4.174530273897064e-001, 1.010676783019319e-001
 3.541950000000000e+000,-6.610212834918647e-001, 1.044698027185327e-001,-3.453033699574711e-001, 5.523240309786905e-001,-5.382916712326678e-001, 3.452578598327197e-001,-1.721116932942768e-001,-7.778230491890228e-002, 1.689618250485315e-001, 2.285900423782010e-001, 7.555276867811298e-001, 4.184031816757434e-001, 1.011833507966398e-001
 3.546117000000000e+000,-6.610049255493284e-001, 1.047402035551170e-001,-3.453812699898369e-001, 5.521996318111487e-001,-5.383626562758563e-001, 3.456022151426516e-001,-1.686516226896886e-001,-7.879469588529357e-002, 1.697958256584583e-001, 2.295082879604396e-001, 7.533261457859772e-001, 4.193299147365188e-001, 1.013568743206226e-001
 3.550284000000000e+000,-6.610113494188077e-001, 1.050743282820279e-001,-3.454449129370458e-001, 5.520568050957885e-001,-5.384459814703806e-001, 3.460067370762899e-001,-1.651053188929053e-001,-7.989144905972233e-002, 1.706427301626610e-001, 2.306139659709419e-001, 7.511506397628075e-001, 4.202336100822031e-001, 1.015856625823813e-001
 3.554451000000000e+000,-6.610422515730509e-001, 1.054633405169756e-001,-3.454929014780055e-001, 5.518989900561996e-001,-5.385395493683294e-001, 3.464612900044199e-001,-1.614738862544944e-001,-8.106706346799049e-002, 1.715034426605497e-001, 2.319065268843677e-001, 7.490052419191158e-001, 4.211146052720600e-001, 1.018664151741457e-001
 3.558618000000000e+000,-6.610990945442807e-001, 1.058978253212335e-001,-3.455239848253753e-001, 5.517297892928098e-001,-5.386411549407071e-001, 3.469552037028240e-001,-1.577584737707909e-001,-8.231583978398344e-002, 1.723790897582840e-001, 2.333850631549825e-001, 7.468930734421608e-001, 4.219731809102265e-001, 1.021952217622450e-001
 3.562785000000000e+000,-6.611831027966983e-001, 1.063680634571305e-001,-3.455370899371540e-001, 5.515528626098123e-001,-5.387485490416262e-001, 3.474775774808226e-001,-1.539603310359998e-001,-8.363193759987604e-002, 1.732709862837269e-001, 2.350483583924791e-001, 7.448162961765062e-001, 4.228095599406838e-001, 1.025676851724979e-001
 3.566952000000000e+000,-6.612952586506784e-001, 1.068643132176548e-001,-3.455313460406338e-001, 5.513718208540820e-001,-5.388595025419352e-001, 3.480175893400951e-001,-1.500808743911617e-001,-8.500943763084072e-002, 1.741805958203279e-001, 2.368949362714267e-001, 7.427761332428653e-001, 4.236239162366215e-001, 1.029790552951824e-001
 3.571119000000000e+000,-6.614362955265390e-001, 1.073770871258617e-001,-3.455061023109120e-001, 5.511901244451128e-001,-5.389718683602804e-001, 3.485647968377855e-001,-1.461217584418324e-001,-8.644240827620030e-002, 1.751094883227868e-001, 2.389231147360430e-001, 7.407729092500617e-001, 4.244163921839030e-001, 1.034243649353671e-001
 3.575286000000000e+000,-6.616066871335185e-001, 1.078974093388201e-001,-3.454609383105285e-001, 5.510109917616795e-001,-5.390836382778472e-001, 3.491094144265283e-001,-1.420849475748549e-001,-8.792497573600443e-002, 1.760592957137912e-001, 2.411310668108490e-001, 7.388061042658960e-001, 4.251871252195203e-001, 1.038985612981342e-001
 3.579453000000000e+000,-6.618066318879320e-001, 1.084170405684499e-001,-3.453956670720716e-001, 5.508373220601820e-001,-5.391929916614910e-001, 3.496425530141725e-001,-1.379727829029567e-001,-8.945139707714021e-002, 1.770316655506231e-001, 2.435168853354049e-001, 7.368744190701837e-001, 4.259362823140291e-001, 1.043966291850994e-001
 3.583620000000000e+000,-6.620360330437572e-001, 1.089286598312105e-001,-3.453103313599398e-001, 5.506716363582803e-001,-5.392983338658193e-001, 3.501564104690069e-001,-1.337880403825664e-001,-9.101613471683981e-002, 1.780282139275561e-001, 2.460786492637561e-001, 7.349758505316251e-001, 4.266640993167481e-001, 1.049137014401934e-001
 3.587787000000000e+000,-6.622944770009316e-001, 1.094259959928448e-001,-3.452051940648969e-001, 5.505160380869614e-001,-5.393983229686539e-001, 3.506444060135225e-001,-1.295339758885734e-001,-9.261392980561788e-002, 1.790504798979078e-001, 2.488144894137419e-001, 7.331077753586676e-001, 4.273709214091745e-001, 1.054451525889298e-001
 3.591954000000000e+000,-6.625812134504903e-001, 1.099039069637018e-001,-3.450807237844535e-001, 5.503721934667224e-001,-5.394918845852215e-001, 3.511012567633819e-001,-1.252143540902619e-001,-9.423987359485767e-002, 1.800998834163275e-001, 2.517226481675980e-001, 7.312670381418216e-001, 4.280572433156213e-001, 1.059866759278468e-001
 3.596121000000000e+000,-6.628949858129258e-001, 1.103592164344709e-001,-3.449379258254449e-001, 5.502409197856018e-001,-5.395784431346995e-001, 3.515241096757929e-001,-1.208344036014253e-001,-9.588935018905856e-002, 1.811777880315596e-001, 2.548012468452071e-001, 7.294500785786350e-001, 4.287239649676846e-001, 1.065344170060964e-001
 3.600288000000000e+000,-6.632346442675208e-001, 1.107874854121396e-001,-3.447769190626056e-001, 5.501238369424978e-001,-5.396570079058147e-001, 3.519080885924006e-001,-1.163970221734072e-001,-9.755863077380279e-002, 1.822850982114940e-001, 2.580494308626667e-001, 7.276528340784594e-001, 4.293715753962673e-001, 1.070847530515695e-001
 3.604455000000000e+000,-6.635982080126404e-001, 1.111877456034485e-001,-3.445990304262543e-001, 5.500209451986456e-001,-5.397275145379799e-001, 3.522528378198406e-001,-1.119084394865102e-001,-9.924413747446599e-002, 1.834227568288183e-001, 2.614657077200368e-001, 7.258710637674776e-001, 4.300014826224912e-001, 1.076347432100611e-001
 3.608622000000000e+000,-6.639834997090381e-001, 1.115592424272127e-001,-3.444053599545148e-001, 5.499322890746675e-001,-5.397899037928429e-001, 3.525580329611345e-001,-1.073743712883757e-001,-1.009430521955380e-001, 1.845914195035963e-001, 2.650490560385624e-001, 7.241002076286790e-001, 4.306151987234439e-001, 1.081818948720352e-001
 3.612789000000000e+000,-6.643880066635459e-001, 1.119021092035690e-001,-3.441971157162343e-001, 5.498575968820770e-001,-5.398443186624162e-001, 3.528243428856583e-001,-1.028009023696845e-001,-1.026532305503057e-001, 1.857915288875880e-001, 2.687986211130043e-001, 7.223354544521817e-001, 4.312145957210598e-001, 1.087242583553182e-001
 3.616956000000000e+000,-6.648089089251765e-001, 1.122172434771596e-001,-3.439755961951951e-001, 5.497963272834027e-001,-5.398910757375308e-001, 3.530532905346001e-001,-9.819440607395435e-002,-1.043732440331825e-001, 1.870233285519562e-001, 2.727136692266522e-001, 7.205717497789511e-001, 4.318019446333201e-001, 1.092604483527580e-001
 3.621123000000000e+000,-6.652431180445370e-001, 1.125061744669473e-001,-3.437421728826823e-001, 5.497477177697929e-001,-5.399306348497137e-001, 3.532471046748409e-001,-9.356144826949531e-002,-1.061024076424219e-001, 1.882868869319463e-001, 2.767935291189019e-001, 7.188037958438676e-001, 4.323799453276713e-001, 1.097896553209636e-001
 3.625290000000000e+000,-6.656873258328161e-001, 1.127709292745169e-001,-3.434982732921524e-001, 5.497108324069988e-001,-5.399635686701363e-001, 3.534085709669254e-001,-8.890868015226761e-002,-1.078407896772761e-001, 1.895821312306864e-001, 2.810375239806218e-001, 7.170260507783923e-001, 4.329517422922660e-001, 1.103116454157020e-001
 3.629457000000000e+000,-6.661380630852256e-001, 1.130139035292179e-001,-3.432453638698684e-001, 5.496846071158718e-001,-5.399905334314730e-001, 3.535408881946474e-001,-8.424272403887700e-002,-1.095892024184552e-001, 1.909088901203403e-001, 2.854448945933446e-001, 7.152327332791295e-001, 4.335209236150286e-001, 1.108267504871351e-001
 3.633624000000000e+000,-6.665917679974832e-001, 1.132377402843969e-001,-3.429849323970095e-001, 5.496678913686256e-001,-5.400122415487443e-001, 3.536475335831764e-001,-7.957005642376491e-002,-1.113491730869487e-001, 1.922669435808070e-001, 2.900147161809771e-001, 7.134178380512732e-001, 4.340915008452506e-001, 1.113358483295842e-001
 3.637791000000000e+000,-6.670448616238393e-001, 1.134452180506931e-001,-3.427184700417922e-001, 5.496594862147708e-001,-5.400294362943776e-001, 3.537321380835975e-001,-7.489689141379952e-002,-1.131228936934776e-001, 1.936560777566321e-001, 2.947458144708909e-001, 7.115751679956318e-001, 4.346678660175618e-001, 1.118403302549912e-001
 3.641958000000000e+000,-6.674938247094361e-001, 1.136391470780276e-001,-3.424474537679312e-001, 5.496581792598968e-001,-5.400428682965792e-001, 3.537983705849612e-001,-7.022906657837336e-002,-1.149131482316386e-001, 1.950761416430827e-001, 2.996366839670028e-001, 7.096983905183983e-001, 4.352547225788666e-001, 1.123420537988980e-001
 3.646125000000000e+000,-6.679352692359010e-001, 1.138222733252077e-001,-3.421733299555531e-001, 5.496627771477476e-001,-5.400532736975121e-001, 3.538498303273228e-001,-6.557193342358447e-002,-1.167232178198568e-001, 1.965271016692974e-001, 3.046854078138526e-001, 7.077811236689929e-001, 4.358569901818306e-001, 1.128432813033107e-001
 3.650292000000000e+000,-6.683659995249029e-001, 1.139971903870127e-001,-3.418975000103742e-001, 5.496721356721956e-001,-5.400613540209804e-001, 3.538899478021954e-001,-6.093025536266206e-002,-1.185567668945426e-001, 1.980090912540108e-001, 3.098895805070635e-001, 7.058170528999086e-001, 4.364796856174462e-001, 1.133466051128085e-001
 3.654459000000000e+000,-6.687830606602522e-001, 1.141662602825906e-001,-3.416213083923595e-001, 5.496851872492783e-001,-5.400677579644397e-001, 3.539218952161186e-001,-5.630811656359258e-002,-1.204177140153818e-001, 1.995224536482372e-001, 3.152462373138678e-001, 7.038000758509937e-001, 4.371277828471358e-001, 1.138548596578868e-001
 3.658626000000000e+000,-6.691837746360867e-001, 1.143315450234175e-001,-3.413460328992565e-001, 5.497009650891301e-001,-5.400730655376234e-001, 3.539485085850499e-001,-5.170884547680577e-002,-1.223100914411475e-001, 2.010677759804109e-001, 3.207517913463780e-001, 7.017244710706441e-001, 4.378060574115961e-001, 1.143710241114230e-001
 3.662793000000000e+000,-6.695657655382635e-001, 1.144947513124581e-001,-3.410728767989324e-001, 5.497186232617737e-001,-5.400777750557981e-001, 3.539722239342178e-001,-4.713495653493838e-002,-1.242378999747055e-001, 2.026459123563764e-001, 3.264019763289220e-001, 6.995850833639361e-001, 4.385189231450082e-001, 1.148981222941966e-001
