Main.Studies.MarkerTracking.t,Main.Studies.MarkerTracking.JointAngleOutputs.OutputFile_LeftLeg.HipFlexion,Main.Studies.MarkerTracking.JointAngleOutputs.OutputFile_LeftLeg.HipAbduction,Main.Studies.MarkerTracking.JointAngleOutputs.OutputFile_LeftLeg.HipExternalRotation,Main.Studies.MarkerTracking.JointAngleOutputs.OutputFile_LeftLeg.KneeFlexion,Main.Studies.MarkerTracking.JointAngleOutputs.OutputFile_LeftLeg.AnklePlantarFlexion,Main.Studies.MarkerTracking.JointAngleOutputs.OutputFile_LeftLeg.SubTalarEversion
 2.791890000000000e+000, 2.919043944032890e-001, 1.912961736399723e-001, 6.163706036793873e-001, 1.764956330708276e-001,-1.984446505834557e-002, 1.021556190518326e-001
 2.796057000000000e+000, 2.918110920383207e-001, 1.930201914608698e-001, 6.256544805909456e-001, 1.619744048759763e-001,-1.801242861457195e-002, 9.380591946855169e-002
 2.800224000000000e+000, 2.919210982230998e-001, 1.945244121251919e-001, 6.340162115249192e-001, 1.487626149813178e-001,-1.637206160986159e-002, 8.599130563284872e-002
 2.804391000000000e+000, 2.922095778777999e-001, 1.958168589777223e-001, 6.414904476834220e-001, 1.368812492333660e-001,-1.497375046272628e-002, 7.876104531566196e-002
 2.808558000000000e+000, 2.926523605216135e-001, 1.969042663222971e-001, 6.481284725475426e-001, 1.263452016510542e-001,-1.385888559571452e-002, 7.214443068313670e-002
 2.812725000000000e+000, 2.932263915623912e-001, 1.977917146768626e-001, 6.539900855084352e-001, 1.171623796650255e-001,-1.305834640278701e-002, 6.615744451048661e-002
 2.816892000000000e+000, 2.939102944762897e-001, 1.984828163917325e-001, 6.591364461630305e-001, 1.093331035818267e-001,-1.259178150052449e-002, 6.080873895135833e-002
 2.821059000000000e+000, 2.946845827663069e-001, 1.989800862676878e-001, 6.636243074472938e-001, 1.028496085334820e-001,-1.246740500616031e-002, 5.610471952195603e-002
 2.825226000000000e+000, 2.955316542180390e-001, 1.992853752473012e-001, 6.675016615853017e-001, 9.769574589568807e-002,-1.268227338906514e-002, 5.205341696572698e-002
 2.829393000000000e+000, 2.964356944069801e-001, 1.994002712988272e-001, 6.708046536688342e-001, 9.384695107738912e-002,-1.322298869942791e-002, 4.866706585435309e-002
 2.833560000000000e+000, 2.973825909144741e-001, 1.993263992018637e-001, 6.735555551233559e-001, 9.127051594338979e-002,-1.406674763731080e-002, 4.596345616894616e-002
 2.837727000000000e+000, 2.983599235062818e-001, 1.990655766542138e-001, 6.757616170728967e-001, 8.992616727265802e-002,-1.518262639643159e-002, 4.396620795679235e-002
 2.841894000000000e+000, 2.993570594390939e-001, 1.986198117003508e-001, 6.774146881948846e-001, 8.976691389279749e-002,-1.653297349300341e-002, 4.270415984293609e-002
 2.846061000000000e+000, 3.003653511479843e-001, 1.979911519255084e-001, 6.784915383278525e-001, 9.074009597874000e-002,-1.807479055022784e-002, 4.221006992604479e-002
 2.850228000000000e+000, 3.013784053497229e-001, 1.971814131676128e-001, 6.789548638545642e-001, 9.278855500313818e-002,-1.976101225925218e-002, 4.251880758097545e-002
 2.854395000000000e+000, 3.023923704131727e-001, 1.961918252814521e-001, 6.787549635846880e-001, 9.585184222842515e-002,-2.154164003926239e-002, 4.366517535073230e-002
 2.858562000000000e+000, 3.034061775069522e-001, 1.950226400804263e-001, 6.778320741167846e-001, 9.986739536025929e-002,-2.336473470616284e-002, 4.568146121947129e-002
 2.862729000000000e+000, 3.044216727771018e-001, 1.936727549404489e-001, 6.761193506970123e-001, 1.047716304967128e-001,-2.517732485848997e-002, 4.859480135410821e-002
 2.866896000000000e+000, 3.054435899552478e-001, 1.921394094894586e-001, 6.735464667661856e-001, 1.105009122057748e-001,-2.692631759005635e-002, 5.242443595194031e-002
 2.871063000000000e+000, 3.064793268509669e-001, 1.904180089277363e-001, 6.700437755480971e-001, 1.169923789929414e-001,-2.855949347012238e-002, 5.717895959978970e-002
 2.875230000000000e+000, 3.075384972850179e-001, 1.885021192900520e-001, 6.655469337554962e-001, 1.241846159203311e-001,-3.002664171344235e-002, 6.285369374070741e-002
 2.879397000000000e+000, 3.086330276082047e-001, 1.863839894025376e-001, 6.600015463081502e-001, 1.320187664749708e-001,-3.128131077193341e-002, 6.942733213397659e-002
 2.883564000000000e+000, 3.097729986173499e-001, 1.840536615556638e-001, 6.533693114798416e-001, 1.404364143357652e-001,-3.228042547632207e-002, 7.686413513015832e-002
 2.887731000000000e+000, 3.109704636622280e-001, 1.815016216539300e-001, 6.456310293009777e-001, 1.493833625867774e-001,-3.298854978231700e-002, 8.510653859539671e-002
 2.891898000000000e+000, 3.122348109328966e-001, 1.787182566299053e-001, 6.367919077991926e-001, 1.588069682638153e-001,-3.337758058584802e-002, 9.407898493760947e-002
 2.896065000000000e+000, 3.135723264264518e-001, 1.756951491539769e-001, 6.268843313988772e-001, 1.686563567712520e-001,-3.342862949399123e-002, 1.036875941357452e-001
 2.900232000000000e+000, 3.149849856738354e-001, 1.724260802332507e-001, 6.159694109305984e-001, 1.788818198297810e-001,-3.313321949956866e-002, 1.138221140769128e-001
 2.904399000000000e+000, 3.164694802741854e-001, 1.689080097056415e-001, 6.041366311467010e-001, 1.894341326726799e-001,-3.249412097660845e-002, 1.243591770294766e-001
 2.908566000000000e+000, 3.180166133558968e-001, 1.651419430686096e-001, 5.915014469748890e-001, 2.002639086394222e-001,-3.152569330449999e-002, 1.351667602373439e-001
 2.912733000000000e+000, 3.196111390905470e-001, 1.611335922866306e-001, 5.782010063646697e-001, 2.113210804462443e-001,-3.025363287637203e-002, 1.461095162667468e-001
 2.916900000000000e+000, 3.212320425409311e-001, 1.568937577041940e-001, 5.643884355999043e-001, 2.225545575899104e-001,-2.871410346543060e-002, 1.570544518676154e-001
 2.921067000000000e+000, 3.228531905720379e-001, 1.524383947063011e-001, 5.502262659751660e-001, 2.339120746763899e-001,-2.695230757439116e-002, 1.678763589417098e-001
 2.925234000000000e+000, 3.244442491029128e-001, 1.477883699480647e-001, 5.358796306940143e-001, 2.453402240557073e-001,-2.502061462985976e-002, 1.784624720385185e-001
 2.929401000000000e+000, 3.259717598130605e-001, 1.429689357746691e-001, 5.215098013926737e-001, 2.567846655781663e-001,-2.297638502511625e-002, 1.887160240000882e-001
 2.933568000000000e+000, 3.274002856954816e-001, 1.380089576910524e-001, 5.072684915467415e-001, 2.681905108818490e-001,-2.087962228291871e-002, 1.985585900868913e-001
 2.937735000000000e+000, 3.286935271946970e-001, 1.329399353652407e-001, 4.932933340075887e-001, 2.795027446810333e-001,-1.879043241072335e-002, 2.079314134623762e-001
 2.941902000000000e+000, 3.298155360106100e-001, 1.277948233337360e-001, 4.797039674022092e-001, 2.906673684184495e-001,-1.676735988688720e-002, 2.167947724973769e-001
 2.946069000000000e+000, 3.307315959143998e-001, 1.226066930820267e-001, 4.666004998081050e-001, 3.016314031487173e-001,-1.486456985460392e-002, 2.251279744747373e-001
 2.950236000000000e+000, 3.314093477373890e-001, 1.174072786247178e-001, 4.540618456603473e-001, 3.123441366749665e-001,-1.313094841763854e-002, 2.329267361616649e-001
 2.954403000000000e+000, 3.318196254425809e-001, 1.122256160730430e-001, 4.421456425460276e-001, 3.227577538606924e-001,-1.160884080278867e-002, 2.402007325471956e-001
 2.958570000000000e+000, 3.319371109078265e-001, 1.070869597582418e-001, 4.308889937533337e-001, 3.328280240993544e-001,-1.033324886472442e-002, 2.469705996251243e-001
 2.962737000000000e+000, 3.317407409823620e-001, 1.020120636785395e-001, 4.203100566002721e-001, 3.425148618233873e-001,-9.331356832377930e-003, 2.532648357899995e-001
 2.966904000000000e+000, 3.312138758214190e-001, 9.701685934669957e-002, 4.104102829617840e-001, 3.517827138717921e-001,-8.622416487145899e-003, 2.591168344257515e-001
 2.971071000000000e+000, 3.303442591191145e-001, 9.211253373880779e-002, 4.011770637102730e-001, 3.606007600565091e-001,-8.217973674302187e-003, 2.645622470477878e-001
 2.975238000000000e+000, 3.291238127612391e-001, 8.730595134801167e-002, 3.925865317898477e-001, 3.689429417069622e-001,-8.122373471835160e-003, 2.696368089780926e-001
 2.979405000000000e+000, 3.275483079929068e-001, 8.260030970373866e-002, 3.846063187887140e-001, 3.767878451452329e-001,-8.333465559945349e-003, 2.743746604796655e-001
 2.983572000000000e+000, 3.256169468222162e-001, 7.799591945291473e-002, 3.771981106682142e-001, 3.841184705027375e-001,-8.843444038687184e-003, 2.788071233452951e-001
 2.987739000000000e+000, 3.233318823397119e-001, 7.349103255903833e-002, 3.703199139951741e-001, 3.909219214974112e-001,-9.639773847025950e-003, 2.829618897321004e-001
 2.991906000000000e+000, 3.206977103985151e-001, 6.908265424672133e-002, 3.639280150287502e-001, 3.971890552020661e-001,-1.070615522363184e-002, 2.868625999391451e-001
 2.996073000000000e+000, 3.177209720907178e-001, 6.476727008078886e-002, 3.579786461038216e-001, 4.029141249237711e-001,-1.202346859337946e-002, 2.905287589128821e-001
 3.000240000000000e+000, 3.144097057657001e-001, 6.054143334398243e-002, 3.524293630585058e-001, 4.080944374228940e-001,-1.357064935299090e-002, 2.939758961493951e-001
 3.004407000000000e+000, 3.107730763477820e-001, 5.640218779303918e-002, 3.472401247210236e-001, 4.127300347063635e-001,-1.532546555101718e-002, 2.972158658531257e-001
 3.008574000000000e+000, 3.068210895401998e-001, 5.234732857483393e-002, 3.423740713856965e-001, 4.168234020139076e-001,-1.726519395715645e-002, 3.002572082644452e-001
 3.012741000000000e+000, 3.025643739637379e-001, 4.837552639988907e-002, 3.377980232428334e-001, 4.203791983607630e-001,-1.936720145420240e-002, 3.031055325564729e-001
 3.016908000000000e+000, 2.980140040040277e-001, 4.448634661574880e-002, 3.334827496171846e-001, 4.234040053094538e-001,-2.160943969738609e-002, 3.057639167346891e-001
 3.021075000000000e+000, 2.931813480407293e-001, 4.068017924806266e-002, 3.294030712226038e-001, 4.259060922690844e-001,-2.397085565181439e-002, 3.082333274476437e-001
 3.025242000000000e+000, 2.880779432763920e-001, 3.695807952224794e-002, 3.255378434854501e-001, 4.278952003127879e-001,-2.643171437865048e-002, 3.105130509154193e-001
 3.029409000000000e+000, 2.827154048502036e-001, 3.332152239222586e-002, 3.218698428027401e-001, 4.293823481837523e-001,-2.897382872369379e-002, 3.126011065118975e-001
 3.033576000000000e+000, 2.771053725421729e-001, 2.977209692477345e-002, 3.183855542759250e-001, 4.303796631027891e-001,-3.158069650081468e-002, 3.144946057796794e-001
 3.037743000000000e+000, 2.712594969463582e-001, 2.631120104200191e-002, 3.150748169524784e-001, 4.309003593657567e-001,-3.423773864676249e-002, 3.161899041798715e-001
 3.041910000000000e+000, 2.651894105471062e-001, 2.293968831118565e-002, 3.119305694093816e-001, 4.309581312512431e-001,-3.693156391749725e-002, 3.176835125124811e-001
 3.046077000000000e+000, 2.589067664152133e-001, 1.965771136872019e-002, 3.089481327877041e-001, 4.305677954094055e-001,-3.965101950960022e-002, 3.189714908963916e-001
 3.050244000000000e+000, 2.524232240246138e-001, 1.646448070046236e-002, 3.061248642952870e-001, 4.297447079990987e-001,-4.238635616182446e-002, 3.200503865904317e-001
 3.054411000000000e+000, 2.457504429341831e-001, 1.335815199560830e-002, 3.034595808797573e-001, 4.285048074477196e-001,-4.512929642514811e-002, 3.209173514111897e-001
 3.058578000000000e+000, 2.389000573541024e-001, 1.033576001650349e-002, 3.009520200379924e-001, 4.268645344235283e-001,-4.787290734063389e-002, 3.215703576998780e-001
 3.062745000000000e+000, 2.318836371558949e-001, 7.393211469159722e-003, 2.986023230765872e-001, 4.248407544069686e-001,-5.061147090922766e-002, 3.220083662909837e-001
 3.066912000000000e+000, 2.247125658950258e-001, 4.525250573437889e-003, 2.964104344348779e-001, 4.224504266195838e-001,-5.333994215968470e-002, 3.222318738824168e-001
 3.071079000000000e+000, 2.173982908526006e-001, 1.725929862660625e-003, 2.943762800874737e-001, 4.197116010937185e-001,-5.605549269407339e-002, 3.222413468339104e-001
 3.075246000000000e+000, 2.099518429852906e-001,-1.011742337014621e-003, 2.924986272666574e-001, 4.166417782157640e-001,-5.875486692174139e-002, 3.220398025630224e-001
 3.079413000000000e+000, 2.023840895580351e-001,-3.695223341982912e-003, 2.907753936541787e-001, 4.132589585813251e-001,-6.143599014657437e-002, 3.216311133287458e-001
 3.083580000000000e+000, 1.947056529840101e-001,-6.332276762207600e-003, 2.892033613270804e-001, 4.095813510159507e-001,-6.409745717580440e-002, 3.210203567792726e-001
 3.087747000000000e+000, 1.869269173961882e-001,-8.930719762476391e-003, 2.877781156983887e-001, 4.056273604876264e-001,-6.673847057692769e-002, 3.202136720884454e-001
 3.091914000000000e+000, 1.790580462156985e-001,-1.149818279825809e-002, 2.864940680574227e-001, 4.014155794845721e-001,-6.935879302246983e-002, 3.192180761509821e-001
 3.096081000000000e+000, 1.711090029621351e-001,-1.404189608556261e-002, 2.853445475129768e-001, 3.969647779645715e-001,-7.195871147518321e-002, 3.180412713849331e-001
 3.100248000000000e+000, 1.630895705219266e-001,-1.656850954099753e-002, 2.843219493645323e-001, 3.922938859317831e-001,-7.453900873370038e-002, 3.166914686378547e-001
 3.104415000000000e+000, 1.550093661084734e-001,-1.908394612299058e-002, 2.834179251045953e-001, 3.874219632824386e-001,-7.710093262286090e-002, 3.151772327009564e-001
 3.108582000000000e+000, 1.468778499509523e-001,-2.159328992028309e-002, 2.826235939064354e-001, 3.823681518567860e-001,-7.964615331391051e-002, 3.135073452657669e-001
 3.112749000000000e+000, 1.387043266278870e-001,-2.410071571576111e-002, 2.819297552432959e-001, 3.771516065118756e-001,-8.217670976649680e-002, 3.116906816569870e-001
 3.116916000000000e+000, 1.304979388718254e-001,-2.660946607117221e-002, 2.813270899702253e-001, 3.717914071794764e-001,-8.469495424054642e-002, 3.097361100440351e-001
 3.121083000000000e+000, 1.222676543393707e-001,-2.912187434690483e-002, 2.808063492658655e-001, 3.663064585702338e-001,-8.720349809579253e-002, 3.076524351682906e-001
 3.125250000000000e+000, 1.140222463114295e-001,-3.163942609116499e-002, 2.803585369435344e-001, 3.607153838585536e-001,-8.970515411277040e-002, 3.054484062520307e-001
 3.129417000000000e+000, 1.057702698798832e-001,-3.416285097776894e-002, 2.799750797748937e-001, 3.550364148025313e-001,-9.220287261890889e-002, 3.031327754285705e-001
 3.133584000000000e+000, 9.752003581603876e-002,-3.669223795750676e-002, 2.796479659151215e-001, 3.492872792253473e-001,-9.469967508246198e-002, 3.007143607779385e-001
 3.137751000000000e+000, 8.927958382695966e-002,-3.922716436649565e-002, 2.793698374011649e-001, 3.434850892216574e-001,-9.719859164969610e-002, 2.982020851323175e-001
 3.141918000000000e+000, 8.105665503923781e-002,-4.176682974932833e-002, 2.791340420422287e-001, 3.376462347029119e-001,-9.970260763281860e-002, 2.956050030104426e-001
 3.146085000000000e+000, 7.285866223393368e-002,-4.431018904577555e-002, 2.789346593969618e-001, 3.317862846878795e-001,-1.022146179743851e-001, 2.929323344518875e-001
 3.150252000000000e+000, 6.469265695934905e-002,-4.685608243724682e-002, 2.787665130961587e-001, 3.259198972282715e-001,-1.047373823425031e-001, 2.901935006824231e-001
 3.154419000000000e+000, 5.656529389311423e-002,-4.940335857943112e-002, 2.786251764207038e-001, 3.200607396973580e-001,-1.072734759857049e-001, 2.873981430562189e-001
 3.158586000000000e+000, 4.848279299410697e-002,-5.195098756043337e-002, 2.785069714238060e-001, 3.142214215951236e-001,-1.098252407887169e-001, 2.845561108735464e-001
 3.162753000000000e+000, 4.045089976604548e-002,-5.449816049939638e-002, 2.784089563656640e-001, 3.084134414200114e-001,-1.123947447685682e-001, 2.816774092013692e-001
 3.166920000000000e+000, 3.247484445084903e-002,-5.704437291523190e-002, 2.783288970492895e-001, 3.026471491899157e-001,-1.149837537260569e-001, 2.787721024027512e-001
 3.171087000000000e+000, 2.455930164409116e-002,-5.958948981037016e-002, 2.782652244332264e-001, 2.969317267658209e-001,-1.175937125721695e-001, 2.758501808253626e-001
 3.175254000000000e+000, 1.670835250654364e-002,-6.213379300859301e-002, 2.782169865965166e-001, 2.912751878873013e-001,-1.202257301465131e-001, 2.729214122597076e-001
 3.179421000000000e+000, 8.925452882993028e-003,-6.467801373550808e-002, 2.781838041188307e-001, 2.856843992676574e-001,-1.228805611648458e-001, 2.699952035735566e-001
 3.183588000000000e+000, 1.213411113142521e-003,-6.722335423640913e-002, 2.781658330040938e-001, 2.801651237561398e-001,-1.255585817439689e-001, 2.670804853089098e-001
 3.187755000000000e+000,-6.425622529870017e-003,-6.977150417966604e-002, 2.781637217637509e-001, 2.747220838034051e-001,-1.282597579509334e-001, 2.641856056327736e-001
 3.191922000000000e+000,-1.398978140680311e-002,-7.232470191986740e-002, 2.781789109116487e-001, 2.693594514533159e-001,-1.309843210878711e-001, 2.613173249669358e-001
 3.196089000000000e+000,-2.147898960563392e-002,-7.488560223312546e-002, 2.782119643353925e-001, 2.640792717948730e-001,-1.337298594719871e-001, 2.584841719077566e-001
 3.200256000000000e+000,-2.889265628780902e-002,-7.745754123132476e-002, 2.782646284683230e-001, 2.588840577787376e-001,-1.364955798898138e-001, 2.556909728009276e-001
 3.204423000000000e+000,-3.623120271259889e-002,-8.004441545901808e-002, 2.783380914298776e-001, 2.537752158759878e-001,-1.392793710308772e-001, 2.529422443719998e-001
 3.208590000000000e+000,-4.349566015951916e-002,-8.265072361641135e-002, 2.784331465000161e-001, 2.487535904095501e-001,-1.420784694556211e-001, 2.502412648606833e-001
 3.212757000000000e+000,-5.068766053769896e-002,-8.528155368628876e-002, 2.785500186246620e-001, 2.438196114625821e-001,-1.448894193309717e-001, 2.475901262480854e-001
 3.216924000000000e+000,-5.780943476539620e-002,-8.794256248530941e-002, 2.786881897804889e-001, 2.389734626540818e-001,-1.477080700714872e-001, 2.449898253479397e-001
 3.221091000000000e+000,-6.486381670878620e-002,-9.063995716437567e-002, 2.788461883803677e-001, 2.342152618800878e-001,-1.505296233736778e-001, 2.424403379242927e-001
 3.225258000000000e+000,-7.185424935106509e-002,-9.338047474723510e-002, 2.790213475875873e-001, 2.295452457936980e-001,-1.533487154554560e-001, 2.399406732485301e-001
 3.229425000000000e+000,-7.878479174825737e-002,-9.617134698300278e-002, 2.792095597370998e-001, 2.249639510380924e-001,-1.561595136521223e-001, 2.374889329204868e-001
 3.233592000000000e+000,-8.566012581675807e-002,-9.902023674632177e-002, 2.794050505303904e-001, 2.204723902208511e-001,-1.589558173555556e-001, 2.350823897240388e-001
 3.237759000000000e+000,-9.248556059727853e-002,-1.019351346700927e-001, 2.796001845905070e-001, 2.160722227070101e-001,-1.617311635407520e-001, 2.327175863152279e-001
 3.241926000000000e+000,-9.926703197366928e-002,-1.049242089219544e-001, 2.797853019135401e-001, 2.117659175771332e-001,-1.644789383615132e-001, 2.303904423168152e-001
 3.246093000000000e+000,-1.060110976137082e-001,-1.079956039994594e-001, 2.799485775124966e-001, 2.075569026020267e-001,-1.671924888735865e-001, 2.280963550421490e-001
 3.250260000000000e+000,-1.127249276259406e-001,-1.111571815398942e-001, 2.800758993786454e-001, 2.034496945885594e-001,-1.698652244160093e-001, 2.258302852421379e-001
 3.254427000000000e+000,-1.194162914977078e-001,-1.144161893010169e-001, 2.801507758579356e-001, 1.994500133577533e-001,-1.724907049470136e-001, 2.235868365140881e-001
 3.258594000000000e+000,-1.260935432018144e-001,-1.177788413345049e-001, 2.801542963106099e-001, 1.955648856788455e-001,-1.750627230877154e-001, 2.213603485800861e-001
 3.262761000000000e+000,-1.327656080799799e-001,-1.212497953723939e-001, 2.800651553864145e-001, 1.918027415041332e-001,-1.775753875667869e-001, 2.191450060822294e-001
 3.266928000000000e+000,-1.394419743129417e-001,-1.248315180352999e-001, 2.798597331368722e-001, 1.881735005927769e-001,-1.800232136786084e-001, 2.169349399555833e-001
 3.271095000000000e+000,-1.461326879940047e-001,-1.285235328322218e-001, 2.795122416875692e-001, 1.846886507508735e-001,-1.824012261199382e-001, 2.147243138182257e-001
 3.275262000000000e+000,-1.528483455679421e-001,-1.323215557135764e-001, 2.789949796201061e-001, 1.813613216219509e-001,-1.847050787311451e-001, 2.125074158047466e-001
 3.279429000000000e+000,-1.596000690909275e-001,-1.362165455017510e-001, 2.782787243818889e-001, 1.782063496672431e-001,-1.869311924279566e-001, 2.102787558480323e-001
 3.283596000000000e+000,-1.663994337351913e-001,-1.401937333090091e-001, 2.773332734911407e-001, 1.752403182408227e-001,-1.890769074384855e-001, 2.080331310775662e-001
 3.287763000000000e+000,-1.732582913185285e-001,-1.442317424200286e-001, 2.761281857593869e-001, 1.724815551551696e-001,-1.911406388528944e-001, 2.057656416701406e-001
 3.291930000000000e+000,-1.801884035514392e-001,-1.483019643312833e-001, 2.746338452885337e-001, 1.699500743094847e-001,-1.931220139765796e-001, 2.034716918048227e-001
 3.296097000000000e+000,-1.872007751146131e-001,-1.523684101752600e-001, 2.728229940629100e-001, 1.676674460893052e-001,-1.950219556108849e-001, 2.011470250472660e-001
 3.300264000000000e+000,-1.943045744633760e-001,-1.563882895997386e-001, 2.706728395665874e-001, 1.656565774571847e-001,-1.968426636503425e-001, 1.987878287453320e-001
 3.304431000000000e+000,-2.015055695839152e-001,-1.603135486897087e-001, 2.681677563125780e-001, 1.639413880493433e-001,-1.985874463877797e-001, 1.963909430047665e-001
 3.308598000000000e+000,-2.088045243423625e-001,-1.640930944955832e-001, 2.653013438897934e-001, 1.625461018728290e-001,-2.002597255840922e-001, 1.939551384405967e-001
 3.312765000000000e+000,-2.161933999930102e-001,-1.676778845449578e-001, 2.620838202566725e-001, 1.614958602526175e-001,-2.018649783682240e-001, 1.914780127183365e-001
 3.316932000000000e+000,-2.236553168269583e-001,-1.710230715320957e-001, 2.585385120426748e-001, 1.608145145114955e-001,-2.034061744978135e-001, 1.889621563484495e-001
 3.321099000000000e+000,-2.311618195033030e-001,-1.740934574835849e-001, 2.547067719034562e-001, 1.605252416091307e-001,-2.048853193089877e-001, 1.864124049217648e-001
 3.325266000000000e+000,-2.386730422908213e-001,-1.768663880654151e-001, 2.506456998254281e-001, 1.606499091768153e-001,-2.063018478673872e-001, 1.838376186539227e-001
 3.329433000000000e+000,-2.461392545026553e-001,-1.793332245080341e-001, 2.464240597309969e-001, 1.612089221332480e-001,-2.076517737685373e-001, 1.812514631635167e-001
 3.333600000000000e+000,-2.535040764505692e-001,-1.814986497071769e-001, 2.421157572901680e-001, 1.622213014380626e-001,-2.089271279898863e-001, 1.786729476761516e-001
 3.337767000000000e+000,-2.607088594273140e-001,-1.833779412550998e-001, 2.377919584313136e-001, 1.637049574986125e-001,-2.101157875161636e-001, 1.761266017804752e-001
 3.341934000000000e+000,-2.676973502418992e-001,-1.849929032375126e-001, 2.335134229361876e-001, 1.656770631283888e-001,-2.112017019051816e-001, 1.736422283396889e-001
 3.346101000000000e+000,-2.744196773045590e-001,-1.863674712573142e-001, 2.293246119158651e-001, 1.681544095855009e-001,-2.121654356577434e-001, 1.712542522002269e-001
 3.350268000000000e+000,-2.808349364142269e-001,-1.875239689075188e-001, 2.252505947301335e-001, 1.711536531377080e-001,-2.129848859614790e-001, 1.690007583737849e-001
 3.354435000000000e+000,-2.869121000287478e-001,-1.884806536111481e-001, 2.212969693592528e-001, 1.746914107038661e-001,-2.136360239520620e-001, 1.669223476728622e-001
 3.358602000000000e+000,-2.926294244955038e-001,-1.892507291831405e-001, 2.174522726456426e-001, 1.787842142826524e-001,-2.140935388851785e-001, 1.650609218777597e-001
 3.362769000000000e+000,-2.979728222347248e-001,-1.898426139889420e-001, 2.136919526215496e-001, 1.834483679545131e-001,-2.143313173352119e-001, 1.634584528682688e-001
 3.366936000000000e+000,-3.029337471046180e-001,-1.902610435796130e-001, 2.099829437230916e-001, 1.886997632436340e-001,-2.143227405011852e-001, 1.621557357401911e-001
 3.371103000000000e+000,-3.075070593698443e-001,-1.905085570795704e-001, 2.062880956389638e-001, 1.945537008092802e-001,-2.140408214402750e-001, 1.611911328462266e-001
 3.375270000000000e+000,-3.116891782176106e-001,-1.905870038177584e-001, 2.025700006663928e-001, 2.010247465026395e-001,-2.134582265906448e-001, 1.605993571811600e-001
 3.379437000000000e+000,-3.154766661682668e-001,-1.904988363326670e-001, 1.987940398969570e-001, 2.081266283818345e-001,-2.125472297303239e-001, 1.604103383041926e-001
 3.383604000000000e+000,-3.188652623997293e-001,-1.902480757305136e-001, 1.949306753817988e-001, 2.158721668483081e-001,-2.112796377394095e-001, 1.606481721056321e-001
 3.387771000000000e+000,-3.218493059937300e-001,-1.898409203259388e-001, 1.909571392433696e-001, 2.242732244400288e-001,-2.096267161665714e-001, 1.613301470450611e-001
 3.391938000000000e+000,-3.244214614270382e-001,-1.892860156476253e-001, 1.868587075663255e-001, 2.333406600711126e-001,-2.075591338209721e-001, 1.624658650456350e-001
 3.396105000000000e+000,-3.265726625535644e-001,-1.885944235368922e-001, 1.826297027503750e-001, 2.430842710565796e-001,-2.050469416533151e-001, 1.640564932019828e-001
 3.400272000000000e+000,-3.282922114648353e-001,-1.877793325028998e-001, 1.782742809060378e-001, 2.535127060445064e-001,-2.020595962233602e-001, 1.660941888848030e-001
 3.404439000000000e+000,-3.295679943710346e-001,-1.868555506604488e-001, 1.738069760453997e-001, 2.646333325136583e-001,-1.985660244576800e-001, 1.685617518901725e-001
 3.408606000000000e+000,-3.303868003798678e-001,-1.858388214015638e-001, 1.692529121515939e-001, 2.764520450872248e-001,-1.945347184277201e-001, 1.714325687061465e-001
 3.412773000000000e+000,-3.307347436017630e-001,-1.847449989486762e-001, 1.646475667956379e-001, 2.889730077635824e-001,-1.899338588280350e-001, 1.746709138563687e-001
 3.416940000000000e+000,-3.305977969504154e-001,-1.835891165180288e-001, 1.600359767509877e-001, 3.021983279804196e-001,-1.847314706634006e-001, 1.782326628053505e-001
 3.421107000000000e+000,-3.299624492299733e-001,-1.823843805049756e-001, 1.554713110202295e-001, 3.161276634168619e-001,-1.788956027428912e-001, 1.820664583554272e-001
 3.425274000000000e+000,-3.288164814826921e-001,-1.811411360816004e-001, 1.510127869114519e-001, 3.307577763568945e-001,-1.723945180177062e-001, 1.861153536948433e-001
 3.429441000000000e+000,-3.271498242102007e-001,-1.798658736599919e-001, 1.467229560633574e-001, 3.460820682752011e-001,-1.651968889771023e-001, 1.903189126484208e-001
 3.433608000000000e+000,-3.249554318553033e-001,-1.785603725599483e-001, 1.426644509692082e-001, 3.620901269504938e-001,-1.572719931692650e-001, 1.946156812681969e-001
 3.437775000000000e+000,-3.222301049723295e-001,-1.772210935913514e-001, 1.388963749270342e-001, 3.787673037841434e-001,-1.485899002714018e-001, 1.989458812566692e-001
 3.441942000000000e+000,-3.189751867216953e-001,-1.758389310259234e-001, 1.354706169560165e-001, 3.960943297874466e-001,-1.391216451439803e-001, 2.032541343292112e-001
 3.446109000000000e+000,-3.151970532120423e-001,-1.743994176815442e-001, 1.324284434112250e-001, 4.140469773230460e-001,-1.288393903957972e-001, 2.074920060346805e-001
 3.450276000000000e+000,-3.109073192887703e-001,-1.728834417009935e-001, 1.297977423356428e-001, 4.325957741708656e-001,-1.177165939611710e-001, 2.116201556396929e-001
 3.454443000000000e+000,-3.061227027957343e-001,-1.712684762737351e-001, 1.275912580851066e-001, 4.517057766595084e-001,-1.057282112310532e-001, 2.156099016674316e-001
 3.458610000000000e+000,-3.008645286723098e-001,-1.695302468478097e-001, 1.258060422441472e-001, 4.713364131618606e-001,-9.285097419948341e-002, 2.194440619283514e-001
 3.462777000000000e+000,-2.951579013631891e-001,-1.676446802951599e-001, 1.244241813963845e-001, 4.914414185570415e-001,-7.906379813148436e-002, 2.231169929930110e-001
 3.466944000000000e+000,-2.890306272758357e-001,-1.655899188522989e-001, 1.234146870351557e-001, 5.119688891658040e-001,-6.434836468753674e-002, 2.266338311847637e-001
 3.471111000000000e+000,-2.825120201232231e-001,-1.633481535885519e-001, 1.227362884983694e-001, 5.328614896838212e-001,-4.868991394469457e-002, 2.300090200821930e-001
 3.475278000000000e+000,-2.756317402926343e-001,-1.609070505833290e-001, 1.223407822818871e-001, 5.540568370355249e-001,-3.207825738822687e-002, 2.332642767675232e-001
 3.479445000000000e+000,-2.684187810350073e-001,-1.582606163513773e-001, 1.221765855744213e-001, 5.754880743532381e-001,-1.450902342430227e-002, 2.364261785930318e-001
 3.483612000000000e+000,-2.609006643461101e-001,-1.554094620748301e-001, 1.221921878964812e-001, 5.970846383260119e-001, 4.014844587718510e-003, 2.395235397812988e-001
 3.487779000000000e+000,-2.531029090118828e-001,-1.523605304218330e-001, 1.223392172603554e-001, 6.187732178204798e-001, 2.348134472128226e-002, 2.425847184083473e-001
 3.491946000000000e+000,-2.450488303657217e-001,-1.491263985568132e-001, 1.225748742957246e-001, 6.404788928322923e-001, 4.386750000519391e-002, 2.456349977444507e-001
 3.496113000000000e+000,-2.367596559882333e-001,-1.457242823599041e-001, 1.228636141527949e-001, 6.621264234613664e-001, 6.513740163626772e-002, 2.486942190700130e-001
 3.500280000000000e+000,-2.282548557504387e-001,-1.421748831545817e-001, 1.231781007015119e-001, 6.836416364941541e-001, 8.724037400006186e-002, 2.517748485887137e-001
 3.504447000000000e+000,-2.195525618831227e-001,-1.385012244977155e-001, 1.234995360411755e-001, 7.049528442879715e-001, 1.101094273244896e-001, 2.548806236688176e-001
 3.508614000000000e+000,-2.106699754153930e-001,-1.347275860726598e-001, 1.238174980434405e-001, 7.259922294354113e-001, 1.336601464071192e-001, 2.580058694202573e-001
 3.512781000000000e+000,-2.016236836374563e-001,-1.308785816809188e-001, 1.241294248047189e-001, 7.466971329667362e-001, 1.577901364479659e-001, 2.611355131318459e-001
 3.516948000000000e+000,-1.924298414051715e-001,-1.269783983321366e-001, 1.244398699345447e-001, 7.670111875277358e-001, 1.823791242562518e-001, 2.642457565499599e-001
 3.521115000000000e+000,-1.831041987683049e-001,-1.230502031694596e-001, 1.247596235078107e-001, 7.868852409935495e-001, 2.072897913326620e-001, 2.673053147856437e-001
 3.525282000000000e+000,-1.736619871590032e-001,-1.191157044620779e-001, 1.251047591671940e-001, 8.062780235075647e-001, 2.323693800166049e-001, 2.702771008768954e-001
 3.529449000000000e+000,-1.641177000365204e-001,-1.151948382163865e-001, 1.254956389913156e-001, 8.251565203722864e-001, 2.574520664320305e-001, 2.731202097919337e-001
 3.533616000000000e+000,-1.544848159653648e-001,-1.113055570609602e-001, 1.259558927133998e-001, 8.434960237545632e-001, 2.823620434633645e-001, 2.757920295856303e-001
 3.537783000000000e+000,-1.447755106185502e-001,-1.074636942109328e-001, 1.265113833464459e-001, 8.612798519031214e-001, 3.069172012555277e-001, 2.782502967914949e-001
 3.541950000000000e+000,-1.350003945726502e-001,-1.036828554552156e-001, 1.271891695467231e-001, 8.784987462028463e-001, 3.309332372954357e-001, 2.804549285961780e-001
 3.546117000000000e+000,-1.251683076669806e-001,-9.997429437486116e-002, 1.280164780973945e-001, 8.951499809747309e-001, 3.542279888521534e-001, 2.823695137337969e-001
 3.550284000000000e+000,-1.152861989795818e-001,-9.634676223020633e-002, 1.290197164921034e-001, 9.112362501643899e-001, 3.766257494771121e-001, 2.839624472777746e-001
 3.554451000000000e+000,-1.053591134286005e-001,-9.280635844160190e-002, 1.302235711792992e-001, 9.267644208044850e-001, 3.979613109243587e-001, 2.852077928469336e-001
 3.558618000000000e+000,-9.539029291722963e-002,-8.935641560984653e-002, 1.316502208299887e-001, 9.417442423102517e-001, 4.180835126215769e-001, 2.860859137625301e-001
 3.562785000000000e+000,-8.538138974421469e-002,-8.599744458421754e-002, 1.333186690355525e-001, 9.561870777214470e-001, 4.368581787244165e-001, 2.865837816144841e-001
 3.566952000000000e+000,-7.533277959556074e-002,-8.272715529798913e-002, 1.352442084909338e-001, 9.701047103554213e-001, 4.541703867217450e-001, 2.866948589574884e-001
 3.571119000000000e+000,-6.524394957260232e-002,-7.954055932629478e-002, 1.374380388462568e-001, 9.835082815634852e-001, 4.699260062820556e-001, 2.864185760633834e-001
 3.575286000000000e+000,-5.511392780781925e-002,-7.643014610164767e-002, 1.399070423665399e-001, 9.964074130853814e-001, 4.840524310900961e-001, 2.857595216666983e-001
 3.579453000000000e+000,-4.494171674472961e-002,-7.338611188212885e-002, 1.426537034974510e-001, 1.008809554627943e+000, 4.964984567511007e-001, 2.847264870812561e-001
 3.583620000000000e+000,-3.472669576489487e-002,-7.039662172472738e-002, 1.456761584869402e-001, 1.020719575165177e+000, 5.072333431998034e-001, 2.833314794605015e-001
 3.587787000000000e+000,-2.446897119828876e-002,-6.744810148827907e-002, 1.489683704051723e-001, 1.032139585089344e+000, 5.162452088807665e-001, 2.815887866288153e-001
 3.591954000000000e+000,-1.416966430757063e-002,-6.452557419746419e-002, 1.525204308064509e-001, 1.043068942851429e+000, 5.235389868772138e-001, 2.795141557118616e-001
 3.596121000000000e+000,-3.830425067609242e-003,-6.161311450490459e-002, 1.563192324854515e-001, 1.053504851638826e+000, 5.291336960896321e-001, 2.771240217441274e-001
 3.600288000000000e+000, 6.543587179064355e-003,-5.869402813640390e-002, 1.603479193495475e-001, 1.063440675575862e+000, 5.330621616879168e-001, 2.744355410526144e-001
 3.604455000000000e+000, 1.694782419958812e-002,-5.575175969179425e-002, 1.645880910296148e-001, 1.072868926776271e+000, 5.353660159083110e-001, 2.714657317808207e-001
 3.608622000000000e+000, 2.737551865365244e-002,-5.277000365558293e-002, 1.690192421053987e-001, 1.081779663040097e+000, 5.360956486445695e-001, 2.682318161248389e-001
 3.612789000000000e+000, 3.781839093479270e-002,-4.973318041154973e-002, 1.736196312542275e-001, 1.090161175095281e+000, 5.353080112591249e-001, 2.647512064271843e-001
 3.616956000000000e+000, 4.826670799329132e-002,-4.662676997476001e-002, 1.783668265505852e-001, 1.098000218999393e+000, 5.330651403982144e-001, 2.610417020380669e-001
 3.621123000000000e+000, 5.870938160913790e-002,-4.343760153495291e-002, 1.832382028562410e-001, 1.105282230881690e+000, 5.294329694303342e-001, 2.571217809775270e-001
 3.625290000000000e+000, 6.913409995668293e-002,-4.015409860726726e-002, 1.882113806131900e-001, 1.111991521825579e+000, 5.244804252461662e-001, 2.530109270561633e-001
 3.629457000000000e+000, 7.952748749060742e-002,-3.676647023256829e-002, 1.932646016224624e-001, 1.118111460246318e+000, 5.182787766299843e-001, 2.487299323014398e-001
 3.633624000000000e+000, 8.987528945982465e-002,-3.326684176625072e-002, 1.983770357284157e-001, 1.123624649680679e+000, 5.109011909040068e-001, 2.443011388859246e-001
 3.637791000000000e+000, 1.001625768260482e-001,-2.964932781673757e-002, 2.035290131541042e-001, 1.128513104301159e+000, 5.024224594124331e-001, 2.397486011747850e-001
 3.641958000000000e+000, 1.103739655193392e-001,-2.591005370351640e-002, 2.087021851266041e-001, 1.132758421085400e+000, 4.929188506249294e-001, 2.350981544888224e-001
 3.646125000000000e+000, 1.204938417352340e-001,-2.204713214330911e-002, 2.138796216269169e-001, 1.136341948017628e+000, 4.824680418308936e-001, 2.303773889425686e-001
 3.650292000000000e+000, 1.305065834582720e-001,-1.806060180104985e-002, 2.190458573056281e-001, 1.139244948992361e+000, 4.711490762739087e-001, 2.256155391734459e-001
 3.654459000000000e+000, 1.403967684826331e-001,-1.395233158890807e-002, 2.241869004770024e-001, 1.141448767930393e+000, 4.590422934822852e-001, 2.208432978148026e-001
 3.658626000000000e+000, 1.501493604346725e-001,-9.725892617640897e-003, 2.292902228481897e-001, 1.142934996408142e+000, 4.462291839088938e-001, 2.160925528028120e-001
 3.662793000000000e+000, 1.597498664571338e-001,-5.386403953259400e-003, 2.343447424058998e-001, 1.143685647640312e+000, 4.327921284667072e-001, 2.113960578936016e-001
