Main.Studies.MarkerTracking.t,Main.Studies.MarkerTracking.JointAngleOutputs.OutputFile_LeftArm.SternoClavicularProtraction,Main.Studies.MarkerTracking.JointAngleOutputs.OutputFile_LeftArm.SternoClavicularElevation,Main.Studies.MarkerTracking.JointAngleOutputs.OutputFile_LeftArm.SternoClavicularAxialRotation,Main.Studies.MarkerTracking.JointAngleOutputs.OutputFile_LeftArm.AcromioClavicularProtraction,Main.Studies.MarkerTracking.JointAngleOutputs.OutputFile_LeftArm.AcromioClavicularMedialRotation,Main.Studies.MarkerTracking.JointAngleOutputs.OutputFile_LeftArm.AcromioClavicularPosteriorTilt,Main.Studies.MarkerTracking.JointAngleOutputs.OutputFile_LeftArm.GlenohumeralFlexion,Main.Studies.MarkerTracking.JointAngleOutputs.OutputFile_LeftArm.GlenohumeralExternalRotation,Main.Studies.MarkerTracking.JointAngleOutputs.OutputFile_LeftArm.GlenohumeralAbduction,Main.Studies.MarkerTracking.JointAngleOutputs.OutputFile_LeftArm.ElbowFlexion,Main.Studies.MarkerTracking.JointAngleOutputs.OutputFile_LeftArm.ElbowPronation,Main.Studies.MarkerTracking.JointAngleOutputs.OutputFile_LeftArm.WristFlexion,Main.Studies.MarkerTracking.JointAngleOutputs.OutputFile_LeftArm.WristAbduction
  2.791890000000000e+00, -6.801433198846930e-01,  7.743340212362382e-02, -3.380234272773814e-03,  6.672038045072323e-01, -2.269911798726545e-01, -3.380234273135105e-03, -3.579885022342122e-02,  1.148221404125677e-03,  9.980668369989645e-02,  1.940214910529857e-02,  6.419278871312244e-01,  5.012619089902102e-01,  2.641346411616010e-01
  2.796057000000000e+00, -6.813298148636676e-01,  7.708217510150406e-02, -3.484227405658429e-03,  6.671265125777994e-01, -2.269991189527365e-01, -3.484227408940454e-03, -3.792993503322051e-02,  2.172397389352283e-03,  9.958137470133506e-02,  1.660030278244837e-02,  6.383400239799545e-01,  5.037315842005814e-01,  2.634025759004681e-01
  2.800224000000000e+00, -6.824874186311518e-01,  7.671411096582315e-02, -3.596181344581261e-03,  6.670532632733451e-01, -2.270036801174202e-01, -3.596181349088623e-03, -3.994403738065944e-02,  3.124805111285444e-03,  9.939682962120430e-02,  1.390518261328381e-02,  6.347731286640008e-01,  5.061385537402798e-01,  2.627105793443728e-01
  2.804391000000000e+00, -6.836109416908408e-01,  7.632347067196510e-02, -3.718617140998363e-03,  6.669849493697454e-01, -2.270039537665069e-01, -3.718617146969538e-03, -4.183941354092080e-02,  3.998414098801029e-03,  9.925457822264637e-02,  1.132228941126625e-02,  6.312201426102518e-01,  5.084847824721956e-01,  2.620613713122055e-01
  2.808558000000000e+00, -6.847014842764193e-01,  7.590546063193249e-02, -3.853447282261967e-03,  6.669218404110262e-01, -2.269994136194144e-01, -3.853447283500850e-03, -4.360762604669022e-02,  4.820320997375746e-03,  9.915678485733939e-02,  8.839760082195221e-03,  6.277104829225130e-01,  5.107704822589705e-01,  2.614632495393709e-01
  2.812725000000000e+00, -6.857483714070591e-01,  7.545368252504603e-02, -4.003634120148477e-03,  6.668653644173982e-01, -2.269888398727682e-01, -4.003634121784574e-03, -4.525359210085078e-02,  5.550529836667605e-03,  9.910192770992102e-02,  6.476705984245360e-03,  6.242032625640074e-01,  5.129999624925965e-01,  2.609122023348885e-01
  2.816892000000000e+00, -6.867522649367835e-01,  7.496377658226971e-02, -4.170908078877886e-03,  6.668158012165024e-01, -2.269717425119100e-01, -4.170908081167063e-03, -4.677026183906818e-02,  6.210733591552730e-03,  9.909034929997464e-02,  4.221798054570046e-03,  6.207231167428691e-01,  5.151741272173656e-01,  2.604145372730420e-01
  2.821059000000000e+00, -6.877104854232606e-01,  7.443134484279135e-02, -4.357117108129645e-03,  6.667737306559882e-01, -2.269474856191365e-01, -4.357117111110894e-03, -4.815490324509941e-02,  6.802028021004617e-03,  9.912078879200832e-02,  2.072612106326369e-03,  6.172733473492945e-01,  5.172952235666410e-01,  2.599723452686233e-01
  2.825226000000000e+00, -6.886206167148583e-01,  7.385261776242169e-02, -4.563829269143014e-03,  6.667396655690280e-01, -2.269155212349223e-01, -4.563829272986625e-03, -4.940522559967508e-02,  7.324758866993131e-03,  9.919128615297727e-02,  2.623801269909747e-05,  6.138567913532216e-01,  5.193656307264112e-01,  2.595869734266064e-01
  2.829393000000000e+00, -6.894805624383264e-01,  7.322456517822218e-02, -4.792284563588415e-03,  6.667140386736121e-01, -2.268754049769606e-01, -4.792284568453480e-03, -5.051938346489226e-02,  7.778623206814832e-03,  9.929926324890125e-02, -1.920669178498449e-03,  6.104758447034730e-01,  5.213878084446502e-01,  2.592590293764847e-01
  2.833560000000000e+00, -6.902844380821598e-01,  7.254440039015186e-02, -5.043733522156222e-03,  6.666975989872107e-01, -2.268265631388302e-01, -5.043733523300847e-03, -5.150052088101065e-02,  8.139458625354111e-03,  9.944047800622305e-02, -3.760748806054508e-03,  6.071078766643069e-01,  5.233654076135394e-01,  2.589843607247236e-01
  2.837727000000000e+00, -6.910386661688839e-01,  7.181193878422598e-02, -5.317939742215346e-03,  6.666898266381901e-01, -2.267692546882842e-01, -5.317939743676739e-03, -5.233910822599674e-02,  8.449593606100246e-03,  9.961351490076452e-02, -5.518755456151693e-03,  6.038004805667345e-01,  5.252987164466463e-01,  2.587697359160962e-01
  2.841894000000000e+00, -6.917386764186715e-01,  7.102633887273502e-02, -5.615288251591561e-03,  6.666912149716956e-01, -2.267031965096644e-01, -5.615288253450086e-03, -5.303849708943464e-02,  8.687051450003265e-03,  9.981355158480773e-02, -7.189265345064161e-03,  6.005333645262115e-01,  5.271911951747326e-01,  2.586101879042022e-01
  2.846061000000000e+00, -6.923839437931453e-01,  7.018829709566865e-02, -5.935390674467115e-03,  6.667017889205948e-01, -2.266284615874028e-01, -5.935390676636924e-03, -5.359834641869754e-02,  8.850132871709908e-03,  1.000365395118377e-01, -8.776769004367694e-03,  5.973075214221191e-01,  5.290451798862970e-01,  2.585037448771356e-01
  2.850228000000000e+00, -6.929743195631487e-01,  6.929955554226130e-02, -6.277412637324140e-03,  6.667214614226062e-01, -2.265452647747277e-01, -6.277412639994743e-03, -5.401856185214293e-02,  8.937056716873901e-03,  1.002783195787338e-01, -1.028587477412440e-02,  5.941236754238394e-01,  5.308628918201519e-01,  2.584479576242391e-01
  2.854395000000000e+00, -6.935099895650312e-01,  6.836290983663251e-02, -6.640076803241150e-03,  6.667500345286748e-01, -2.264539618020485e-01, -6.640076806417979e-03, -5.429922487486261e-02,  8.946038313057420e-03,  1.005347087989423e-01, -1.172123793491789e-02,  5.909823072653440e-01,  5.326464167180083e-01,  2.584399876072248e-01
  2.858562000000000e+00, -6.939914192378925e-01,  6.738219123624134e-02, -7.021677632090294e-03,  6.667872033368081e-01, -2.263550446408078e-01, -7.021677635916675e-03, -5.444051562837648e-02,  8.875340494222899e-03,  1.008015702665368e-01, -1.308748871874378e-02,  5.878836659574027e-01,  5.343976909477570e-01,  2.584766996744180e-01
  2.862729000000000e+00, -6.944232494877047e-01,  6.636273689898498e-02, -7.419773550678043e-03,  6.668321778358822e-01, -2.262493608798135e-01, -7.419773551605759e-03, -5.443831186752623e-02,  8.745584827714007e-03,  1.010760501333556e-01, -1.439970501826446e-02,  5.848513113154316e-01,  5.361174916930023e-01,  2.585585672073079e-01
  2.866896000000000e+00, -6.947987618186838e-01,  6.530926459131869e-02, -7.832548812210049e-03,  6.668851979381309e-01, -2.261372079110318e-01, -7.832548813329846e-03, -5.430097300558301e-02,  8.512691308604953e-03,  1.013519816977808e-01, -1.564215909247102e-02,  5.818401489182816e-01,  5.378093512496545e-01,  2.586748786590408e-01
  2.871063000000000e+00, -6.951224577481238e-01,  6.422873370117399e-02, -8.256940148501871e-03,  6.669453436017095e-01, -2.260196218342037e-01, -8.256940149779251e-03, -5.402453775717775e-02,  8.195337363361926e-03,  1.016266455100864e-01, -1.682858292731563e-02,  5.788710736483620e-01,  5.394737907846121e-01,  2.588256425462335e-01
  2.875230000000000e+00, -6.953952423716924e-01,  6.312821410890446e-02, -8.689979110990682e-03,  6.670119882761925e-01, -2.258975007896784e-01, -8.689979112459929e-03, -5.360873142064193e-02,  7.791912191226123e-03,  1.018963673223815e-01, -1.796283276006808e-02,  5.759432974861560e-01,  5.411120652570287e-01,  2.590074656442780e-01
  2.879397000000000e+00, -6.956179589005221e-01,  6.201514216046600e-02, -9.128578792589399e-03,  6.670844704105351e-01, -2.257717835589712e-01, -9.128578794352922e-03, -5.305295569984780e-02,  7.300718198665139e-03,  1.021575535713145e-01, -1.904842376633560e-02,  5.730557435418073e-01,  5.427252255083479e-01,  2.592170958317055e-01
  2.883564000000000e+00, -6.957913335059133e-01,  6.089706202034195e-02, -9.569642091900301e-03,  6.671621182889230e-01, -2.256434159862146e-01, -9.569642093849385e-03, -5.235621613731500e-02,  6.719925567946752e-03,  1.024066454781329e-01, -2.008848047473873e-02,  5.702070673637771e-01,  5.443140974057235e-01,  2.594514827641143e-01
  2.887731000000000e+00, -6.959159324605900e-01,  5.978134445051775e-02, -1.001017646310230e-02,  6.672442765741605e-01, -2.255133152032582e-01, -1.001017646534271e-02, -5.151706209861162e-02,  6.047547636385244e-03,  1.026400652101982e-01, -2.108569138360607e-02,  5.673957029482494e-01,  5.458792626977980e-01,  2.597078232379567e-01
  2.891898000000000e+00, -6.959921343651039e-01,  5.867490299192180e-02, -1.044740693607646e-02,  6.673303327353450e-01, -2.253823341855652e-01, -1.044740693862693e-02, -5.053354011648792e-02,  5.281448929625026e-03,  1.028541615914675e-01, -2.204226985621355e-02,  5.646199351560233e-01,  5.474210476125503e-01,  2.599835915479926e-01
  2.896065000000000e+00, -6.960201203843083e-01,  5.758393153022534e-02, -1.087887787185722e-02,  6.674197410706140e-01, -2.252512296550204e-01, -1.087887787470456e-02, -4.940316037846615e-02,  4.419393786183138e-03,  1.030451633361229e-01, -2.295992252707547e-02,  5.618779950025439e-01,  5.489395259076746e-01,  2.602765562639114e-01
  2.900232000000000e+00, -6.959998856686680e-01,  5.651368822078129e-02, -1.130253381118646e-02,  6.675120418039057e-01, -2.251206364766505e-01, -1.130253381437893e-02, -4.812287814427529e-02,  3.459138577384270e-03,  1.032091463967649e-01, -2.383982673665654e-02,  5.591681720882092e-01,  5.504345413613274e-01,  2.605847860095370e-01
  2.904399000000000e+00, -6.959272623525169e-01,  5.546788909503597e-02, -1.171707197332623e-02,  6.676072605596137e-01, -2.249908284947528e-01, -1.171707197415060e-02, -4.669343144638316e-02,  2.375961287860170e-03,  1.033407371148212e-01, -2.467198929682694e-02,  5.564650230813396e-01,  5.519067157635691e-01,  2.609028383794456e-01
  2.908566000000000e+00, -6.958097664482044e-01,  5.445046349399685e-02, -1.212076918439043e-02,  6.677043851932615e-01, -2.248625917780256e-01, -1.212076918537054e-02, -4.510229848171488e-02,  1.211784357936980e-03,  1.034381720538785e-01, -2.547708048928637e-02,  5.538136116205634e-01,  5.533537177196211e-01,  2.612367509300340e-01
  2.912733000000000e+00, -6.956433742831725e-01,  5.346288974435165e-02, -1.251322391839754e-02,  6.678036116808088e-01, -2.247359340115191e-01, -1.251322391942676e-02, -4.334895389002047e-02, -5.591094594991151e-05,  1.034958942545039e-01, -2.624468849233592e-02,  5.511907528276032e-01,  5.547759455752761e-01,  2.615818985752125e-01
  2.916900000000000e+00, -6.954278937292870e-01,  5.250607873070989e-02, -1.289414553484467e-02,  6.679048517612677e-01, -2.246109533001970e-01, -1.289414553598126e-02, -4.142843236385874e-02, -1.427756396445211e-03,  1.035094925034321e-01, -2.697384019179322e-02,  5.485962411594699e-01,  5.561729414528207e-01,  2.619375163406535e-01
  2.921067000000000e+00, -6.951632907228972e-01,  5.158010900482535e-02, -1.326356560821032e-02,  6.680080760173723e-01, -2.244876530379891e-01, -1.326356560944081e-02, -3.933552894987091e-02, -2.903460045172521e-03,  1.034745835852573e-01, -2.766304263425460e-02,  5.460305631367364e-01,  5.575443902651025e-01,  2.623031256926192e-01
  2.925234000000000e+00, -6.948497656351565e-01,  5.068443791871546e-02, -1.362174985621664e-02,  6.681132903652378e-01, -2.243659707120171e-01, -1.362174985755334e-02, -3.706496532604087e-02, -4.481580366042654e-03,  1.033869031971805e-01, -2.831028970559723e-02,  5.434950184986056e-01,  5.588902100702109e-01,  2.626785389547772e-01
  2.929401000000000e+00, -6.944878103858205e-01,  4.981812598927426e-02, -1.396910687351204e-02,  6.682205124431659e-01, -2.242458075203513e-01, -1.396910687495857e-02, -3.461158479668636e-02, -6.159309579328198e-03,  1.032424001063179e-01, -2.891306067968635e-02,  5.409918312092393e-01,  5.602106329476051e-01,  2.630638657676660e-01
  2.933568000000000e+00, -6.940782418879177e-01,  4.898005465284450e-02, -1.430610143637111e-02,  6.683297500476423e-01, -2.241270562200164e-01, -1.430610143790774e-02, -3.197056691666211e-02, -7.932272323076230e-03,  1.030373298306848e-01, -2.946830945878728e-02,  5.385242481414338e-01,  5.615062712817434e-01,  2.634595205446059e-01
  2.937735000000000e+00, -6.936222114872924e-01,  4.816912411440599e-02, -1.463317736286148e-02,  6.684409828924823e-01, -2.240096255815944e-01, -1.463317736450034e-02, -2.913765035296167e-02, -9.794345463014971e-03,  1.027683468170818e-01, -2.997244456318337e-02,  5.360966212373212e-01,  5.627781655835067e-01,  2.638662292916335e-01
  2.941902000000000e+00, -6.931211953961328e-01,  4.738442658399866e-02, -1.495069137822693e-02,  6.685541477737975e-01, -2.238934610879186e-01, -1.495069138000922e-02, -2.610935058652264e-02, -1.173750221442286e-02,  1.024325993225182e-01, -3.042130135435120e-02,  5.337144681545553e-01,  5.640278117082147e-01,  2.642850343379896e-01
  2.946069000000000e+00, -6.925769740037170e-01,  4.662539672665122e-02, -1.525885683576020e-02,  6.686691263921701e-01, -2.237785624254391e-01, -1.525885683759380e-02, -2.288315919242323e-02, -1.375168366662873e-02,  1.020278343086146e-01, -3.081010919375904e-02,  5.313845058115740e-01,  5.652571665235451e-01,  2.647172961976785e-01
  2.950236000000000e+00, -6.919916022597339e-01,  4.589193408947589e-02, -1.555769905721492e-02,  6.687857361963482e-01, -2.236649972214124e-01, -1.555769905915603e-02, -1.945771532686824e-02, -1.582470552721199e-02,  1.015525073155331e-01, -3.113345678391720e-02,  5.291146530840808e-01,  5.664686305603266e-01,  2.651646919968188e-01
  2.954403000000000e+00, -6.913673650461480e-01,  4.518447944985082e-02, -1.584702919207602e-02,  6.689037264931609e-01, -2.235529085754799e-01, -1.584702919408679e-02, -1.583294513100997e-02, -1.794221314076498e-02,  1.010058744552582e-01, -3.138525855361154e-02,  5.269140015551449e-01,  5.676650056041956e-01,  2.656292096460213e-01
  2.958570000000000e+00, -6.907067129142058e-01,  4.450403084445154e-02, -1.612644188783764e-02,  6.690227816425873e-01, -2.234425144504808e-01, -1.612644188990308e-02, -1.201016722303017e-02, -2.008769693879850e-02,  1.003880458086014e-01, -3.155872448606329e-02,  5.247927535051632e-01,  5.688494268455253e-01,  2.661131370145113e-01
  2.962737000000000e+00, -6.900161323234363e-01,  4.385241745237733e-02, -1.639510421711758e-02,  6.691421543688074e-01, -2.233343046656624e-01, -1.639510421767965e-02, -7.987944394348023e-03, -2.222036052524561e-02,  9.970126572009910e-02, -3.165669612483037e-02,  5.227856797871396e-01,  5.700242513243614e-01,  2.666227506308783e-01
  2.966904000000000e+00, -6.892903548047280e-01,  4.323093230330133e-02, -1.665272194737918e-02,  6.692621792372601e-01, -2.232282078642911e-01, -1.665272194793923e-02, -3.778881319454364e-03, -2.436350949608358e-02,  9.894482079792863e-02, -3.165047246313079e-02,  5.208584378515605e-01,  5.711949870151116e-01,  2.671535769091007e-01
  2.971071000000000e+00, -6.885356149236309e-01,  4.264210458734663e-02, -1.689821047770736e-02,  6.693820646822355e-01, -2.231247890308732e-01, -1.689821047830526e-02,  6.153255411400771e-04, -2.647344131915795e-02,  9.812248727840264e-02, -3.154107769593791e-02,  5.190466454991260e-01,  5.723641720862531e-01,  2.677122747323664e-01
  2.975238000000000e+00, -6.877540921060563e-01,  4.208825888809775e-02, -1.713068242149170e-02,  6.695013922364792e-01, -2.230244177706135e-01, -1.713068242204908e-02,  5.187417370084324e-03, -2.852657937953475e-02,  9.723742768633203e-02, -3.131874844374007e-02,  5.173636142889031e-01,  5.735351909399831e-01,  2.683021159602147e-01
  2.979405000000000e+00, -6.869476330398789e-01,  4.157165718673461e-02, -1.734928764445039e-02,  6.696197766807475e-01, -2.229274425987238e-01, -1.734928764503915e-02,  9.928732513536431e-03, -3.049830180095206e-02,  9.629328081537064e-02, -3.097300230243669e-02,  5.158229294332737e-01,  5.747111556840414e-01,  2.689265424571686e-01
  2.983572000000000e+00, -6.861176610875641e-01,  4.109433144883079e-02, -1.755327814019630e-02,  6.697368899010221e-01, -2.228341666780551e-01, -1.755327814073394e-02,  1.482931161852385e-02, -3.236333488190038e-02,  9.529400578986089e-02, -3.049268188202614e-02,  5.144381894587131e-01,  5.758947638636718e-01,  2.695891304575819e-01
  2.987739000000000e+00, -6.852651089225429e-01,  4.065794003930634e-02, -1.774206268599891e-02,  6.698524808007860e-01, -2.227448273705659e-01, -1.774206268653084e-02,  1.987803170001579e-02, -3.409618099516365e-02,  9.424372557695640e-02, -2.986601814689906e-02,  5.132227255786974e-01,  5.770881583746226e-01,  2.702935536906939e-01
  2.991906000000000e+00, -6.843903810706079e-01,  4.026366239063339e-02, -1.791524588096187e-02,  6.699663892404198e-01, -2.226595816529495e-01, -1.791524588146386e-02,  2.506275976546779e-02, -3.567156881806566e-02,  9.314658114269514e-02, -2.908071369614183e-02,  5.121893113883051e-01,  5.782927922829733e-01,  2.710435454244046e-01
  2.996073000000000e+00, -6.834933505966776e-01,  3.991214546638222e-02, -1.807264660418985e-02,  6.700785522529995e-01, -2.225784992426183e-01, -1.807264660464446e-02,  3.037051751957698e-02, -3.706491603121714e-02,  9.200660914489485e-02, -2.812404508823333e-02,  5.113498711910911e-01,  5.795093016683546e-01,  2.718428592841657e-01
  3.000240000000000e+00, -6.825733900097050e-01,  3.960350956142844e-02, -1.821429331321388e-02,  6.701890017048622e-01, -2.225015643778172e-01, -1.821429331367716e-02,  3.578765272465767e-02, -3.825279575386885e-02,  9.082765235689645e-02, -2.698298300001645e-02,  5.107151946148576e-01,  5.807373891765586e-01,  2.726952291165958e-01
  3.004407000000000e+00, -6.816294323903516e-01,  3.933741213957309e-02, -1.834039700245578e-02,  6.702978537645337e-01, -2.224286859487996e-01, -1.834039700285533e-02,  4.130001581285492e-02, -3.921339856113672e-02,  8.961330548298840e-02, -2.564432812647045e-02,  5.102946655155276e-01,  5.819757204303473e-01,  2.736043278725379e-01
  3.008574000000000e+00, -6.806600573983613e-01,  3.911316088267647e-02, -1.845130543187525e-02,  6.704052913941205e-01, -2.223597147026104e-01, -1.845130543221824e-02,  4.689313995702937e-02, -3.992698256460884e-02,  8.836689424658491e-02, -2.409485906772786e-02,  5.100960129845306e-01,  5.832218352377412e-01,  2.745737243276087e-01
  3.012741000000000e+00, -6.796635968879249e-01,  3.892986221509043e-02, -1.854744398948676e-02,  6.705115415650763e-01, -2.222944656467540e-01, -1.854744398978607e-02,  5.255242115372383e-02, -4.037630580211912e-02,  8.709148253423699e-02, -2.232148706447983e-02,  5.101250904689708e-01,  5.844720750054941e-01,  2.756068356833080e-01
  3.016908000000000e+00, -6.786345592740870e-01,  3.878642160336887e-02, -1.862941302573359e-02,  6.706171967642870e-01, -2.222325632364068e-01, -1.862941302681232e-02,  5.825936632225015e-02, -4.056794535459192e-02,  8.578881830818928e-02, -2.030173155089127e-02,  5.103634476357615e-01,  5.857227725361538e-01,  2.767033859651351e-01
  3.021075000000000e+00, -6.775787483529420e-01,  3.868241296022523e-02, -1.869724958023693e-02,  6.707217764242933e-01, -2.221742007145404e-01, -1.869724958117517e-02,  6.400769999290290e-02, -4.044788506641744e-02,  8.446379015612843e-02, -1.804313719800580e-02,  5.108583572286902e-01,  5.869651974525274e-01,  2.778734956995536e-01
  3.025242000000000e+00, -6.764906155044706e-01,  3.861719118880558e-02, -1.875137881244985e-02,  6.708258424488016e-01, -2.221190534136259e-01, -1.875137881326104e-02,  6.977931310068741e-02, -4.003069635710792e-02,  8.311777345335597e-02, -1.552376695913783e-02,  5.115856892156154e-01,  5.881931063289025e-01,  2.791161365325243e-01
  3.029409000000000e+00, -6.753687489178030e-01,  3.859077641570630e-02, -1.879186027406436e-02,  6.709295268297422e-01, -2.220670554119017e-01, -1.879186027473791e-02,  7.556074022120529e-02, -3.931301394500156e-02,  8.175325734648629e-02, -1.273255247217197e-02,  5.125421554042957e-01,  5.893976822377844e-01,  2.804335527910206e-01
  3.033576000000000e+00, -6.742121124180825e-01,  3.860379941737646e-02, -1.881851178795961e-02,  6.710328737098369e-01, -2.220182306872185e-01, -1.881851178850241e-02,  8.133916751790582e-02, -3.829575501819763e-02,  8.037278525274956e-02, -9.659248729607467e-03,  5.137219038563070e-01,  5.905688395254769e-01,  2.818275433193489e-01
  3.037743000000000e+00, -6.730201504018016e-01,  3.865758987995371e-02, -1.883087404673476e-02,  6.711358213533415e-01, -2.219727086343621e-01, -1.883087404721235e-02,  8.710254443563303e-02, -3.698435367714982e-02,  7.897904887962304e-02, -6.294526512091907e-03,  5.151164603316509e-01,  5.916952884763931e-01,  2.832994007469334e-01
  3.041910000000000e+00, -6.717928746841765e-01,  3.875421384028765e-02, -1.882819447600672e-02,  6.712381904773658e-01, -2.219307326966291e-01, -1.882819447637823e-02,  9.283967176828112e-02, -3.538894141893664e-02,  7.757497716857309e-02, -2.630039702296727e-03,  5.167146898735810e-01,  5.927646340568207e-01,  2.848498514896083e-01
  3.046077000000000e+00, -6.705309319394248e-01,  3.889645813469378e-02, -1.880943108176945e-02,  6.713396793170922e-01, -2.218926617753221e-01, -1.880943108205869e-02,  9.854026648625691e-02, -3.352446398664706e-02,  7.616381647031303e-02,  1.341533026479324e-03,  5.185027803221196e-01,  5.937635111798474e-01,  2.864789982316647e-01
  3.050244000000000e+00, -6.692390614105894e-01,  3.908789678645186e-02, -1.877313215149048e-02,  6.714395422759523e-01, -2.218591309383326e-01, -1.877313215250182e-02,  1.041986472039413e-01, -3.139129965513766e-02,  7.475005558675328e-02,  5.617458512186149e-03,  5.204849994770926e-01,  5.946762400959025e-01,  2.881895668584600e-01
  3.054411000000000e+00, -6.679119602384594e-01,  3.933222471471076e-02, -1.871807198445677e-02,  6.715379391391445e-01, -2.218303487723556e-01, -1.871807198523381e-02,  1.097986533192001e-01, -2.905582460825372e-02,  7.333590597044373e-02,  1.022234272124992e-02,  5.225976521505591e-01,  5.954912829318069e-01,  2.899731808008870e-01
  3.058578000000000e+00, -6.665562999123468e-01,  3.963395636590650e-02, -1.864238431921264e-02,  6.716338659570603e-01, -2.218071511507653e-01, -1.864238431976652e-02,  1.153371541708355e-01, -2.652490486453435e-02,  7.192693541045966e-02,  1.515000716655969e-02,  5.248430264075864e-01,  5.961918657012850e-01,  2.918315827065282e-01
  3.062745000000000e+00, -6.651754745801483e-01,  3.999764170583964e-02, -1.854427126811368e-02,  6.717266159644188e-01, -2.217902358950909e-01, -1.854427126852081e-02,  1.208078053496993e-01, -2.383232751373602e-02,  7.052819084959661e-02,  2.040371064560432e-02,  5.271969932163898e-01,  5.967628439283446e-01,  2.937619211543930e-01
  3.066912000000000e+00, -6.637698890249674e-01,  4.042764460692161e-02, -1.842207698214860e-02,  6.718157773423339e-01, -2.217801469030427e-01, -1.842207698358904e-02,  1.262013954734045e-01, -2.103643966779863e-02,  6.914442997479243e-02,  2.599531560804138e-02,  5.296112372243491e-01,  5.971911997655157e-01,  2.957569826575010e-01
  3.071079000000000e+00, -6.623519507009644e-01,  4.092854721407968e-02, -1.827371790836040e-02,  6.718998206716982e-01, -2.217779899051870e-01, -1.827371790938721e-02,  1.315219116235977e-01, -1.813413357606586e-02,  6.778341702929194e-02,  3.190546808738331e-02,  5.321051980323040e-01,  5.974585453377639e-01,  2.978199667260095e-01
  3.075246000000000e+00, -6.609221792847176e-01,  4.150389763663287e-02, -1.809781031165383e-02,  6.719784064900197e-01, -2.217842192482902e-01, -1.809781031231640e-02,  1.367611038526451e-01, -1.519536586372840e-02,  6.645060499097720e-02,  3.814659011580510e-02,  5.346216225652968e-01,  5.975536573557436e-01,  2.999411161190992e-01
  3.079413000000000e+00, -6.594857720569980e-01,  4.215666625065317e-02, -1.789303892876136e-02,  6.720508247379487e-01, -2.217994287708018e-01, -1.789303892921434e-02,  1.419162674828844e-01, -1.226767369038769e-02,  6.515282848990864e-02,  4.471876902728875e-02,  5.371285063446462e-01,  5.974643172044427e-01,  3.021140553981889e-01
  3.083580000000000e+00, -6.580512513919630e-01,  4.288900210237467e-02, -1.765828206841681e-02,  6.721161387168152e-01, -2.218242639033912e-01, -1.765828207009560e-02,  1.469888820897569e-01, -9.382624609927125e-03,  6.389780009329860e-02,  5.161306986705173e-02,  5.396119382236493e-01,  5.971778514923400e-01,  3.043346399385448e-01
  3.087747000000000e+00, -6.566167916086831e-01,  4.370135059537716e-02, -1.739332813115781e-02,  6.721745294793775e-01, -2.218587006003838e-01, -1.739332813223660e-02,  1.519702132273313e-01, -6.630705384190603e-03,  6.269163087680206e-02,  5.884708841349006e-02,  5.419949773653215e-01,  5.966897093989205e-01,  3.065875151924085e-01
  3.091914000000000e+00, -6.551917049157977e-01,  4.459339127192008e-02, -1.709791959818625e-02,  6.722252235992167e-01, -2.219031230426349e-01, -1.709791959883562e-02,  1.568642544999732e-01, -4.039219606339603e-03,  6.154265915059996e-02,  6.640805532972463e-02,  5.442688025666199e-01,  5.959905567587072e-01,  3.088676370885896e-01
  3.096081000000000e+00, -6.537774671959748e-01,  4.556296677324267e-02, -1.677269434184259e-02,  6.722683440308441e-01, -2.219573411569256e-01, -1.677269434462942e-02,  1.616677342784427e-01, -1.676556162729664e-03,  6.045807184700226e-02,  7.430219259905348e-02,  5.463798687294456e-01,  5.950781282748134e-01,  3.111616089263115e-01
  3.100248000000000e+00, -6.523862362878103e-01,  4.660706761304145e-02, -1.641829049922266e-02,  6.723031004960349e-01, -2.220215453855459e-01, -1.641829050087945e-02,  1.663897320584387e-01,  4.515347343732569e-04,  5.944663683589014e-02,  8.250614227119986e-02,  5.483417877362035e-01,  5.939448496643096e-01,  3.134663284455247e-01
  3.104415000000000e+00, -6.510173589082117e-01,  4.772049333650918e-02, -1.603653139091112e-02,  6.723300900412140e-01, -2.220950821167180e-01, -1.603653139183886e-02,  1.710271046801020e-01,  2.274530861342527e-03,  5.851528456190599e-02,  9.102749799601950e-02,  5.500968939166208e-01,  5.925940080577758e-01,  3.157657764681608e-01
  3.108582000000000e+00, -6.496778150567309e-01,  4.889709550448140e-02, -1.562937695011673e-02,  6.723492813864218e-01, -2.221775288501031e-01, -1.562937695436476e-02,  1.755859843324530e-01,  3.770115313256852e-03,  5.767185660238062e-02,  9.985164667961638e-02,  5.516384382273107e-01,  5.910254380523101e-01,  3.180515914014690e-01
  3.112749000000000e+00, -6.483617906528907e-01,  5.012859759120891e-02, -1.519997578156943e-02,  6.723620210445603e-01, -2.222676227163451e-01, -1.519997578394336e-02,  1.800608576438230e-01,  4.856886105560398e-03,  5.692275452331141e-02,  1.089930663583315e-01,  5.528934752029061e-01,  5.892507165730727e-01,  3.203030859251624e-01
  3.116916000000000e+00, -6.470762085658598e-01,  5.140639296140814e-02, -1.475124565208610e-02,  6.723684864427008e-01, -2.223646398012509e-01, -1.475124565335809e-02,  1.844607591493777e-01,  5.529883336467554e-03,  5.627548680175230e-02,  1.184308848234638e-01,  5.538704077049956e-01,  5.872734613141426e-01,  3.225127012574755e-01
  3.121083000000000e+00, -6.458221844368104e-01,  5.272054020959316e-02, -1.428680584751823e-02,  6.723695019863654e-01, -2.224674297671696e-01, -1.428680584815547e-02,  1.887902821166794e-01,  5.763155137362198e-03,  5.573661042347225e-02,  1.281554215531941e-01,  5.545526331899030e-01,  5.851032309432007e-01,  3.246678718898683e-01
  3.125250000000000e+00, -6.445971752215154e-01,  5.406012263166660e-02, -1.381079124145503e-02,  6.723663047763538e-01, -2.225745555477605e-01, -1.381079124725924e-02,  1.930519681016392e-01,  5.522838268158329e-03,  5.531210461719893e-02,  1.381620919233338e-01,  5.549123434689641e-01,  5.827541648609733e-01,  3.267535530150795e-01
  3.129417000000000e+00, -6.434078729058862e-01,  5.541427594842174e-02, -1.332707603077384e-02,  6.723592425030949e-01, -2.226850091270158e-01, -1.332707603398121e-02,  1.972588702480249e-01,  4.830666671258984e-03,  5.500777881673592e-02,  1.484208877991280e-01,  5.549809493850348e-01,  5.802331484084466e-01,  3.287643911098224e-01
  3.133584000000000e+00, -6.422494019997412e-01,  5.677114831295094e-02, -1.284030638186491e-02,  6.723498134180673e-01, -2.227971315863220e-01, -1.284030638362018e-02,  2.014141131557796e-01,  3.660951993666007e-03,  5.482831369764131e-02,  1.589258093906878e-01,  5.547348118467833e-01,  5.775581790339301e-01,  3.306854647628277e-01
  3.137751000000000e+00, -6.411206774473394e-01,  5.811910378247997e-02, -1.235497948147724e-02,  6.723391202719262e-01, -2.229094627718713e-01, -1.235497948244776e-02,  2.055259063054138e-01,  2.016473989077715e-03,  5.477785925244091e-02,  1.696583385032507e-01,  5.541793520480248e-01,  5.747444757944518e-01,  3.325068506554212e-01
  3.141918000000000e+00, -6.400234348629531e-01,  5.944691966472426e-02, -1.187539210191368e-02,  6.723279432326167e-01, -2.230207220516593e-01, -1.187539210690614e-02,  2.096059422635275e-01, -8.051680678837279e-05,  5.485977927760832e-02,  1.805912794289823e-01,  5.533390571708157e-01,  5.718051775666324e-01,  3.342226521909075e-01
  3.146085000000000e+00, -6.389487858177829e-01,  6.074307214236319e-02, -1.140633618973080e-02,  6.723180684461316e-01, -2.231291009092855e-01, -1.140633619228101e-02,  2.136579794225533e-01, -2.642719326686509e-03,  5.507634997083140e-02,  1.917161357712739e-01,  5.521979222095984e-01,  5.687624654109045e-01,  3.358190344116597e-01
  3.150252000000000e+00, -6.378992507444329e-01,  6.199746211415502e-02, -1.095173858362851e-02,  6.723100674074025e-01, -2.232334893016250e-01, -1.095173858497681e-02,  2.176962596839338e-01, -5.629950721796462e-03,  5.542904907844548e-02,  2.029986311772552e-01,  5.507959683676451e-01,  5.656286099826753e-01,  3.372941031095161e-01
  3.154419000000000e+00, -6.368729304347489e-01,  6.320047844474108e-02, -1.051551023535735e-02,  6.723048705408271e-01, -2.233326318361444e-01, -1.051551023599084e-02,  2.217317835319852e-01, -9.015004264517236e-03,  5.591821600383945e-02,  2.144116604443145e-01,  5.491571243266450e-01,  5.624192541733919e-01,  3.386435829070639e-01
  3.158586000000000e+00, -6.358633876991502e-01,  6.434338114141847e-02, -1.010139925336649e-02,  6.723037506281959e-01, -2.234251675060626e-01, -1.010139931691629e-02,  2.257726024445439e-01, -1.278189202488652e-02,  5.654320777928034e-02,  2.259338315719794e-01,  5.472895256893796e-01,  5.591544976908023e-01,  3.398631650983805e-01
  3.162753000000000e+00, -6.348791077152014e-01,  6.541869765481412e-02, -9.712201333874185e-03,  6.723064545345252e-01, -2.235105810874167e-01, -9.712201379371153e-03,  2.298378905789444e-01, -1.685945919282187e-02,  5.730190062510427e-02,  2.375179345619922e-01,  5.452661476601780e-01,  5.558372182153262e-01,  3.409560595665433e-01
  3.166920000000000e+00, -6.339126246809761e-01,  6.641976162920638e-02, -9.350923085326382e-03,  6.723141624133544e-01, -2.235877149016003e-01, -9.350923118843984e-03,  2.339346528552453e-01, -2.123158216152541e-02,  5.819149596884502e-02,  2.491430551711112e-01,  5.430922109671226e-01,  5.524871753762906e-01,  3.419201619553118e-01
  3.171087000000000e+00, -6.329626132244895e-01,  6.734116528218204e-02, -9.019887903761358e-03,  6.723273669686832e-01, -2.236558485093483e-01, -9.019887929166678e-03,  2.380742329690364e-01, -2.585860043390777e-02,  5.920796063289760e-02,  2.607773021522047e-01,  5.407998333313637e-01,  5.491165097091497e-01,  3.427576494780623e-01
  3.175254000000000e+00, -6.320279097518540e-01,  6.817862875026859e-02, -8.720970138082308e-03,  6.723464524644079e-01, -2.237144058577933e-01, -8.720970157954869e-03,  2.422674570427712e-01, -3.070033192266140e-02,  6.034624027603006e-02,  2.723886978627952e-01,  5.384207839420317e-01,  5.457363209221278e-01,  3.434720219691719e-01
  3.179421000000000e+00, -6.311075113730998e-01,  6.892897925743724e-02, -8.455596168136653e-03,  6.723716996375800e-01, -2.237629528577909e-01, -8.455596184181752e-03,  2.465244204511805e-01, -3.571688150012340e-02,  6.160033607823190e-02,  2.839455635894834e-01,  5.359857518759248e-01,  5.423566884879314e-01,  3.440679476446054e-01
  3.183588000000000e+00, -6.302005655762565e-01,  6.959011481762234e-02, -8.224753065779066e-03,  6.724032922556050e-01, -2.238011926401930e-01, -8.224753078980804e-03,  2.508542920865731e-01, -4.086934385678129e-02,  6.296340019264657e-02,  2.954168756291471e-01,  5.335237188850217e-01,  5.389867319477935e-01,  3.445510928817270e-01
  3.187755000000000e+00, -6.293063547855613e-01,  7.016095843172754e-02, -8.029002491985959e-03,  6.724413243820487e-01, -2.238289594027760e-01, -8.029002503186484e-03,  2.552651426962234e-01, -4.612038375122415e-02,  6.442784602578151e-02,  3.067725790307420e-01,  5.310614573307015e-01,  5.356347007160744e-01,  3.449279458426583e-01
  3.191922000000000e+00, -6.284242786330146e-01,  7.064140799291097e-02, -7.868497724917319e-03,  6.724858076384169e-01, -2.238462116098099e-01, -7.868497734568467e-03,  2.597638012497405e-01, -5.143468943590533e-02,  6.598546924110864e-02,  3.179838518566818e-01,  5.286231601098246e-01,  5.323080836554164e-01,  3.452056415799022e-01
  3.196089000000000e+00, -6.275538365892799e-01,  7.103228638880910e-02, -7.743001928345558e-03,  6.725366778556368e-01, -2.238530252126245e-01, -7.743001936733609e-03,  2.643557415597739e-01, -5.677930296262917e-02,  6.762757563728021e-02,  3.290233170224764e-01,  5.262301998982787e-01,  5.290137290023660e-01,  3.453917944746503e-01
  3.200256000000000e+00, -6.266946126592273e-01,  7.133529543167771e-02, -7.651906089408894e-03,  6.725938006889729e-01, -2.238495874131030e-01, -7.651906096779591e-03,  2.690449994960424e-01, -6.212383784271825e-02,  6.934511262140466e-02,  3.398652026430642e-01,  5.239010072251272e-01,  5.257579659549760e-01,  3.454943420972837e-01
  3.204423000000000e+00, -6.258462628052243e-01,  7.155297640508129e-02, -7.594245391398508e-03,  6.726569759499549e-01, -2.238361913430471e-01, -7.594245397918763e-03,  2.738341193272136e-01, -6.744059854813421e-02,  7.112880154898396e-02,  3.504854547299610e-01,  5.216510520201335e-01,  5.225467205392382e-01,  3.455214029113438e-01
  3.208590000000000e+00, -6.250085054964850e-01,  7.168867911590304e-02, -7.568713134987403e-03,  6.727259405144990e-01, -2.238132319103610e-01, -7.568713140810887e-03,  2.787241266898888e-01, -7.270461630471460e-02,  7.296926845956665e-02,  3.608618078806274e-01,  5.194929123180562e-01,  5.193856200156786e-01,  3.454811487885835e-01
  3.212757000000000e+00, -6.241811160670475e-01,  7.174654004603065e-02, -7.573671820219107e-03,  6.728003697467465e-01, -2.237812029214379e-01, -7.573671825291162e-03,  2.837145254344440e-01, -7.789361347074147e-02,  7.485717121640237e-02,  3.709738207587924e-01,  5.174364155570368e-01,  5.162800813422654e-01,  3.453816924119020e-01
  3.216924000000000e+00, -6.233639258108006e-01,  7.173146873738934e-02, -7.607161571686451e-03,  6.728798774728248e-01, -2.237406954214189e-01, -7.607161576094016e-03,  2.888033153926035e-01, -8.298790792538766e-02,  7.678332177717677e-02,  3.808028837369300e-01,  5.154888390787045e-01,  5.132353803360377e-01,  3.452309892362971e-01
  3.221091000000000e+00, -6.225568262159840e-01,  7.164914032370939e-02, -7.666906589536508e-03,  6.729640146883278e-01, -2.236923970228191e-01, -7.666906593301531e-03,  2.939870278778760e-01, -8.797027040051228e-02,  7.873880192637188e-02,  3.903322053813517e-01,  5.136551549632614e-01,  5.102567005680871e-01,  3.450367535524110e-01
  3.225258000000000e+00, -6.217597772385993e-01,  7.150599103568034e-02, -7.750320783044519e-03,  6.730522674183791e-01, -2.236370917876511e-01, -7.750320786095746e-03,  2.992607761728394e-01, -9.282574944863169e-02,  8.071506909836378e-02,  3.995467827086872e-01,  5.119383020940740e-01,  5.073491644079535e-01,  3.448063883320459e-01
  3.229425000000000e+00, -6.209728175304645e-01,  7.130921259265199e-02, -7.854514124019298e-03,  6.731440543252776e-01, -2.235756600698184e-01, -7.854514126422246e-03,  3.046183192459684e-01, -9.754147842588878e-02,  8.270404788170620e-02,  4.084333587168466e-01,  5.103394685056829e-01,  5.045178505533854e-01,  3.445469287240283e-01
  3.233592000000000e+00, -6.201960749632989e-01,  7.106674072305674e-02, -7.976301482686500e-03,  6.732387246845863e-01, -2.235090776606272e-01, -7.976301484342880e-03,  3.100521375492513e-01, -1.021064766022927e-01,  8.469820348551814e-02,  4.169803701880350e-01,  5.088583699821534e-01,  5.017678017547644e-01,  3.442649989860024e-01
  3.237759000000000e+00, -6.194297762497029e-01,  7.078723222881877e-02, -8.112215985266269e-03,  6.733355573889072e-01, -2.234384134997001e-01, -8.112215986210600e-03,  3.155535196134049e-01, -1.065114536678537e-01,  8.669059477171874e-02,  4.251778884966125e-01,  5.074935147244675e-01,  4.991040249437653e-01,  3.439667822314327e-01
  3.241926000000000e+00, -6.186742542559400e-01,  7.048002427303213e-02, -8.258529192753711e-03,  6.734337617357926e-01, -2.233648251112537e-01, -8.258529193062912e-03,  3.211126577249159e-01, -1.107486240509263e-01,  8.867490557436314e-02,  4.330175558813431e-01,  5.062424474345203e-01,  4.965314850785525e-01,  3.436580019004049e-01
  3.246093000000000e+00, -6.179299517124229e-01,  7.015506956487783e-02, -8.411280358159391e-03,  6.735324807627230e-01, -2.232895509286417e-01, -8.411280357737012e-03,  3.267187509054021e-01, -1.148115348242767e-01,  9.064545410216102e-02,  4.404925195743337e-01,  5.051019689565388e-01,  4.940550934605712e-01,  3.433439135886405e-01
  3.250260000000000e+00, -6.171974205469661e-01,  6.982284110356041e-02, -8.566316978730143e-03,  6.736307978555337e-01, -2.232138986905972e-01, -8.566316977589620e-03,  3.323601139854298e-01, -1.186949093583231e-01,  9.259718093888797e-02,  4.475973663339398e-01,  5.040683293355933e-01,  4.916796907448391e-01,  3.430293056652552e-01
  3.254427000000000e+00, -6.164773161533914e-01,  6.949419933521050e-02, -8.719349165529145e-03,  6.737277474193838e-01, -2.231392289960152e-01, -8.719349163695590e-03,  3.380242923840173e-01, -1.223945082103014e-01,  9.452561608225271e-02,  4.543280600243955e-01,  5.031373930941599e-01,  4.894100246922970e-01,  3.427185068166841e-01
  3.258594000000000e+00, -6.157703856041863e-01,  6.918021399601737e-02, -8.866020603533703e-03,  6.738223304724635e-01, -2.230669330170829e-01, -8.866020601116881e-03,  3.436981830121819e-01, -1.259070078626114e-01,  9.642682531476994e-02,  4.606818845892045e-01,  5.023047765740980e-01,  4.872507227620209e-01,  3.424153986386519e-01
  3.262761000000000e+00, -6.150774488103976e-01,  6.889193373809910e-02, -9.001998606972140e-03,  6.739135359326802e-01, -2.229984034688055e-01, -9.001998603975162e-03,  3.493681625570475e-01, -1.292298971135243e-01,  9.829733697271707e-02,  4.666573940584526e-01,  5.015659581191282e-01,  4.852062594076467e-01,  3.421234317868197e-01
  3.266928000000000e+00, -6.143993720429595e-01,  6.864009904815682e-02, -9.123084916085451e-03,  6.740003680828816e-01, -2.229349982475184e-01, -9.123084912471094e-03,  3.550202252549504e-01, -1.323613912362048e-01,  1.001340519255570e-01,  4.722543705042658e-01,  5.009163618363395e-01,  4.832809174980346e-01,  3.418456444496881e-01
  3.271095000000000e+00, -6.137370338338646e-01,  6.843479816759923e-02, -9.225347378762924e-03,  6.740818802232531e-01, -2.228779966945684e-01, -9.225347374623003e-03,  3.606401327168052e-01, -1.353003644062854e-01,  1.019341416095807e-01,  4.774737901560153e-01,  5.003514154837173e-01,  4.814787433427408e-01,  3.415846819557890e-01
  3.275262000000000e+00, -6.130912844339369e-01,  6.828507216611812e-02, -9.305270317382043e-03,  6.741572137768873e-01, -2.228285492871385e-01, -9.305270312812359e-03,  3.662135772016539e-01, -1.380462998427172e-01,  1.036949408526492e-01,  4.823177969787942e-01,  4.998665837744796e-01,  4.798034958508959e-01,  3.413428165137848e-01
  3.279429000000000e+00, -6.124629023272818e-01,  6.819848442222143e-02, -9.359917998137795e-03,  6.742256410203175e-01, -2.227876227885064e-01, -9.359917993191493e-03,  3.717263558203179e-01, -1.405992551218150e-01,  1.054138442507934e-01,  4.867896818545724e-01,  4.994573792021462e-01,  4.782585919256452e-01,  3.411219662509709e-01
  3.283596000000000e+00, -6.118525544201681e-01,  6.818068187683313e-02, -9.387101034291852e-03,  6.742866081870347e-01, -2.227559445275962e-01, -9.387101029158811e-03,  3.771645478107548e-01, -1.429598380789177e-01,  1.070882169857998e-01,  4.908938638766288e-01,  4.991193527967439e-01,  4.768470514335044e-01,  3.409237129620962e-01
  3.287763000000000e+00, -6.112607691578176e-01,  6.823499064610572e-02, -9.385529706722391e-03,  6.743397740845474e-01, -2.227339514757791e-01, -9.385529701482025e-03,  3.825146827635950e-01, -1.451291864695835e-01,  1.087153325784468e-01,  4.946358678360857e-01,  4.988480685987776e-01,  4.755714457839879e-01,  3.407493188695479e-01
  3.291930000000000e+00, -6.106879329941627e-01,  6.836210533284648e-02, -9.354931640685378e-03,  6.743850378339887e-01, -2.227217519001699e-01, -9.354931635617762e-03,  3.877638842638444e-01, -1.471089422389971e-01,  1.102923504404472e-01,  4.980222892498037e-01,  4.986390692644588e-01,  4.744338544906226e-01,  3.405997438989230e-01
  3.296097000000000e+00, -6.101343197290165e-01,  6.855994434464385e-02, -9.296106057991478e-03,  6.744225484300783e-01, -2.227191089214486e-01, -9.296106053393401e-03,  3.928999692592736e-01, -1.489012101751296e-01,  1.118163435798183e-01,  5.010607363982637e-01,  4.984878447979597e-01,  4.734358337987894e-01,  3.404756654825513e-01
  3.300264000000000e+00, -6.096001582446005e-01,  6.882374394569846e-02, -9.210886337055723e-03,  6.744526893732492e-01, -2.227254551643203e-01, -9.210886333246801e-03,  3.979114802682360e-01, -1.505084928424051e-01,  1.132843791128333e-01,  5.037597388240639e-01,  4.983898193663028e-01,  4.725784002471647e-01,  3.403775024672874e-01
  3.304431000000000e+00, -6.090857363762678e-01,  6.914644234274547e-02, -9.101990574677008e-03,  6.744760344721837e-01, -2.227399446857710e-01, -9.101990572188667e-03,  4.027876297974275e-01, -1.519335996396685e-01,  1.146936407256215e-01,  5.061286148721027e-01,  4.983403703639503e-01,  4.718620301961822e-01,  3.403054438724541e-01
  3.308598000000000e+00, -6.085915273793959e-01,  6.951935600723491e-02, -8.972758696867231e-03,  6.744932764267310e-01, -2.227615418078990e-01, -8.972758696038212e-03,  4.075181475787895e-01, -1.531795366780362e-01,  1.160415652102435e-01,  5.081772983064186e-01,  4.983348879876716e-01,  4.712866743359028e-01,  3.402594823490284e-01
  3.312765000000000e+00, -6.081183124513934e-01,  6.993307667456450e-02, -8.826803461799440e-03,  6.745051374313369e-01, -2.227891368155506e-01, -8.826803463258490e-03,  4.120930422235916e-01, -1.542493950238742e-01,  1.173259495056478e-01,  5.099161350416608e-01,  4.983688725631656e-01,  4.708517840029627e-01,  3.402394508164028e-01
  3.316932000000000e+00, -6.076672625784953e-01,  7.037843618490447e-02, -8.667634853017740e-03,  6.745122787954575e-01, -2.228216680271027e-01, -8.667634857129427e-03,  4.165023167262412e-01, -1.551462650008970e-01,  1.185449775241578e-01,  5.113556723748831e-01,  4.984380535442903e-01,  4.705563440117992e-01,  3.402450585843476e-01
  3.321099000000000e+00, -6.072399426781242e-01,  7.084732872586175e-02, -8.498340517229282e-03,  6.745152311325642e-01, -2.228582226705775e-01, -8.498340524401503e-03,  4.207357038499540e-01, -1.558732071171958e-01,  1.196971258399975e-01,  5.125064706065359e-01,  4.985385033847924e-01,  4.703989053832296e-01,  3.402759213652874e-01
  3.325266000000000e+00, -6.068382153261379e-01,  7.133318077396678e-02, -8.321405137124354e-03,  6.745143647627488e-01, -2.228980897724546e-01, -8.321405147437663e-03,  4.247825001061409e-01, -1.564333002145494e-01,  1.207809381020064e-01,  5.133789666826900e-01,  4.986667159421129e-01,  4.703776117665401e-01,  3.403315795899193e-01
  3.329433000000000e+00, -6.064663961693071e-01,  7.183160517453491e-02, -8.138379347814044e-03,  6.745096251091299e-01, -2.229409453463618e-01, -8.138379349860340e-03,  4.286317726985953e-01, -1.568300296979297e-01,  1.217964077467918e-01,  5.139825992062497e-01,  4.988189008496762e-01,  4.704899657727002e-01,  3.404114813179666e-01
  3.333600000000000e+00, -6.061216803553948e-01,  7.233734673895231e-02, -7.951400817341093e-03,  6.745017243210613e-01, -2.229860119518170e-01, -7.951400819770613e-03,  4.322716549317014e-01, -1.570664345944304e-01,  1.227379243592547e-01,  5.143290306376431e-01,  4.989938133598912e-01,  4.707338349353094e-01,  3.405150519671445e-01
  3.337767000000000e+00, -6.058077454277386e-01,  7.284715277541998e-02, -7.761607550438160e-03,  6.744905711556142e-01, -2.230330729654828e-01, -7.761607553127345e-03,  4.356911256346061e-01, -1.571467893899836e-01,  1.236039019877331e-01,  5.144274139968235e-01,  4.991883827006753e-01,  4.711059560655602e-01,  3.406415547111331e-01
  3.341934000000000e+00, -6.055254162524196e-01,  7.335658418153512e-02, -7.570705828740181e-03,  6.744764491674226e-01, -2.230816273317073e-01, -7.570705831643824e-03,  4.388794242098935e-01, -1.570757619140565e-01,  1.243902263578015e-01,  5.142876294018658e-01,  4.994004142728721e-01,  4.716029343739918e-01,  3.407901458378064e-01
  3.346101000000000e+00, -6.052748484812256e-01,  7.385992119177476e-02, -7.380936684723459e-03,  6.744598093462639e-01, -2.231309843460325e-01, -7.380936687867216e-03,  4.418267190729539e-01, -1.568587046747331e-01,  1.250919422337110e-01,  5.139195474516993e-01,  4.996277931576064e-01,  4.722210059620773e-01,  3.409598400755530e-01
  3.350268000000000e+00, -6.050555735362696e-01,  7.434990058043378e-02, -7.195181163077759e-03,  6.744412860176030e-01, -2.231802336288125e-01, -7.195181166333537e-03,  4.445243968285060e-01, -1.565016174923294e-01,  1.257035424810803e-01,  5.133330321355624e-01,  4.998684290023661e-01,  4.729560625910993e-01,  3.411495070295119e-01
  3.354435000000000e+00, -6.048666455388384e-01,  7.481787860543898e-02, -7.016894094912229e-03,  6.744216679363715e-01, -2.232282722066723e-01, -7.016894098298196e-03,  4.469651926611893e-01, -1.560110369490222e-01,  1.262193726833432e-01,  5.125378901988513e-01,  5.001202552525835e-01,  4.738036911042749e-01,  3.413578817824811e-01
  3.358602000000000e+00, -6.047068458071752e-01,  7.525433854786501e-02, -6.849898401930748e-03,  6.744018362063425e-01, -2.232738766142621e-01, -6.849898405253389e-03,  4.491431655128810e-01, -1.553938860730389e-01,  1.266340662520768e-01,  5.115437749898295e-01,  5.003812752499774e-01,  4.747592249359958e-01,  3.415835883704982e-01
  3.362769000000000e+00, -6.045748961933103e-01,  7.564959431382468e-02, -6.698099218817519e-03,  6.743826863653866e-01, -2.233157994558497e-01, -6.698099222265185e-03,  4.510535585792335e-01, -1.546573199069863e-01,  1.269429343667413e-01,  5.103600623341580e-01,  5.006496372458445e-01,  4.758178027556825e-01,  3.418251724948558e-01
  3.366936000000000e+00, -6.044696427073699e-01,  7.599453470551221e-02, -6.565180325232589e-03,  6.743650511807201e-01, -2.233528695172784e-01, -6.565180328631679e-03,  4.526926012585406e-01, -1.538085951836600e-01,  1.271422615068540e-01,  5.089957169996300e-01,  5.009237179850424e-01,  4.769744286057147e-01,  3.420811386526200e-01
  3.371103000000000e+00, -6.043901870894399e-01,  7.628128707136272e-02, -6.454332161994859e-03,  6.743496359816183e-01, -2.233840794804438e-01, -6.454332165417923e-03,  4.540573050374093e-01, -1.528549806591812e-01,  1.272294865883518e-01,  5.074591636341318e-01,  5.012021986214207e-01,  4.782240285619332e-01,  3.423499867758276e-01
  3.375270000000000e+00, -6.043359594072844e-01,  7.650372831638430e-02, -6.368041230537450e-03,  6.743369726083547e-01, -2.234086520770477e-01, -6.368041234006898e-03,  4.551452912865903e-01, -1.518037119966606e-01,  1.272032723146842e-01,  5.057581698098763e-01,  5.014841246334556e-01,  4.795615003121330e-01,  3.426302444759742e-01
  3.379437000000000e+00, -6.043067362388924e-01,  7.665781677270833e-02, -6.307952426753490e-03,  6.743273931633023e-01, -2.234260816504492e-01, -6.307952430273587e-03,  4.559546720109546e-01, -1.506619843758725e-01,  1.270634791061941e-01,  5.038997433001815e-01,  5.017689492936128e-01,  4.809817532651040e-01,  3.429204926117723e-01
  3.383604000000000e+00, -6.043026159616032e-01,  7.674175106597247e-02, -6.274802535643250e-03,  6.743210214888514e-01, -2.234361524330195e-01, -6.274802539128863e-03,  4.564839902134983e-01, -1.494369697512536e-01,  1.268110668981811e-01,  5.018900421205256e-01,  5.020565648813654e-01,  4.824797373974317e-01,  3.432193831062789e-01
  3.387771000000000e+00, -6.043239656003715e-01,  7.675598051631893e-02, -6.268415353548581e-03,  6.743177786710594e-01, -2.234389372424146e-01, -6.268415357108593e-03,  4.567322165030165e-01, -1.481358439761336e-01,  1.264479503864791e-01,  4.997342950304612e-01,  5.023473270003594e-01,  4.840504593891835e-01,  3.435256483661969e-01
  3.391938000000000e+00, -6.043713531544078e-01,  7.670309873459047e-02, -6.287745673912167e-03,  6.743173985253638e-01, -2.234347811512387e-01, -6.287745677478891e-03,  4.566987931849265e-01, -1.467658107199226e-01,  1.259768320332799e-01,  4.974367315873248e-01,  5.026420765998607e-01,  4.856889852151678e-01,  3.438381018851142e-01
  3.396105000000000e+00, -6.044454764073591e-01,  7.658765176067117e-02, -6.330959205456734e-03,  6.743194494964260e-01, -2.234242745044888e-01, -6.330959209192014e-03,  4.563837154449599e-01, -1.453341135247003e-01,  1.254010331976060e-01,  4.950005226629400e-01,  5.029421624740708e-01,  4.873904290567475e-01,  3.441556299311628e-01
  3.400272000000000e+00, -6.045470956402885e-01,  7.641588779812025e-02, -6.395537033500562e-03,  6.743233602261585e-01, -2.234082189625122e-01, -6.395537037302283e-03,  4.557876394805382e-01, -1.438480330352342e-01,  1.247243385357248e-01,  4.924277335005892e-01,  5.032494649193781e-01,  4.891499287798915e-01,  3.444771743521929e-01
  3.404439000000000e+00, -6.046769743072689e-01,  7.619547005763949e-02, -6.478395374347789e-03,  6.743284468964473e-01, -2.233875894057897e-01, -6.478395378409362e-03,  4.549120084142375e-01, -1.423148711556626e-01,  1.239508637119626e-01,  4.897192923608281e-01,  5.035664199070951e-01,  4.909626085586272e-01,  3.448017065762086e-01
  3.408606000000000e+00, -6.048358285114436e-01,  7.593516841942294e-02, -6.576013731350439e-03,  6.743339412644120e-01, -2.233634936711208e-01, -6.576013735486784e-03,  4.537591884327701e-01, -1.407419267215340e-01,  1.230849514744036e-01,  4.868749789083519e-01,  5.038960426304691e-01,  4.928235298808703e-01,  3.451281931088099e-01
  3.412773000000000e+00, -6.050242831066439e-01,  7.564453956846973e-02, -6.684567093516195e-03,  6.743390190831330e-01, -2.233371312007719e-01, -6.684567097834502e-03,  4.523326087265742e-01, -1.391364690494322e-01,  1.221310955125324e-01,  4.838934367360396e-01,  5.042419492298831e-01,  4.947276328454135e-01,  3.454555531030928e-01
  3.416940000000000e+00, -6.052428301843450e-01,  7.533360029574787e-02, -6.800059955230947e-03,  6.743428291650602e-01, -2.233097509771462e-01, -6.800059959786122e-03,  4.506368983790261e-01, -1.375057167018061e-01,  1.210938865967347e-01,  4.807722130397902e-01,  5.046083757557045e-01,  4.966696699918458e-01,  3.457826088647905e-01
  3.421107000000000e+00, -6.054917855574798e-01,  7.501249646635211e-02, -6.918460940634467e-03,  6.743445234813493e-01, -2.232826088409567e-01, -6.918460945448682e-03,  4.486780126274237e-01, -1.358568278272808e-01,  1.199779736027868e-01,  4.775078265949358e-01,  5.050001935787581e-01,  4.986441350995152e-01,  3.461080306750453e-01
  3.425274000000000e+00, -6.057712407148280e-01,  7.469117058452257e-02, -7.035836748507590e-03,  6.743432884022812e-01, -2.232569244325826e-01, -7.035836753525527e-03,  4.464633411353649e-01, -1.341969052732267e-01,  1.187880323954616e-01,  4.740958641999611e-01,  5.054229203120866e-01,  5.006451897641258e-01,  3.464302781069339e-01
  3.429441000000000e+00, -6.060810104332682e-01,  7.437903325955197e-02, -7.148483278799615e-03,  6.743383766496395e-01, -2.232338384212156e-01, -7.148483284126756e-03,  4.440017912622531e-01, -1.325330160350628e-01,  1.175287363257157e-01,  4.705311047626901e-01,  5.058827254417092e-01,  5.026665909232113e-01,  3.467475406946959e-01
  3.433608000000000e+00, -6.064205783193179e-01,  7.408464783985513e-02, -7.253050347840434e-03,  6.743291389254065e-01, -2.232143712718757e-01, -7.253050353396916e-03,  4.413038394318671e-01, -1.308722221165998e-01,  1.162047234009484e-01,  4.668076677681636e-01,  5.063864305728497e-01,  5.047016224842045e-01,  3.470576810300420e-01
  3.437775000000000e+00, -6.067890436733516e-01,  7.381544212016222e-02, -7.346654694372642e-03,  6.743150536231211e-01, -2.231993854223127e-01, -7.346654700145460e-03,  4.383815445298356e-01, -1.292216183631000e-01,  1.148205575261890e-01,  4.629191800712708e-01,  5.069415050369728e-01,  5.067430338222452e-01,  3.473581835226584e-01
  3.441942000000000e+00, -6.071850742816912e-01,  7.357746518598240e-02, -7.426974426275094e-03,  6.742957525128283e-01, -2.231895533085797e-01, -7.426974432314352e-03,  4.352485186628665e-01, -1.275883713686807e-01,  1.133806843496231e-01,  4.588589538370779e-01,  5.075560581950419e-01,  5.087829873317831e-01,  3.476461125792215e-01
  3.446109000000000e+00, -6.076068716363587e-01,  7.337521002326719e-02, -7.492317047578780e-03,  6.742710398670014e-01, -2.231853340810526e-01, -7.492317053698736e-03,  4.319198512487628e-01, -1.259797524939235e-01,  1.118893857325920e-01,  4.546201687938045e-01,  5.082388298818625e-01,  5.108130165770985e-01,  3.479180840266642e-01
  3.450276000000000e+00, -6.080521567333504e-01,  7.321152244156304e-02, -7.541653166050776e-03,  6.742409023452430e-01, -2.231869619181486e-01, -7.541653172115975e-03,  4.284119822542072e-01, -1.244031582153701e-01,  1.103507404838519e-01,  4.501960526542994e-01,  5.089991796968938e-01,  5.128239960453671e-01,  3.481702524066086e-01
  3.454443000000000e+00, -6.085181844578538e-01,  7.308761244495621e-02, -7.574609625813649e-03,  6.742055073748168e-01, -2.231944482922490e-01, -7.574609631837801e-03,  4.247425217193330e-01, -1.228661119955241e-01,  1.087686018897187e-01,  4.455800552910600e-01,  5.098470742383066e-01,  5.148061230588263e-01,  3.483983149298305e-01
  3.458610000000000e+00, -6.090017915923739e-01,  7.300317320921845e-02, -7.591420063891375e-03,  6.741651890283592e-01, -2.232075990473155e-01, -7.591420069755940e-03,  4.209300169866310e-01, -1.213762431462851e-01,  1.071466021787279e-01,  4.407660156878739e-01,  5.107930693327544e-01,  5.167489120744393e-01,  3.485975314681508e-01
  3.462777000000000e+00, -6.094994782285658e-01,  7.295659669119292e-02, -7.592837216201196e-03,  6.741204223272517e-01, -2.232260449144154e-01, -7.592837221859956e-03,  4.169936744602103e-01, -1.199412405464273e-01,  1.054881894523600e-01,  4.357483240202487e-01,  5.118482823924114e-01,  5.186412014981534e-01,  3.487627591162069e-01
  3.466944000000000e+00, -6.100075166183306e-01,  7.294525918357819e-02, -7.580017500851566e-03,  6.740717888269753e-01, -2.232492818886507e-01, -7.580017506241606e-03,  4.129530470119576e-01, -1.185687828915622e-01,  1.037966965110453e-01,  4.305220826980825e-01,  5.130243485701129e-01,  5.204711731292653e-01,  3.488884993307980e-01
  3.471111000000000e+00, -6.105220770436950e-01,  7.296583939159818e-02, -7.554392672303583e-03,  6.740199377066566e-01, -2.232767163641558e-01, -7.554392677373885e-03,  4.088277014782211e-01, -1.172664509180508e-01,  1.020754360673037e-01,  4.250832707870852e-01,  5.143333533989999e-01,  5.222263842223316e-01,  3.489689557631455e-01
  3.475278000000000e+00, -6.110393583019412e-01,  7.301462744866938e-02, -7.517545026372658e-03,  6.739655471257077e-01, -2.233077093279359e-01, -7.517545030995218e-03,  4.046368827673221e-01, -1.160416289508370e-01,  1.003278127336669e-01,  4.194289166241065e-01,  5.157877345627444e-01,  5.238938121822296e-01,  3.489981017928706e-01
  3.479445000000000e+00, -6.115557109771468e-01,  7.308778636952207e-02, -7.471101470217154e-03,  6.739092902717749e-01, -2.233416143258098e-01, -7.471101474363197e-03,  4.003991898764023e-01, -1.149014033389650e-01,  9.855743786373374e-02,  4.135572821808306e-01,  5.174001474976935e-01,  5.254599124055694e-01,  3.489697573514369e-01
  3.483612000000000e+00, -6.120677450563284e-01,  7.318154019743184e-02, -7.416656743289475e-03,  6.738518090954494e-01, -2.233778056486480e-01, -7.416656747061779e-03,  3.961322758801689e-01, -1.138524641888027e-01,  9.676823399662304e-02,  4.074680588513106e-01,  5.191832939572938e-01,  5.269106905886427e-01,  3.488776740315402e-01
  3.487779000000000e+00, -6.125724188599316e-01,  7.329228383145181e-02, -7.355727834683966e-03,  6.737936964506155e-01, -2.234156959896838e-01, -7.355727838125273e-03,  3.918525828135575e-01, -1.129010138068013e-01,  9.496452502066320e-02,  4.011625695416364e-01,  5.211497178365118e-01,  5.282317917094668e-01,  3.487156267421039e-01
  3.491946000000000e+00, -6.130671090779147e-01,  7.341662604162691e-02, -7.289735108478499e-03,  6.737354856945635e-01, -2.234547449834012e-01, -7.289735111585437e-03,  3.875751213445837e-01, -1.120526826766569e-01,  9.315111397751857e-02,  3.946439687208737e-01,  5.233115762517415e-01,  5.294086086865883e-01,  3.484775101880376e-01
  3.496113000000000e+00, -6.135496605544538e-01,  7.355138299387831e-02, -7.220003428522487e-03,  6.736776464202344e-01, -2.234944606922304e-01, -7.220003431290378e-03,  3.833132995718620e-01, -1.113124534927938e-01,  9.133334489842941e-02,  3.879174304596756e-01,  5.256803955602216e-01,  5.304264139942614e-01,  3.481574385778957e-01
  3.500280000000000e+00, -6.140184147349396e-01,  7.369354258644778e-02, -7.147775386333135e-03,  6.736205847217482e-01, -2.235343964841980e-01, -7.147775388756214e-03,  3.790787980602031e-01, -1.106845928320655e-01,  8.951714108949128e-02,  3.809903128116770e-01,  5.282668227660228e-01,  5.312705170179219e-01,  3.477498469247422e-01
  3.504447000000000e+00, -6.144722187260764e-01,  7.384022218168340e-02, -7.074227704096710e-03,  6.735646459213073e-01, -2.235741461680403e-01, -7.074227706356652e-03,  3.748814844701844e-01, -1.101725871424082e-01,  8.770901593462926e-02,  3.738722862661498e-01,  5.310803830544429e-01,  5.319264488091164e-01,  3.472495926951847e-01
  3.508614000000000e+00, -6.149081345560409e-01,  7.398781388996678e-02, -7.000887992833136e-03,  6.735104061187676e-01, -2.236131293829804e-01, -7.000887999588834e-03,  3.707294174178664e-01, -1.097796409705930e-01,  8.591450289321666e-02,  3.665762986634513e-01,  5.341293325139548e-01,  5.323805555447709e-01,  3.466520046642866e-01
  3.512781000000000e+00, -6.153305725107231e-01,  7.413532367559506e-02, -6.928000025817667e-03,  6.734575160875871e-01, -2.236514383271488e-01, -6.928000030545126e-03,  3.666285666629443e-01, -1.095064420985611e-01,  8.414437158362395e-02,  3.591150757172243e-01,  5.374200801225039e-01,  5.326187238641751e-01,  3.459531856387633e-01
  3.516948000000000e+00, -6.157374956334958e-01,  7.427924302959599e-02, -6.857025716191865e-03,  6.734064552079756e-01, -2.236885480369222e-01, -6.857025719381522e-03,  3.625832450851032e-01, -1.093542066461867e-01,  8.240504993735916e-02,  3.515063939509387e-01,  5.409576560241216e-01,  5.326288974156945e-01,  3.451498198014181e-01
  3.521115000000000e+00, -6.161295830050740e-01,  7.441706363947276e-02, -6.788940185535620e-03,  6.733573577653058e-01, -2.237241862332242e-01, -6.788940187498044e-03,  3.585958099034463e-01, -1.093226085802148e-01,  8.070491200705783e-02,  3.437694512095152e-01,  5.447450798954956e-01,  5.323998638284535e-01,  3.442394544633066e-01
  3.525282000000000e+00, -6.165078767607627e-01,  7.454641188603195e-02, -6.724654421070786e-03,  6.733103116396695e-01, -2.237581143709781e-01, -6.724654422143927e-03,  3.546668018831314e-01, -1.094101721957696e-01,  7.905252352671299e-02,  3.359255994972893e-01,  5.487833752859237e-01,  5.319219205769183e-01,  3.432205467278009e-01
  3.529449000000000e+00, -6.168737329217617e-01,  7.466508556619300e-02, -6.665002002482929e-03,  6.732653602892975e-01, -2.237901297169276e-01, -6.665002002749451e-03,  3.507950170023650e-01, -1.096141916069869e-01,  7.745648827271127e-02,  3.279981288711642e-01,  5.530714748400043e-01,  5.311871740337226e-01,  3.420925475893265e-01
  3.533616000000000e+00, -6.172287688863344e-01,  7.477109489681966e-02, -6.610724201123579e-03,  6.732225047084105e-01, -2.238200678065914e-01, -6.610724200770897e-03,  3.469776018056598e-01, -1.099306568301583e-01,  7.592528382195400e-02,  3.200119929845649e-01,  5.576061488235327e-01,  5.301898339922877e-01,  3.408559758957552e-01
  3.537783000000000e+00, -6.175748071378282e-01,  7.486270573917020e-02, -6.562454304254575e-03,  6.731817055637627e-01, -2.238478050051063e-01, -6.562454303459433e-03,  3.432101712967235e-01, -1.103541934807163e-01,  7.446709231435460e-02,  3.119934803503936e-01,  5.623819549262529e-01,  5.289264936301725e-01,  3.395124786260096e-01
  3.541950000000000e+00, -6.179138127574410e-01,  7.493848051025731e-02, -6.520703071759857e-03,  6.731428861012050e-01, -2.238732605015830e-01, -6.520703070585047e-03,  3.394869471216357e-01, -1.108780254033434e-01,  7.308962814020269e-02,  3.039698380102187e-01,  5.673912064330552e-01,  5.273963847819010e-01,  3.380648746183025e-01
  3.546117000000000e+00, -6.182478227988476e-01,  7.499731245883012e-02, -6.485847136381327e-03,  6.731059363487374e-01, -2.238963971152836e-01, -6.485847134840730e-03,  3.358009128009538e-01, -1.114939706699204e-01,  7.179996501757709e-02,  2.959688577996308e-01,  5.726239547712276e-01,  5.256015981518551e-01,  3.365171796265073e-01
  3.550284000000000e+00, -6.185788686949584e-01,  7.503845261794462e-02, -6.458120608772867e-03,  6.730707185470337e-01, -2.239172208844706e-01, -6.458120607002169e-03,  3.321439824696730e-01, -1.121924800367440e-01,  7.060437056903592e-02,  2.880184379112691e-01,  5.780679826974398e-01,  5.235472576648847e-01,  3.348746105856644e-01
  3.554451000000000e+00, -6.189088959893574e-01,  7.506153097513035e-02, -6.437609144476567e-03,  6.730370732599574e-01, -2.239357798316688e-01, -6.437609142545014e-03,  3.285071799139947e-01, -1.129627230057296e-01,  6.950816058167521e-02,  2.801461338600880e-01,  5.837088069682921e-01,  5.212416380035894e-01,  3.331435666691318e-01
  3.558618000000000e+00, -6.192396872381836e-01,  7.506657327669108e-02, -6.424245720885919e-03,  6.730048254818769e-01, -2.239521623555383e-01, -6.424245718725683e-03,  3.248808248759729e-01, -1.137927212646681e-01,  6.851558376546629e-02,  2.723787139631325e-01,  5.895296934700442e-01,  5.186962153924108e-01,  3.313315846498519e-01
  3.562785000000000e+00, -6.195727937683337e-01,  7.505401487939123e-02, -6.417807368718075e-03,  6.729737900781395e-01, -2.239664956927576e-01, -6.417807366469176e-03,  3.212547231154297e-01, -1.146695256332608e-01,  6.762974358456358e-02,  2.647417346007302e-01,  5.955116907819411e-01,  5.159256442538442e-01,  3.294472665524797e-01
  3.566952000000000e+00, -6.199094802271324e-01,  7.502471238902220e-02, -6.417912426231709e-03,  6.729437761215642e-01, -2.239789447256311e-01, -6.417912423792559e-03,  3.176183566951567e-01, -1.155794318295634e-01,  6.685255997099131e-02,  2.572591488857728e-01,  6.016336884750807e-01,  5.129476556457848e-01,  3.275001792440712e-01
  3.571119000000000e+00, -6.202506834794340e-01,  7.497995103337929e-02, -6.424019070688717e-03,  6.729145901454270e-01, -2.239897109570617e-01, -6.424019068130908e-03,  3.139610723470403e-01, -1.165082294370270e-01,  6.618477084588727e-02,  2.499529597786933e-01,  6.078725060798563e-01,  5.097828763852168e-01,  3.255007281244871e-01
  3.575286000000000e+00, -6.205969856999026e-01,  7.492144268882694e-02, -6.435427144142991e-03,  6.728860387444990e-01, -2.239990310238520e-01, -6.435427141606969e-03,  3.102722670914413e-01, -1.174414756755738e-01,  6.562597003672578e-02,  2.428429267840378e-01,  6.142030195224972e-01,  5.064545706629100e-01,  3.234600087969168e-01
  3.579453000000000e+00, -6.209486006711655e-01,  7.485130864015566e-02, -6.451285645762293e-03,  6.728579311074533e-01, -2.240071739759553e-01, -6.451285643129247e-03,  3.065415697037510e-01, -1.183647831627899e-01,  6.517467481571013e-02,  2.359463335208676e-01,  6.205983321242483e-01,  5.029883089685185e-01,  3.213896412842565e-01
  3.583620000000000e+00, -6.213053720116798e-01,  7.477204307775009e-02, -6.470607503466666e-03,  6.728300819407611e-01, -2.240144367728059e-01, -6.470607500875798e-03,  3.027590150874466e-01, -1.192641102541879e-01,  6.482841531454858e-02,  2.292778205103162e-01,  6.270299950156835e-01,  4.994115719839840e-01,  3.193015919070206e-01
  3.587787000000000e+00, -6.216667825684320e-01,  7.468645705391164e-02, -6.492291734937670e-03,  6.728023148970530e-01, -2.240211379246546e-01, -6.492291732406758e-03,  2.989152084817710e-01, -1.201260421144008e-01,  6.458383991491221e-02,  2.228492844951631e-01,  6.334682783761350e-01,  4.957533001606564e-01,  3.172079881464617e-01
  3.591954000000000e+00, -6.220319755453686e-01,  7.459760645174618e-02, -6.515151534029215e-03,  6.727744661865416e-01, -2.240276097396086e-01, -6.515151531490144e-03,  2.950014776757470e-01, -1.209380493852023e-01,  6.443683325990261e-02,  2.166698434098309e-01,  6.398824918442634e-01,  4.920434028606380e-01,  3.151209318734701e-01
  3.596121000000000e+00, -6.223997888428003e-01,  7.450870979298863e-02, -6.537945889361876e-03,  6.727463877782488e-01, -2.240341899555149e-01, -6.537945886831656e-03,  2.910100116467651e-01, -1.216887110752531e-01,  6.438264465037123e-02,  2.107458639979742e-01,  6.462413498930213e-01,  4.883122425744766e-01,  3.130523165902894e-01
  3.600288000000000e+00, -6.227688028739777e-01,  7.442306120434328e-02, -6.559412591681219e-03,  6.727179497518249e-01, -2.240412134172922e-01, -6.559412589243909e-03,  2.869339826671156e-01, -1.223678911017149e-01,  6.441602302986406e-02,  2.050810467807415e-01,  6.525133757363232e-01,  4.845901097718208e-01,  3.110136537307151e-01
  3.604455000000000e+00, -6.231373992257211e-01,  7.434394145076495e-02, -6.578301557650651e-03,  6.726890418280254e-01, -2.240490040261165e-01, -6.578301555254093e-03,  2.827676481701487e-01, -1.229668626522195e-01,  6.453135179440384e-02,  1.996765615698789e-01,  6.586673350248725e-01,  4.809067044274284e-01,  3.090159116136600e-01
  3.608622000000000e+00, -6.235038256132917e-01,  7.427452859991224e-02, -6.593408008413014e-03,  6.726595743912763e-01, -2.240578669341546e-01, -6.593408006005109e-03,  2.785064299890350e-01, -1.234783781754988e-01,  6.472277584562762e-02,  1.945312259780076e-01,  6.646726882434140e-01,  4.772906404171477e-01,  3.070693700683629e-01
  3.612789000000000e+00, -6.238662628884102e-01,  7.421781091460122e-02, -6.603604632039579e-03,  6.726294791966050e-01, -2.240680810990983e-01, -6.603604629719454e-03,  2.741469705020316e-01, -1.238966846957295e-01,  6.498431602040848e-02,  1.896417183778171e-01,  6.705000488471201e-01,  4.737689864939583e-01,  3.051834941477127e-01
  3.616956000000000e+00, -6.242228912632614e-01,  7.417650633900519e-02, -6.607871115183777e-03,  6.725987096688290e-01, -2.240798925965810e-01, -6.607871112781142e-03,  2.696871657649385e-01, -1.242174860374524e-01,  6.530996991884054e-02,  1.850028160359533e-01,  6.761216334617249e-01,  4.703668539320702e-01,  3.033668294886207e-01
  3.621123000000000e+00, -6.245719541657963e-01,  7.415299334251535e-02, -6.605319234093682e-03,  6.725672405438180e-01, -2.240935091966645e-01, -6.605319231538846e-03,  2.651261754341561e-01, -1.244378556204015e-01,  6.569380015313234e-02,  1.806076498850869e-01,  6.815116918704303e-01,  4.671070387945084e-01,  3.016269189412986e-01
  3.625290000000000e+00, -6.249118180805353e-01,  7.414925616110035e-02, -6.595212385559053e-03,  6.725350667442178e-01, -2.241090964983345e-01, -6.595212382882464e-03,  2.604644097762394e-01, -1.245561052321232e-01,  6.613001041614062e-02,  1.764479686310678e-01,  6.866469066665674e-01,  4.640097260228440e-01,  2.999702378100810e-01
  3.629457000000000e+00, -6.252410254225391e-01,  7.416684526035411e-02, -6.576979361915619e-03,  6.725022016848946e-01, -2.241267755836203e-01, -6.576979359045924e-03,  2.557034947564492e-01, -1.245716173527357e-01,  6.661300866808606e-02,  1.725144051753139e-01,  6.915067527722758e-01,  4.610922615816118e-01,  2.984021454401437e-01
  3.633624000000000e+00, -6.255583372973622e-01,  7.420685336346367e-02, -6.550222362742254e-03,  6.724686752625972e-01, -2.241466220864152e-01, -6.550222359674391e-03,  2.508462162055252e-01, -1.244846508741539e-01,  6.713745727256860e-02,  1.687967379422139e-01,  6.960738061441293e-01,  4.583689967604156e-01,  2.969268525553198e-01
  3.637791000000000e+00, -6.258627646363512e-01,  7.426990756927054e-02, -6.514719101454828e-03,  6.724345316165665e-01, -2.241686666713907e-01, -6.514719098114618e-03,  2.458964447602585e-01, -1.242961309520933e-01,  6.769831125015807e-02,  1.652841394923828e-01,  7.003339908543366e-01,  4.558512063055602e-01,  2.955474053567365e-01
  3.641958000000000e+00, -6.261535878967809e-01,  7.435617695107366e-02, -6.470419244835220e-03,  6.723998266812380e-01, -2.241928968596283e-01, -6.470419241214764e-03,  2.408590451114025e-01, -1.240074334079442e-01,  6.829084623700594e-02,  1.619654054431696e-01,  7.042767545179816e-01,  4.535470804841277e-01,  2.942656883015538e-01
  3.646125000000000e+00, -6.264303667997027e-01,  7.446539396993401e-02, -6.417435790219225e-03,  6.723646255216026e-01, -2.242192600695365e-01, -6.417435786136373e-03,  2.357397738467391e-01, -1.236201743156874e-01,  6.891067761133034e-02,  1.588291585908746e-01,  7.078951631753970e-01,  4.514617899878610e-01,  2.930824467634365e-01
  3.650292000000000e+00, -6.266929424235641e-01,  7.459688816597754e-02, -6.356031894707792e-03,  6.723289993571133e-01, -2.242476677965923e-01, -6.356031890306019e-03,  2.305451690179128e-01, -1.231360165268303e-01,  6.955377226053040e-02,  1.558640253603438e-01,  7.111859082737377e-01,  4.495976205979155e-01,  2.919973292078263e-01
  3.654459000000000e+00, -6.269414334795612e-01,  7.474963006215907e-02, -6.286603890719239e-03,  6.722930222753252e-01, -2.242780007671934e-01, -6.286603885933309e-03,  2.252824338330657e-01, -1.225565045707788e-01,  7.021645393185562e-02,  1.530587831215997e-01,  7.141492214709712e-01,  4.479541714821398e-01,  2.910089479669984e-01
  3.658626000000000e+00, -6.271762273824876e-01,  7.492228171582016e-02, -6.209661855729637e-03,  6.722567678758982e-01, -2.243101146611739e-01, -6.209661850401673e-03,  2.199593176427168e-01, -1.218829358229406e-01,  7.089540212422579e-02,  1.504024778505139e-01,  7.167886987281237e-01,  4.465286075845283e-01,  2.901149581351066e-01
  3.662793000000000e+00, -6.273979667058142e-01,  7.511325035510330e-02, -6.125809106434573e-03,  6.722203060902234e-01, -2.243438459967479e-01, -6.125809100725573e-03,  2.145839974927064e-01, -1.211162704417665e-01,  7.158764435892191e-02,  1.478845128600068e-01,  7.191110426556273e-01,  4.453159536522429e-01,  2.893121539796009e-01
