Main.Studies.MarkerTracking.t,Main.Studies.MarkerTracking.JointAngleOutputs.OutputFile1.PelvisPosX,Main.Studies.MarkerTracking.JointAngleOutputs.OutputFile1.PelvisPosY,Main.Studies.MarkerTracking.JointAngleOutputs.OutputFile1.PelvisPosZ,Main.Studies.MarkerTracking.JointAngleOutputs.OutputFile1.PelvisRotX,Main.Studies.MarkerTracking.JointAngleOutputs.OutputFile1.PelvisRotY,Main.Studies.MarkerTracking.JointAngleOutputs.OutputFile1.PelvisRotZ,Main.Studies.MarkerTracking.JointAngleOutputs.OutputFile1.PelvisThoraxExtension,Main.Studies.MarkerTracking.JointAngleOutputs.OutputFile1.PelvisThoraxLateralBending,Main.Studies.MarkerTracking.JointAngleOutputs.OutputFile1.PelvisThoraxRotation,Main.Studies.MarkerTracking.JointAngleOutputs.OutputFile1.SkullThoraxFlexion,Main.Studies.MarkerTracking.JointAngleOutputs.OutputFile1.SkullThoraxLateralBending,Main.Studies.MarkerTracking.JointAngleOutputs.OutputFile1.SkullThoraxRotation
 2.791890000000000e+000, 2.445813808588531e+000, 1.061349906537451e+000,-3.379199012840808e+000,-1.434330283554137e-002, 1.248506500160870e+000,-8.496116728714784e-003,-5.207880401290450e-002, 3.011574775994068e-002, 3.866785085901057e-001,-2.109459490966718e-001, 1.277300060413614e-001,-1.961301525207897e-001
 2.796057000000000e+000, 2.445857788575914e+000, 1.060202101593155e+000,-3.385385317505535e+000,-1.526227809550348e-002, 1.246302271570517e+000,-8.162975098075115e-003,-5.198883799113883e-002, 3.022729280180230e-002, 3.893578755968872e-001,-2.114644310308884e-001, 1.284077903249303e-001,-1.988499142353436e-001
 2.800224000000000e+000, 2.445871766689868e+000, 1.059060024357388e+000,-3.391601100890790e+000,-1.613608223439309e-002, 1.244148505337531e+000,-7.921103620243725e-003,-5.188920537081020e-002, 3.017060772895014e-002, 3.920001355248926e-001,-2.120401502652246e-001, 1.290416308488483e-001,-2.015356548461219e-001
 2.804391000000000e+000, 2.445855802140075e+000, 1.057926503571399e+000,-3.397847248836874e+000,-1.695053493738096e-002, 1.242027928904979e+000,-7.764723892795420e-003,-5.178666164088838e-002, 2.993402677762116e-002, 3.946227388294480e-001,-2.126835839410708e-001, 1.296313114770570e-001,-2.041841953161182e-001
 2.808558000000000e+000, 2.445809902968214e+000, 1.056804414743261e+000,-3.404124287728356e+000,-1.768975974679628e-002, 1.239924721247260e+000,-7.685801627269944e-003,-5.168837869006578e-002, 2.950741863553381e-002, 3.972416015444090e-001,-2.134040940700567e-001, 1.301775416490002e-001,-2.067923180977860e-001
 2.812725000000000e+000, 2.445734018627586e+000, 1.055696397466831e+000,-3.410433123862916e+000,-1.834026473849526e-002, 1.237824552526655e+000,-7.677622047525077e-003,-5.160040065166307e-002, 2.888260403551577e-002, 3.998711244552050e-001,-2.142094876829283e-001, 1.306820061388331e-001,-2.093571658432390e-001
 2.816892000000000e+000, 2.445628051641680e+000, 1.054604981191895e+000,-3.416774060654960e+000,-1.889149634898353e-002, 1.235715468811086e+000,-7.735201896335468e-003,-5.152739565374555e-002, 2.805368659608728e-002, 4.025231898160713e-001,-2.151057280307920e-001, 1.311472015846812e-001,-2.118759037643620e-001
 2.821059000000000e+000, 2.445491828039498e+000, 1.053532114959029e+000,-3.423149360559926e+000,-1.933635214746654e-002, 1.233587341150286e+000,-7.855396438727520e-003,-5.147250263991254e-002, 2.701688206481198e-002, 4.052078910578522e-001,-2.160971872345163e-001, 1.315765137157270e-001,-2.143467949624457e-001
 2.825226000000000e+000, 2.445325163354624e+000, 1.052479706064039e+000,-3.429560050592350e+000,-1.967089809777979e-002, 1.231433085506144e+000,-8.036732836194939e-003,-5.143735713260839e-002, 2.577099870438511e-002, 4.079319985920769e-001,-2.171861475976034e-001, 1.319738488195218e-001,-2.167679750658815e-001
 2.829393000000000e+000, 2.445127907799737e+000, 1.051449628086673e+000,-3.436006653145988e+000,-1.988936677432203e-002, 1.229248337844776e+000,-8.274835867771823e-003,-5.142424846192122e-002, 2.431672605186261e-002, 4.106993148494374e-001,-2.183737294094296e-001, 1.323437717490962e-001,-2.191377703824866e-001
 2.833560000000000e+000, 2.444899845585274e+000, 1.050443014695372e+000,-3.442489691830531e+000,-2.000373975057952e-002, 1.227032300162146e+000,-8.579102456056252e-003,-5.142783435231725e-002, 2.265963574260363e-002, 4.135097768815024e-001,-2.196564244311190e-001, 1.326906368805259e-001,-2.214551893462137e-001
 2.837727000000000e+000, 2.444640850193938e+000, 1.049461254069954e+000,-3.449009213222766e+000,-2.001402074493772e-002, 1.224786887410161e+000,-8.947122418864507e-003,-5.144770549544258e-002, 2.080559348629480e-002, 4.163603281337308e-001,-2.210312802752648e-001, 1.330194761122820e-001,-2.237194127282607e-001
 2.841894000000000e+000, 2.444350674589895e+000, 1.048505064351890e+000,-3.455567034098172e+000,-1.992725929676263e-002, 1.222517081702173e+000,-9.381193628591949e-003,-5.148039349742801e-002, 1.876295009561479e-002, 4.192447045469909e-001,-2.224930723901347e-001, 1.333352892457404e-001,-2.259308230989428e-001
 2.846061000000000e+000, 2.444029061944484e+000, 1.047575136244713e+000,-3.462163623375462e+000,-1.975234906565379e-002, 1.220232151622554e+000,-9.883796530940237e-003,-5.152156568659044e-002, 1.654239993102075e-002, 4.221519417837650e-001,-2.240346306404005e-001, 1.336429079448939e-001,-2.280898427138118e-001
 2.850228000000000e+000, 2.443675713397286e+000, 1.046672063987679e+000,-3.468798551927825e+000,-1.949970492017583e-002, 1.217945847128235e+000,-1.045736930788461e-002,-5.156622304615971e-002, 1.415669565543094e-002, 4.250662330922571e-001,-2.256470394725567e-001, 1.339469162015614e-001,-2.301971226434987e-001
 2.854395000000000e+000, 2.443290238061971e+000, 1.045796286153868e+000,-3.475471001109334e+000,-1.918087604211916e-002, 1.215676492351052e+000,-1.110415390964548e-002,-5.160892368555962e-002, 1.162021140878760e-002, 4.279669133498667e-001,-2.273199220793621e-001, 1.342515916612455e-001,-2.322537103595807e-001
 2.858562000000000e+000, 2.442871984470639e+000, 1.044947839567174e+000,-3.482181940558585e+000,-1.880800942565266e-002, 1.213446400178170e+000,-1.182629591380446e-002,-5.164403078877226e-002, 8.947717933265703e-003, 4.308292919210495e-001,-2.290422102494117e-001, 1.345609557754206e-001,-2.342616708414887e-001
 2.862729000000000e+000, 2.442420193684261e+000, 1.044126824520406e+000,-3.488930911308031e+000,-1.839358236903309e-002, 1.211282944736764e+000,-1.262545008679251e-002,-5.166593041333187e-002, 6.155209903879102e-003, 4.336233237323688e-001,-2.308015596276926e-001, 1.348786189866870e-001,-2.362230457730522e-001
 2.866896000000000e+000, 2.441933981288473e+000, 1.043333358607205e+000,-3.495716514008830e+000,-1.795000840298172e-002, 1.209218052812995e+000,-1.350270718555102e-002,-5.166928515990187e-002, 3.259423590574153e-003, 4.363142219554667e-001,-2.325846681199720e-001, 1.352078281996105e-001,-2.381400071875768e-001
 2.871063000000000e+000, 2.441412281456457e+000, 1.042567488254515e+000,-3.502537459930628e+000,-1.748918681492234e-002, 1.207287208180270e+000,-1.445866233492211e-002,-5.164928024673286e-002, 2.770371310315779e-004, 4.388636148905247e-001,-2.343777791930315e-001, 1.355515739522839e-001,-2.400151307955184e-001
 2.875230000000000e+000, 2.440853966540983e+000, 1.041829363230497e+000,-3.509391450625512e+000,-1.702220209230274e-002, 1.205528739865386e+000,-1.549322489772654e-002,-5.160185667707539e-002,-2.775208136382592e-003, 4.412302205183099e-001,-2.361666289139628e-001, 1.359126182243247e-001,-2.418510450757618e-001
 2.879397000000000e+000, 2.440257677895721e+000, 1.041118965349360e+000,-3.516277888131535e+000,-1.655958700611992e-002, 1.203981890220696e+000,-1.660666179691474e-002,-5.152339862547754e-002,-5.881994831329271e-003, 4.433720782946469e-001,-2.379369572677280e-001, 1.362934003508630e-001,-2.436510889882474e-001
 2.883564000000000e+000, 2.439622190832537e+000, 1.040436643942113e+000,-3.523194729070006e+000,-1.610786420465761e-002, 1.202685307495658e+000,-1.779624614436887e-002,-5.141300064351865e-002,-9.028544851429609e-003, 4.452478292317803e-001,-2.396756376476737e-001, 1.366973117482927e-001,-2.454185204362082e-001
 2.887731000000000e+000, 2.438946476653318e+000, 1.039782914557444e+000,-3.530138784635531e+000,-1.567431297014982e-002, 1.201675822184696e+000,-1.906041314680424e-002,-5.126954368489859e-002,-1.220053468392611e-002, 4.468180114441909e-001,-2.413684550299449e-001, 1.371268624997244e-001,-2.471564546171416e-001
 2.891898000000000e+000, 2.438229758563983e+000, 1.039158523765513e+000,-3.537106934620666e+000,-1.526312264746814e-002, 1.200985448039950e+000,-2.039580235931491e-002,-5.109390493843292e-002,-1.538501500108599e-002, 4.480482039631139e-001,-2.430023380361295e-001, 1.375850927498397e-001,-2.488682366942226e-001
 2.896065000000000e+000, 2.437471756117538e+000, 1.038564566599676e+000,-3.544094958865111e+000,-1.487615541634601e-002, 1.200639722857185e+000,-2.179753938571687e-002,-5.088853720906434e-002,-1.856978996578157e-002, 4.489106087380478e-001,-2.445648889903234e-001, 1.380752407278575e-001,-2.505571040551021e-001
 2.900232000000000e+000, 2.436672509542908e+000, 1.038002288038458e+000,-3.551100319789426e+000,-1.451270117978676e-002, 1.200655964813449e+000,-2.325953179406350e-002,-5.065740057781891e-002,-2.174455531820823e-002, 4.493859975718640e-001,-2.460451882356770e-001, 1.386009546557278e-001,-2.522268324368238e-001
 2.904399000000000e+000, 2.435832819126609e+000, 1.037473383731378e+000,-3.558119014460756e+000,-1.416970100756866e-002, 1.201042418185656e+000,-2.477361440936427e-002,-5.040598476217979e-002,-2.489922008408871e-002, 4.494643084205234e-001,-2.474331935778069e-001, 1.391660575739087e-001,-2.538809458218310e-001
 2.908566000000000e+000, 2.434954323107756e+000, 1.036979959093888e+000,-3.565145849060499e+000,-1.384192028974435e-002, 1.201797486310654e+000,-2.632940498592278e-002,-5.014116358487285e-002,-2.802372315939287e-002, 4.491454224357501e-001,-2.487199245999528e-001, 1.397744728637017e-001,-2.555227748876205e-001
 2.912733000000000e+000, 2.434039460626442e+000, 1.036524442589115e+000,-3.572175214255371e+000,-1.352228407297903e-002, 1.202909807855522e+000,-2.791442114489560e-002,-4.987092237048195e-002,-3.110802260616142e-002, 4.484391139667339e-001,-2.498976443510168e-001, 1.404301573350991e-001,-2.571556162249072e-001
 2.916900000000000e+000, 2.433091157875646e+000, 1.036109416412390e+000,-3.579203384995576e+000,-1.320230036062837e-002, 1.204359562098543e+000,-2.951471134634521e-002,-4.960394006667511e-002,-3.414270225068455e-002, 4.473638270271168e-001,-2.509601211336254e-001, 1.411371844989254e-001,-2.587832287277082e-001
 2.921067000000000e+000, 2.432113168691305e+000, 1.035737779859595e+000,-3.586225485418113e+000,-1.287280816579257e-002, 1.206119447327678e+000,-3.111439445367280e-002,-4.934933636129543e-002,-3.711724993732325e-002, 4.459454681530415e-001,-2.519019274565056e-001, 1.418993120349866e-001,-2.604090882679286e-001
 2.925234000000000e+000, 2.431109969787363e+000, 1.035412641284763e+000,-3.593235843529685e+000,-1.252459906994648e-002, 1.208156242609667e+000,-3.269604617842494e-002,-4.911626926707105e-002,-4.001992748226690e-002, 4.442158450424861e-001,-2.527183781396082e-001, 1.427198021137331e-001,-2.620364243509645e-001
 2.929401000000000e+000, 2.430086457752872e+000, 1.035137168553835e+000,-3.600229401374285e+000,-1.214894555428868e-002, 1.210433041992662e+000,-3.424139928447344e-002,-4.891351447977532e-002,-4.283815473404933e-002, 4.422104707701761e-001,-2.534055239641576e-001, 1.436013824321172e-001,-2.636684854791189e-001
 2.933568000000000e+000, 2.429047969117439e+000, 1.034914557754710e+000,-3.607200643395387e+000,-1.173812734030439e-002, 1.212910872596220e+000,-3.573150655927439e-002,-4.874918352434911e-002,-4.555799068747872e-002, 4.399668744282118e-001,-2.539598320485589e-001, 1.445459335400126e-001,-2.653082168893304e-001
 2.937735000000000e+000, 2.427999703752889e+000, 1.034747869672965e+000,-3.614146428193829e+000,-1.128568205582945e-002, 1.215551478220034e+000,-3.714784891368598e-002,-4.863052837237988e-002,-4.816519266059225e-002, 4.375218761429454e-001,-2.543785151160320e-001, 1.455550688534630e-001,-2.669588960090971e-001
 2.941902000000000e+000, 2.426946993479197e+000, 1.034640054129742e+000,-3.621063072122468e+000,-1.078617108806520e-002, 1.218318110339154e+000,-3.847165970436908e-002,-4.856344908934064e-002,-5.064483684222348e-002, 4.349107143457680e-001,-2.546579529194961e-001, 1.466281689798761e-001,-2.686231882895289e-001
 2.946069000000000e+000, 2.425895088833789e+000, 1.034593864130941e+000,-3.627946581022968e+000,-1.023596469266305e-002, 1.221176616679760e+000,-3.968521298670866e-002,-4.855295630100543e-002,-5.298127433903855e-002, 4.321658945407553e-001,-2.547954193094574e-001, 1.477643148097871e-001,-2.703033899511845e-001
 2.950236000000000e+000, 2.424848777819831e+000, 1.034611767755157e+000,-3.634794034145144e+000,-9.632708647878793e-003, 1.224097333782812e+000,-4.077239985307719e-002,-4.860264123961962e-002,-5.515984734403571e-002, 4.293153567820411e-001,-2.547880047732424e-001, 1.489609632139779e-001,-2.720015175454262e-001
 2.954403000000000e+000, 2.423812410119686e+000, 1.034695919707644e+000,-3.641602416166181e+000,-8.975537708633451e-003, 1.227055444415810e+000,-4.171936066916052e-002,-4.871471502823094e-002,-5.716716007435804e-002, 4.263820753447842e-001,-2.546328921433053e-001, 1.502139841880920e-001,-2.737190166685574e-001
 2.958570000000000e+000, 2.422789385005920e+000, 1.034848167295533e+000,-3.648371229256797e+000,-8.264742755303003e-003, 1.230032615934255e+000,-4.251540615048518e-002,-4.889006406457406e-002,-5.899250771369054e-002, 4.233824265369741e-001,-2.543273245933819e-001, 1.515181165230662e-001,-2.754573913667198e-001
 2.962737000000000e+000, 2.421782520520078e+000, 1.035070010352354e+000,-3.655099601798760e+000,-7.501866437693818e-003, 1.233015862255311e+000,-4.315289629733875e-002,-4.912830100287297e-002,-6.062745688687934e-002, 4.203273168904036e-001,-2.538686712508944e-001, 1.528665061087579e-001,-2.772174686162943e-001
 2.966904000000000e+000, 2.420794020463552e+000, 1.035362527584391e+000,-3.661786274436132e+000,-6.689532949943646e-003, 1.235997282506787e+000,-4.362744085519896e-002,-4.942784557224169e-002,-6.206624031895614e-002, 4.172225143294125e-001,-2.532546000754589e-001, 1.542507900190349e-001,-2.789993673732129e-001
 2.971071000000000e+000, 2.419825293827371e+000, 1.035726385577647e+000,-3.668430890999277e+000,-5.831093327223889e-003, 1.238974131205050e+000,-4.393793597615406e-002,-4.978611608599782e-002,-6.330614373047688e-002, 4.140686297141598e-001,-2.524830950983600e-001, 1.556615471843770e-001,-2.808028334313611e-001
 2.975238000000000e+000, 2.418877191726628e+000, 1.036161762369614e+000,-3.675032747406137e+000,-4.930580010168595e-003, 1.241947566574180e+000,-4.408620387676220e-002,-5.019964459607422e-002,-6.434708062008346e-002, 4.108624688035933e-001,-2.515526740497364e-001, 1.570882971345281e-001,-2.826269135494086e-001
 2.979405000000000e+000, 2.417949741088686e+000, 1.036668505831845e+000,-3.681593221392047e+000,-3.992188018272422e-003, 1.244922939203865e+000,-4.407663434620666e-002,-5.066442183328132e-002,-6.519164340367167e-002, 4.075967313628507e-001,-2.504621309337518e-001, 1.585203178233206e-001,-2.844706471914442e-001
 2.983572000000000e+000, 2.417042644976045e+000, 1.037245982393981e+000,-3.688113013106308e+000,-3.020457642544783e-003, 1.247907705523923e+000,-4.391558822698493e-002,-5.117594175511530e-002,-6.584419566067572e-002, 4.042622462072328e-001,-2.492109612373689e-001, 1.599463533241767e-001,-2.863323427734473e-001
 2.987739000000000e+000, 2.416155406992557e+000, 1.037893021729849e+000,-3.694591939689520e+000,-2.020155864354138e-003, 1.250910469682200e+000,-4.361098171298536e-002,-5.172934976522361e-002,-6.631053079026540e-002, 4.008490459046262e-001,-2.477996070169904e-001, 1.613548552999325e-001,-2.882095350592177e-001
 2.991906000000000e+000, 2.415287318255831e+000, 1.038607976597594e+000,-3.701029733101505e+000,-9.959965826452314e-004, 1.253940518139479e+000,-4.317178739548580e-002,-5.231967787716561e-002,-6.659757414831399e-002, 3.973468724923738e-001,-2.462294585585769e-001, 1.627344392543220e-001,-2.900992474799481e-001
 2.996073000000000e+000, 2.414437307985382e+000, 1.039388978569628e+000,-3.707427881498134e+000, 4.781962097512238e-005, 1.257007957490328e+000,-4.260736384707781e-002,-5.294219480356752e-002,-6.671299359898214e-002, 3.937449245042352e-001,-2.445024113084814e-001, 1.640745096999694e-001,-2.919985941192614e-001
 3.000240000000000e+000, 2.413604373309990e+000, 1.040233706357928e+000,-3.713787055300636e+000, 1.107316973286493e-003, 1.260121888885216e+000,-4.192719375156299e-002,-5.359230907361826e-002,-6.666470207252255e-002, 3.900338715767276e-001,-2.426214749809805e-001, 1.653648689180796e-001,-2.939040861465810e-001
 3.004407000000000e+000, 2.412787651939652e+000, 1.041139345574794e+000,-3.720106947012161e+000, 2.178745780600769e-003, 1.263289783272403e+000,-4.114073093424648e-002,-5.426561108469544e-002,-6.646074858721952e-002, 3.862065463014538e-001,-2.405909548582310e-001, 1.665958186724049e-001,-2.958116238506872e-001
 3.008574000000000e+000, 2.411986280655317e+000, 1.042102785694605e+000,-3.726387660921087e+000, 3.258778768893104e-003, 1.266517780678564e+000,-4.025715545653500e-002,-5.495805015474340e-002,-6.610920079328907e-002, 3.822575233482288e-001,-2.384160782151295e-001, 1.677585132834810e-001,-2.977169614508038e-001
 3.012741000000000e+000, 2.411199567150137e+000, 1.043120478628323e+000,-3.732628595046583e+000, 4.344231984360847e-003, 1.269809900802865e+000,-3.928549808243288e-002,-5.566582487672735e-002,-6.561811279745614e-002, 3.781840166838217e-001,-2.361033518266867e-001, 1.688447665727238e-001,-2.996154160896131e-001
 3.016908000000000e+000, 2.410426711616937e+000, 1.044188844684816e+000,-3.738830787411434e+000, 5.432364372612327e-003, 1.273169194281649e+000,-3.823429693439311e-002,-5.638564415963145e-002,-6.499529578149366e-002, 3.739844110132004e-001,-2.336596548051545e-001, 1.698474385064923e-001,-3.015026198413001e-001
 3.021075000000000e+000, 2.409667114440050e+000, 1.045303933276005e+000,-3.744994575985763e+000, 6.520374459501721e-003, 1.276596557316850e+000,-3.711197458126315e-002,-5.711445429251739e-002,-6.424844715292458e-002, 3.696596883754966e-001,-2.310929978523370e-001, 1.707599464587428e-001,-3.033738363124941e-001
 3.025242000000000e+000, 2.408920399671226e+000, 1.046461369252551e+000,-3.751119386765670e+000, 7.605277336358182e-003, 1.280090648813964e+000,-3.592700084811192e-002,-5.784938424794958e-002,-6.338530896273208e-002, 3.652135503501482e-001,-2.284126347018295e-001, 1.715762081645460e-001,-3.052239172142254e-001
 3.029409000000000e+000, 2.408186233804806e+000, 1.047656625560637e+000,-3.757205172553944e+000, 8.684097828818207e-003, 1.283648817566188e+000,-3.468774891261302e-002,-5.858788856648167e-002,-6.241362275978137e-002, 3.606512567612893e-001,-2.256284056414898e-001, 1.722907827849875e-001,-3.070477578599973e-001
 3.033576000000000e+000, 2.407464449278514e+000, 1.048884844255826e+000,-3.763251345805859e+000, 9.753636673545963e-003, 1.287266674294722e+000,-3.340283468079177e-002,-5.932758818675309e-002,-6.134142994146848e-002, 3.559801818899877e-001,-2.227511136867554e-001, 1.728986427591446e-001,-3.088399927510979e-001
 3.037743000000000e+000, 2.406754770730454e+000, 1.050141316829920e+000,-3.769259035230918e+000, 1.081092060071094e-002, 1.290939683292288e+000,-3.208070861778398e-002,-6.006638077598584e-002,-6.017697900342906e-002, 3.512077792686547e-001,-2.197910757006416e-001, 1.733949019558885e-001,-3.105956448149030e-001
 3.041910000000000e+000, 2.406057053374433e+000, 1.051421111619683e+000,-3.775228919093533e+000, 1.185242038568240e-002, 1.294662096240969e+000,-3.073046012578297e-002,-6.080267227505021e-002,-5.892849370509718e-002, 3.463429813127759e-001,-2.167600874351296e-001, 1.737761657509739e-001,-3.123096251990846e-001
 3.046077000000000e+000, 2.405371334543836e+000, 1.052718967700427e+000,-3.781160848339045e+000, 1.287457428938905e-002, 1.298427056308537e+000,-2.936156736400159e-002,-6.153448578313093e-002,-5.760542433838416e-002, 3.413961262205226e-001,-2.136698655572753e-001, 1.740379327389712e-001,-3.139764370761272e-001
 3.050244000000000e+000, 2.404697694704654e+000, 1.054029547477128e+000,-3.787054783295254e+000, 1.387355019543971e-002, 1.302227376472976e+000,-2.798400142380353e-002,-6.226011045910909e-002,-5.621757334866945e-002, 3.363780002033737e-001,-2.105326365660453e-001, 1.741764698321717e-001,-3.155906265772190e-001
 3.054411000000000e+000, 2.404036064208226e+000, 1.055347845546343e+000,-3.792912428999039e+000, 1.484568152840792e-002, 1.306056915533369e+000,-2.660768852351237e-002,-6.297816001215779e-002,-5.477482191001410e-002, 3.312980684983798e-001,-2.073598177745557e-001, 1.741883706178210e-001,-3.171471913937017e-001
 3.058578000000000e+000, 2.403386450140162e+000, 1.056668774309223e+000,-3.798735148083000e+000, 1.578718754917712e-002, 1.309909514851098e+000,-2.524287194685330e-002,-6.368732628978301e-002,-5.328750697655479e-002, 3.261659260156101e-001,-2.041629943981416e-001, 1.740704932212387e-001,-3.186409958422892e-001
 3.062745000000000e+000, 2.402748959419708e+000, 1.057987107283521e+000,-3.804523552284040e+000, 1.669422535868960e-002, 1.313778931205473e+000,-2.390004227730536e-002,-6.438635520993459e-002,-5.176643565541036e-002, 3.209914558692336e-001,-2.009540745182544e-001, 1.738201054511166e-001,-3.200667003419893e-001
 3.066912000000000e+000, 2.402123612307361e+000, 1.059297857708290e+000,-3.810278914977778e+000, 1.756343021050946e-002, 1.317659990886649e+000,-2.258919306056247e-002,-6.507446734049892e-002,-5.022221270070280e-002, 3.157833659791279e-001,-1.977446966234226e-001, 1.734353787184818e-001,-3.214191745054845e-001
 3.071079000000000e+000, 2.401510468293789e+000, 1.060596028174403e+000,-3.816002078945261e+000, 1.839111221243183e-002, 1.321547851530099e+000,-2.132069985799875e-002,-6.575036578180082e-002,-4.866602500288169e-002, 3.105501086593576e-001,-1.945456159510967e-001, 1.729138279696866e-001,-3.226931337182173e-001
 3.075246000000000e+000, 2.400909342289538e+000, 1.061877198686218e+000,-3.821695515508237e+000, 1.917470605795447e-002, 1.325439701496809e+000,-2.010344384560066e-002,-6.641388995875491e-002,-4.710778824919042e-002, 3.052977619205490e-001,-1.913672643417954e-001, 1.722549477616088e-001,-3.238838014849391e-001
 3.079413000000000e+000, 2.400320030483604e+000, 1.063137058976918e+000,-3.827361354312023e+000, 1.991183300668507e-002, 1.329333318051122e+000,-1.894589141798889e-002,-6.706485048205554e-002,-4.555722945408231e-002, 3.000318633903461e-001,-1.882195373069244e-001, 1.714585283637381e-001,-3.249863266051811e-001
 3.083580000000000e+000, 2.399742337301250e+000, 1.064371343125740e+000,-3.833000866598244e+000, 2.060039227751816e-002, 1.333226697998386e+000,-1.785589873272064e-002,-6.770322668310186e-002,-4.402363456032403e-002, 2.947579218881875e-001,-1.851123576002563e-001, 1.705254074263954e-001,-3.259957853435271e-001
 3.087747000000000e+000, 2.399175925893884e+000, 1.065576122940774e+000,-3.838615841345404e+000, 2.123712004925310e-002, 1.337119092064144e+000,-1.684195402005599e-002,-6.832868392874733e-002,-4.251552492671686e-002, 2.894800027154951e-001,-1.820544717993065e-001, 1.694567832232648e-001,-3.269074868916216e-001
 3.091914000000000e+000, 2.398620394819043e+000, 1.066747790361836e+000,-3.844207583017633e+000, 2.182352055499030e-002, 1.341009417922122e+000,-1.590724183346273e-002,-6.894302367964900e-002,-4.103984831297523e-002, 2.842027153113896e-001,-1.790555735548095e-001, 1.682569766183338e-001,-3.277168943752942e-001
 3.096081000000000e+000, 2.398075130948687e+000, 1.067883192296822e+000,-3.849778746619219e+000, 2.235671542028548e-002, 1.344898494826763e+000,-1.505865771631250e-002,-6.954641129569791e-002,-3.960291921161053e-002, 2.789282442759273e-001,-1.761227487133504e-001, 1.669290223886424e-001,-3.284198240960747e-001
 3.100248000000000e+000, 2.397539466369697e+000, 1.068979445891309e+000,-3.855331587626021e+000, 2.283517867204511e-002, 1.348786896872419e+000,-1.430116145188674e-002,-7.013983602518321e-002,-3.820978839049893e-002, 2.736591001925137e-001,-1.732632133053612e-001, 1.654778148182063e-001,-3.290122554578490e-001
 3.104415000000000e+000, 2.397012753337261e+000, 1.070033787619476e+000,-3.860867294815328e+000, 2.325701879763011e-002, 1.352674476541028e+000,-1.363952445077605e-002,-7.072432027636390e-002,-3.686467842682088e-002, 2.683986997604920e-001,-1.704841461465130e-001, 1.639095399964062e-001,-3.294903251749450e-001
 3.108582000000000e+000, 2.396494167992805e+000, 1.071043983997872e+000,-3.866387007476964e+000, 2.362816548436442e-002, 1.356562566210215e+000,-1.306993724001244e-002,-7.130346481384471e-002,-3.557035028940229e-002, 2.631488459317118e-001,-1.677931222952233e-001, 1.622320599672003e-001,-3.298506327775873e-001
 3.112749000000000e+000, 2.395983059593880e+000, 1.072007771031272e+000,-3.871892885236727e+000, 2.392920117968892e-002, 1.360447849845567e+000,-1.261378701599148e-002,-7.187353050546373e-002,-3.432948682508446e-002, 2.579157478828787e-001,-1.651935319291366e-001, 1.604515917434100e-001,-3.300898528626949e-001
 3.116916000000000e+000, 2.395478439025150e+000, 1.072923725874191e+000,-3.877386884669011e+000, 2.416444134656255e-002, 1.364331368444153e+000,-1.226780560301826e-002,-7.243835153149753e-002,-3.314268876980590e-002, 2.527010674227854e-001,-1.626914863406891e-001, 1.585773969936534e-001,-3.302053075965115e-001
 3.121083000000000e+000, 2.394979520349502e+000, 1.073790351295646e+000,-3.882869755162065e+000, 2.432885307828139e-002, 1.368211012491134e+000,-1.203779825013072e-002,-7.299903495965562e-002,-3.201043589119181e-002, 2.475097997745435e-001,-1.602919473567671e-001, 1.566188388387164e-001,-3.301945500850704e-001
 3.125250000000000e+000, 2.394485487652411e+000, 1.074606519710194e+000,-3.888342579626803e+000, 2.441616493126846e-002, 1.372084157862001e+000,-1.193042200201414e-002,-7.355664466881196e-002,-3.093244064737368e-002, 2.423472153110914e-001,-1.579991139960519e-001, 1.545855820225381e-001,-3.300555693071605e-001
 3.129417000000000e+000, 2.393995604786248e+000, 1.075371295639664e+000,-3.893805752075591e+000, 2.441868618678117e-002, 1.375946865109041e+000,-1.195345663116392e-002,-7.411205715698283e-002,-2.990799762974118e-002, 2.372198929285577e-001,-1.558168656883130e-001, 1.524878031233443e-001,-3.297868174170656e-001
 3.133584000000000e+000, 2.393509061535792e+000, 1.076084176646617e+000,-3.899260849626002e+000, 2.432718333197250e-002, 1.379795162419210e+000,-1.211601699717966e-002,-7.466611882584558e-002,-2.893577334610847e-002, 2.321339956674914e-001,-1.537480185455452e-001, 1.503353246483404e-001,-3.293871351312303e-001
 3.137751000000000e+000, 2.393025127892156e+000, 1.076744825089021e+000,-3.904709050271848e+000, 2.413072333943854e-002, 1.383623915477878e+000,-1.242879814113638e-002,-7.521945395364560e-002,-2.801425796426158e-002, 2.270967734540171e-001,-1.517950139378193e-001, 1.481380647203293e-001,-3.288557833560409e-001
 3.141918000000000e+000, 2.392543225240014e+000, 1.077352980609954e+000,-3.910150404952008e+000, 2.381666447849027e-002, 1.387426351712334e+000,-1.290411259657338e-002,-7.577236668403420e-002,-2.714198082173778e-002, 2.221171843671358e-001,-1.499601338926083e-001, 1.459062425836743e-001,-3.281925891255121e-001
 3.146085000000000e+000, 2.392062796111926e+000, 1.077908634163203e+000,-3.915585343672804e+000, 2.337059638909843e-002, 1.391195192171238e+000,-1.355602633092358e-002,-7.632497752955329e-002,-2.631734441769153e-002, 2.172044166331368e-001,-1.482449381144921e-001, 1.436496778262171e-001,-3.273978447011198e-001
 3.150252000000000e+000, 2.391583393218360e+000, 1.078411897329501e+000,-3.921013671328561e+000, 2.277642351705556e-002, 1.394922046689121e+000,-1.440029153956806e-002,-7.687711281492948e-002,-2.553887203042758e-002, 2.123687038597806e-001,-1.466506057002300e-001, 1.413781086323723e-001,-3.264724446249115e-001
 3.154419000000000e+000, 2.391104513308217e+000, 1.078863154190613e+000,-3.926436403037084e+000, 2.201625064204728e-002, 1.398598785137022e+000,-1.545458495284060e-002,-7.742849378670612e-002,-2.480501778533092e-002, 2.076195737803796e-001,-1.451774078659558e-001, 1.391003482760907e-001,-3.254175805228317e-001
 3.158586000000000e+000, 2.390625720318991e+000, 1.079262882626248e+000,-3.931854285749738e+000, 2.107060464358511e-002, 1.402216618835340e+000,-1.673827038319855e-002,-7.797859455420425e-002,-2.411445806572415e-002, 2.029670817221222e-001,-1.438252154705250e-001, 1.368248414996714e-001,-3.242349341813001e-001
 3.162753000000000e+000, 2.390146709920812e+000, 1.079611600190848e+000,-3.937266952959099e+000, 1.991887645036775e-002, 1.405765690485151e+000,-1.827190476353887e-002,-7.852657321805992e-002,-2.346622121432511e-002, 1.984223617832281e-001,-1.425936757869773e-001, 1.345599787063482e-001,-3.229269218941060e-001
 3.166920000000000e+000, 2.389667204570518e+000, 1.079909955445700e+000,-3.942673986518161e+000, 1.853955707561033e-002, 1.409235967139041e+000,-2.007705435612165e-002,-7.907140412058954e-002,-2.285955513585775e-002, 1.939965057567047e-001,-1.414819076401996e-001, 1.323136092374349e-001,-3.214965261951969e-001
 3.171087000000000e+000, 2.389186824810160e+000, 1.080158772428211e+000,-3.948076235240223e+000, 1.691023705628243e-002, 1.412618222208943e+000,-2.217641120510274e-002,-7.961203745202443e-002,-2.229380081882366e-002, 1.896993545034553e-001,-1.404882925937669e-001, 1.300924705942009e-001,-3.199469003753965e-001
 3.175254000000000e+000, 2.388705203718869e+000, 1.080358936837101e+000,-3.953474394428370e+000, 1.500831910407220e-002, 1.415903234843230e+000,-2.459298100593186e-002,-8.014728251301381e-002,-2.176856768980904e-002, 1.855405641395450e-001,-1.396108500044744e-001, 1.279027777011660e-001,-3.182816756291282e-001
 3.179421000000000e+000, 2.388222056056923e+000, 1.080511374226286e+000,-3.958868127828669e+000, 1.281199570842912e-002, 1.419081447543503e+000,-2.734898965431768e-002,-8.067575272160490e-002,-2.128379202856875e-002, 1.815300679981196e-001,-1.388473555015896e-001, 1.257505642862218e-001,-3.165052716598847e-001
 3.183588000000000e+000, 2.387737030075304e+000, 1.080617111757918e+000,-3.964257642209841e+000, 1.030042400251019e-002, 1.422144114898309e+000,-3.046583338224308e-002,-8.119605485089487e-002,-2.083956273707363e-002, 1.776766557839681e-001,-1.381950790033392e-001, 1.236410316562697e-001,-3.146224272482805e-001
 3.187755000000000e+000, 2.387249790280003e+000, 1.080677240486460e+000,-3.969642691326350e+000, 7.454855882060889e-003, 1.425082886224849e+000,-3.396283652965729e-002,-8.170672098513643e-002,-2.043620471044819e-002, 1.739885391458236e-001,-1.376509489544366e-001, 1.215789417221362e-001,-3.126385088687280e-001
 3.191922000000000e+000, 2.386759852490850e+000, 1.080692924954064e+000,-3.975024335511660e+000, 4.258473257915590e-003, 1.427890934934646e+000,-3.785762911792439e-002,-8.220640433915422e-002,-2.007414916984103e-002, 1.704719748665353e-001,-1.372113982607516e-001, 1.195679435280558e-001,-3.105588397856270e-001
 3.196089000000000e+000, 2.386266695056415e+000, 1.080665354995556e+000,-3.980403636142876e+000, 6.976710189113335e-004, 1.430562349350717e+000,-4.216474136088361e-002,-8.269377666408669e-002,-1.975406625813252e-002, 1.671320768422336e-001,-1.368725726534021e-001, 1.176111012822527e-001,-3.083891064707143e-001
 3.200256000000000e+000, 2.385769843201924e+000, 1.080595755945941e+000,-3.985780690027336e+000,-3.236392018938125e-003, 1.433091878120452e+000,-4.689392028727710e-002,-8.316747334611963e-002,-1.947692965912685e-002, 1.639731786242381e-001,-1.366303750536206e-001, 1.157112296509463e-001,-3.061357579976067e-001
 3.204423000000000e+000, 2.385268717647443e+000, 1.080485378368567e+000,-3.991156236428046e+000,-7.547999053930085e-003, 1.435475949590471e+000,-5.205056851832935e-002,-8.362627365668239e-002,-1.924393574417833e-002, 1.609976106225087e-001,-1.364803618340632e-001, 1.138702955975705e-001,-3.038053491632703e-001
 3.208590000000000e+000, 2.384762722612470e+000, 1.080335493990577e+000,-3.996530656336745e+000,-1.223545646890133e-002, 1.437712387198219e+000,-5.763420075652602e-002,-8.406904608772826e-002,-1.905658061631053e-002, 1.582061134696443e-001,-1.364178134413781e-001, 1.120897723373058e-001,-3.014049200558712e-001
 3.212757000000000e+000, 2.384251080782151e+000, 1.080147329272419e+000,-4.001905681512854e+000,-1.729199118170719e-002, 1.439801306236820e+000,-6.363965039727350e-002,-8.449492956314834e-002,-1.891662613161776e-002, 1.555967798427135e-001,-1.364377392031936e-001, 1.103700747256611e-001,-2.989411928323842e-001
 3.216924000000000e+000, 2.383732941975760e+000, 1.079922060607363e+000,-4.007283167921970e+000,-2.270441147221618e-002, 1.441744704957503e+000,-7.005558396797125e-002,-8.490327096535924e-002,-1.882619952264421e-002, 1.531656269715658e-001,-1.365349598188683e-001, 1.087109987424610e-001,-2.964210461797878e-001
 3.221091000000000e+000, 2.383207483657452e+000, 1.079660856128120e+000,-4.012664023402454e+000,-2.845158954422307e-002, 1.443546302626394e+000,-7.686280240571196e-002,-8.529360569092889e-002,-1.878783370278635e-002, 1.509068659750276e-001,-1.367040856877217e-001, 1.071120308699431e-001,-2.938519987159299e-001
 3.225258000000000e+000, 2.382673750369494e+000, 1.079364804321799e+000,-4.018049833805145e+000,-3.450590835668042e-002, 1.445212333901558e+000,-8.403601386180751e-002,-8.566584749015276e-002,-1.880446403313126e-002, 1.488119779265607e-001,-1.369395557919198e-001, 1.055718290723574e-001,-2.912414149473988e-001
 3.229425000000000e+000, 2.382130748207164e+000, 1.079034952799550e+000,-4.023441840480352e+000,-4.083236157144010e-002, 1.446751350663320e+000,-9.154276310831962e-002,-8.602027556440017e-002,-1.887946398925965e-002, 1.468700315025546e-001,-1.372356415490898e-001, 1.040885317744142e-001,-2.885969403543995e-001
 3.233592000000000e+000, 2.381577274092596e+000, 1.078672200939262e+000,-4.028842597465542e+000,-4.739095004705733e-002, 1.448174815414312e+000,-9.934620669039519e-002,-8.635770430589804e-002,-1.901667783523282e-002, 1.450670013178351e-001,-1.375865742551768e-001, 1.026593152215553e-001,-2.859256383844780e-001
 3.237759000000000e+000, 2.381012025807753e+000, 1.078277351459840e+000,-4.034254817653246e+000,-5.413616225758103e-002, 1.449496791167700e+000,-1.074043698463117e-001,-8.667945320407056e-002,-1.922042178322889e-002, 1.433862158822408e-001,-1.379865482746704e-001, 1.012807665765295e-001,-2.832344964369331e-001
 3.241926000000000e+000, 2.380433733959745e+000, 1.077851212268326e+000,-4.039680162274590e+000,-6.101634131283366e-002, 1.450733722190541e+000,-1.156691679590273e-001,-8.698732854661807e-002,-1.949536819808934e-002, 1.418086903936226e-001,-1.384296530796101e-001, 9.994921401536795e-002,-2.805309890931979e-001
 3.246093000000000e+000, 2.379841052542410e+000, 1.077394534739125e+000,-4.045120413033010e+000,-6.797624953314350e-002, 1.451904746313506e+000,-1.240891535119309e-001,-8.728373857602388e-002,-1.984645923887624e-002, 1.403127696965177e-001,-1.389099819537643e-001, 9.866045933409071e-002,-2.778224492578358e-001
 3.250260000000000e+000, 2.379232440948302e+000, 1.076907919399960e+000,-4.050578618732254e+000,-7.495988570047230e-002, 1.453031828370669e+000,-1.326125613207172e-001,-8.757177670007571e-002,-2.027886500752709e-002, 1.388739759179842e-001,-1.394217975429693e-001, 9.740960161675109e-002,-2.751154459098940e-001
 3.254427000000000e+000, 2.378606293997534e+000, 1.076391912084665e+000,-4.056057970738811e+000,-8.191037008274593e-002, 1.454139357879852e+000,-1.411867855192051e-001,-8.785517169664867e-002,-2.079776091501435e-002, 1.374655263091868e-001,-1.399595031928358e-001, 9.619142604533830e-002,-2.724163065852995e-001
 3.258594000000000e+000, 2.377961114872007e+000, 1.075847157103693e+000,-4.061560518681528e+000,-8.876956468281490e-002, 1.455253719467102e+000,-1.497573888048775e-001,-8.813823586921479e-002,-2.140791557868536e-002, 1.360588671964425e-001,-1.405175703000937e-001, 9.500079936278107e-002,-2.697317082600683e-001
 3.262761000000000e+000, 2.377295356889639e+000, 1.075274275902934e+000,-4.067088869044316e+000,-9.548138655385527e-002, 1.456403391339927e+000,-1.582716110501689e-001,-8.842596355577105e-002,-2.211346925115013e-002, 1.346235168796133e-001,-1.410907767739576e-001, 9.383243167813810e-002,-2.670677935635948e-001
 3.266928000000000e+000, 2.376607589427206e+000, 1.074674009482686e+000,-4.072645115371745e+000,-1.019914193458361e-001, 1.457618413821927e+000,-1.666772816932102e-001,-8.872398558060068e-002,-2.291736370783031e-002, 1.331276937456467e-001,-1.416741968917731e-001, 9.268128666913954e-002,-2.644306492804868e-001
 3.271095000000000e+000, 2.375896349854017e+000, 1.074047089333137e+000,-4.078232444720429e+000,-1.082494268550960e-001, 1.458930389718941e+000,-1.749254243811692e-001,-8.903867497796933e-002,-2.382102259232919e-002, 1.315382763905106e-001,-1.422634869681402e-001, 9.154244758041810e-002,-2.618255017401021e-001
 3.275262000000000e+000, 2.375160324508777e+000, 1.073394387443672e+000,-4.083854098882995e+000,-1.142082402242016e-001, 1.460371917183403e+000,-1.829682887786578e-001,-8.937713096842738e-002,-2.482360608045920e-002, 1.298214718463938e-001,-1.428549165609320e-001, 9.041155645706812e-002,-2.592571941760503e-001
 3.279429000000000e+000, 2.374398619178948e+000, 1.072717143789290e+000,-4.089511943245760e+000,-1.198221778079662e-001, 1.461975750054736e+000,-1.907565896782966e-001,-8.974712740432914e-002,-2.592100444304940e-002, 1.279437732256499e-001,-1.434453774112307e-001, 8.928531438432576e-002,-2.567307862822009e-001
 3.283596000000000e+000, 2.373610629086216e+000, 1.072016823502056e+000,-4.095208224035967e+000,-1.250484985419124e-001, 1.463774631893847e+000,-1.982409143246630e-001,-9.015723183587103e-002,-2.710536607453677e-002, 1.258720861350731e-001,-1.440327449077182e-001, 8.816132970765747e-002,-2.542506885423301e-001
 3.287763000000000e+000, 2.372796297356837e+000, 1.071295295754056e+000,-4.100944449063551e+000,-1.298453836866605e-001, 1.465800209275744e+000,-2.053686303614099e-001,-9.061669841249254e-002,-2.836418408107194e-002, 1.235749041964638e-001,-1.446159334426461e-001, 8.703851044732563e-002,-2.518211185303662e-001
 3.291930000000000e+000, 2.371956010604030e+000, 1.070554660272386e+000,-4.106722979247094e+000,-1.341719658450513e-001, 1.468082548331651e+000,-2.120840370504898e-001,-9.113546235564354e-002,-2.968012038825571e-002, 1.210227223795033e-001,-1.451951995035724e-001, 8.591685304741047e-002,-2.494453919801272e-001
 3.296097000000000e+000, 2.371090859639784e+000, 1.069797358073775e+000,-4.112546033494137e+000,-1.379855732797755e-001, 1.470648473258926e+000,-2.183249586500388e-001,-9.172379150614685e-002,-3.103062030621987e-002, 1.181897041947526e-001,-1.457721121625368e-001, 8.479764188718607e-002,-2.471263644949378e-001
 3.300264000000000e+000, 2.370203016450225e+000, 1.069026330653900e+000,-4.118414063205560e+000,-1.412389256166744e-001, 1.473518811835259e+000,-2.240193976950365e-001,-9.239156332833967e-002,-3.238784029435363e-002, 1.150563970271111e-001,-1.463493644119689e-001, 8.368363174380435e-002,-2.448670572681460e-001
 3.304431000000000e+000, 2.369295662475638e+000, 1.068244735873762e+000,-4.124327057632282e+000,-1.438794384615435e-001, 1.476706210633750e+000,-2.290861174078315e-001,-9.314749465558782e-002,-3.371995761302715e-002, 1.116116550641083e-001,-1.469307265666953e-001, 8.257852453948557e-002,-2.426701013602584e-001
 3.308598000000000e+000, 2.368372887927750e+000, 1.067455617961876e+000,-4.130285627472591e+000,-1.458478084990205e-001, 1.480212707536312e+000,-2.334350784161390e-001,-9.399813008389382e-002,-3.499317692345785e-002, 1.078547355003740e-001,-1.475207976437389e-001, 8.148639412185489e-002,-2.405373833850988e-001
 3.312765000000000e+000, 2.367439836132600e+000, 1.066661803082072e+000,-4.136290035163436e+000,-1.470758680459546e-001, 1.484026127568596e+000,-2.369668884294564e-001,-9.494638357312599e-002,-3.617387951348613e-002, 1.037985983383696e-001,-1.481243947866768e-001, 8.041145879433249e-002,-2.384704910509357e-001
 3.316932000000000e+000, 2.366502864816960e+000, 1.065865879112649e+000,-4.142338511678874e+000,-1.474858044084789e-001, 1.488116170343357e+000,-2.395738443532811e-001,-9.598987153327115e-002,-3.723107403950345e-002, 9.947351786035880e-002,-1.487457582657754e-001, 7.935801337685279e-002,-2.364713197122638e-001
 3.321099000000000e+000, 2.365568985388116e+000, 1.065069338897541e+000,-4.148429079687987e+000,-1.470369703788875e-001, 1.492433368944579e+000,-2.411925145997058e-001,-9.711542600007868e-002,-3.814302038974590e-002, 9.492708193447617e-002,-1.493869777618072e-001, 7.832823655256885e-002,-2.345412176839628e-001
 3.325266000000000e+000, 2.364645705355095e+000, 1.064274107698648e+000,-4.154559270428371e+000,-1.455556843134400e-001, 1.496912206562334e+000,-2.416259661945266e-001,-9.831674356076120e-002,-3.888559655706241e-002, 9.022345944335244e-002,-1.500517969622167e-001, 7.732866472241258e-002,-2.326820328118540e-001
 3.329433000000000e+000, 2.363740214084741e+000, 1.063480209074598e+000,-4.160726856978267e+000,-1.429822800512057e-001, 1.501471605742198e+000,-2.408059355076170e-001,-9.956920774559426e-002,-3.945265975607179e-002, 8.543930334961765e-002,-1.507392301662606e-001, 7.636122660445026e-002,-2.308946064362685e-001
 3.333600000000000e+000, 2.362859021085036e+000, 1.062687429879768e+000,-4.166929937785950e+000,-1.392212523054869e-001, 1.506023358430916e+000,-2.386342284576987e-001,-1.008481697222502e-001,-3.984301552243443e-002, 8.065791183418219e-002,-1.514476882196285e-001, 7.542960340583785e-002,-2.291796445062175e-001
 3.337767000000000e+000, 2.362007707677364e+000, 1.061895513693796e+000,-4.173165180332245e+000,-1.341850668378009e-001, 1.510477947201466e+000,-2.350270830525619e-001,-1.021269775864070e-001,-4.006152672196359e-002, 7.596337157528259e-002,-1.521742243063309e-001, 7.453861310493259e-002,-2.275379908568972e-001
 3.341934000000000e+000, 2.361190255009798e+000, 1.061104229641718e+000,-4.179430135389238e+000,-1.277993254928655e-001, 1.514754169514729e+000,-2.299190347543223e-001,-1.033801416211713e-001,-4.011679985456462e-002, 7.143138956870836e-002,-1.529153997670250e-001, 7.369423400430629e-002,-2.259699636562891e-001
 3.346101000000000e+000, 2.360409038646693e+000, 1.060313824023934e+000,-4.185722233121568e+000,-1.200089034384484e-001, 1.518784954747622e+000,-2.232665057671108e-001,-1.045855511561777e-001,-4.001850996869110e-002, 6.712402223626172e-002,-1.536678056933940e-001, 7.290385787570458e-002,-2.244756360590449e-001
 3.350268000000000e+000, 2.359664670892363e+000, 1.059525011603329e+000,-4.192040536927657e+000,-1.107795846628973e-001, 1.522522430345051e+000,-2.150476131306854e-001,-1.057264722891221e-001,-3.977522870252614e-002, 6.308490483217553e-002,-1.544287814570917e-001, 7.217585750216062e-002,-2.230544395164799e-001
 3.354435000000000e+000, 2.358956346548791e+000, 1.058739140036890e+000,-4.198385013084530e+000,-1.000999495182183e-001, 1.525938217931349e+000,-2.052622242569580e-001,-1.067920480914379e-001,-3.939302811876669e-002, 5.933916064063954e-002,-1.551966146115540e-001, 7.151924340719051e-002,-2.217054152750707e-001
 3.358602000000000e+000, 2.358282396013962e+000, 1.057958377062367e+000,-4.204754509342402e+000,-8.798531956098764e-002, 1.529020744801076e+000,-1.939347010024793e-001,-1.077767287588312e-001,-3.887519656755215e-002, 5.589620851346157e-002,-1.559703342797341e-001, 7.094323586271430e-002,-2.204276638608568e-001
 3.362769000000000e+000, 2.357640454988260e+000, 1.057185355924787e+000,-4.211148297348844e+000,-7.447580060262321e-002, 1.531772913833185e+000,-1.811119256539309e-001,-1.086796725349518e-001,-3.822252505794384e-002, 5.275191270212649e-002,-1.567497339533838e-001, 7.045639434747168e-002,-2.192199999212084e-001
 3.366936000000000e+000, 2.357027711883345e+000, 1.056422850963127e+000,-4.217567064296851e+000,-5.963415709830899e-002, 1.534208300224573e+000,-1.668614251692020e-001,-1.095036005662112e-001,-3.743392048858303e-002, 4.989213425140137e-002,-1.575352052078873e-001, 7.006597994783266e-002,-2.180808096277152e-001
 3.371103000000000e+000, 2.356441276887018e+000, 1.055673674909094e+000,-4.224012089900505e+000,-4.354882160218192e-002, 1.536346557872910e+000,-1.512747017779270e-001,-1.102533157488461e-001,-3.650735196663270e-002, 4.729717009428758e-002,-1.583273020528401e-001, 6.977763263298234e-002,-2.170082572673337e-001
 3.375270000000000e+000, 2.355878560138701e+000, 1.054940743451220e+000,-4.230483090030728e+000,-2.634360240279337e-002, 1.538209330634218e+000,-1.344773736113106e-001,-1.109343014788742e-001,-3.544109933796191e-002, 4.494585258063406e-002,-1.591261488718653e-001, 6.959517075538552e-002,-2.160006246453157e-001
 3.379437000000000e+000, 2.355337176568912e+000, 1.054226668861391e+000,-4.236980398715732e+000,-8.178605700506537e-003, 1.539818501194488e+000,-1.166308793542981e-001,-1.115520956183749e-001,-3.423426362338508e-002, 4.281707260857215e-002,-1.599314270605696e-001, 6.952031665902111e-002,-2.150558989713833e-001
 3.383604000000000e+000, 2.354815113721410e+000, 1.053533799932493e+000,-4.243503708868646e+000, 1.073975923563763e-002, 1.541194056572528e+000,-9.794289381814339e-002,-1.121115274251652e-001,-3.288753226990541e-002, 4.089198524081106e-002,-1.607420054328401e-001, 6.955272569822305e-002,-2.141719418987215e-001
 3.387771000000000e+000, 2.354310622600656e+000, 1.052863991169343e+000,-4.250053651468223e+000, 3.015693212940347e-002, 1.542353379689215e+000,-7.866961110829590e-002,-1.126164815850930e-001,-3.140320503600110e-002, 3.915461368338565e-002,-1.615559921058671e-001, 6.969007422666619e-002,-2.133462389811970e-001
 3.391938000000000e+000, 2.353822276335612e+000, 1.052218656034956e+000,-4.256631180471747e+000, 4.976413972812331e-002, 1.543310459236126e+000,-5.912197556903395e-002,-1.130696439326626e-001,-2.978538799109895e-002, 3.759273436660274e-002,-1.623705819535335e-001, 6.992826511089874e-002,-2.125759870692517e-001
 3.396105000000000e+000, 2.353349125127597e+000, 1.051598982835597e+000,-4.263235331514582e+000, 6.919061723005993e-002, 1.544075407351031e+000,-3.967356290276731e-002,-1.134723381713625e-001,-2.804053692950554e-002, 3.619863789041308e-002,-1.631817643882150e-001, 7.026151167602478e-002,-2.118583203254989e-001
 3.400272000000000e+000, 2.352890510083557e+000, 1.051005714642893e+000,-4.269865535642751e+000, 8.801502105518913e-002, 1.544654892461039e+000,-2.074921074720372e-002,-1.138247951582760e-001,-2.617676965468590e-002, 3.496855011228708e-002,-1.639846538863460e-001, 7.068257670156547e-002,-2.111899952670965e-001
 3.404439000000000e+000, 2.352446147383895e+000, 1.050439299951100e+000,-4.276520382986766e+000, 1.057739442620020e-001, 1.545052137010346e+000,-2.816382337257312e-003,-1.141262459522193e-001,-2.420389722403437e-002, 3.390277585000826e-002,-1.647734317195309e-001, 7.118291614682593e-002,-2.105675146786269e-001
 3.408606000000000e+000, 2.352016013924163e+000, 1.049899802629436e+000,-4.283199212104954e+000, 1.219871627174378e-001, 1.545267286950336e+000, 1.364031987657242e-002,-1.143752286743049e-001,-2.213258679479207e-002, 3.300514661619669e-002,-1.655416672506403e-001, 7.175299047805864e-002,-2.099869675109936e-001
 3.412773000000000e+000, 2.351600373793959e+000, 1.049387019049046e+000,-4.289901625344566e+000, 1.361859184661281e-001, 1.545297660539765e+000, 2.814772602355488e-002,-1.145698233943192e-001,-1.997402351080855e-002, 3.228272801635573e-002,-1.662824087886419e-001, 7.238245676413080e-002,-2.094440933586642e-001
 3.416940000000000e+000, 2.351199893524679e+000, 1.048900724353147e+000,-4.296625124888067e+000, 1.479471057452183e-001, 1.545138293811167e+000, 4.027846161381001e-002,-1.147079283399600e-001,-1.774022135382145e-002, 3.174536858133738e-002,-1.669881092592177e-001, 7.306011985770347e-002,-2.089344596383816e-001
 3.421107000000000e+000, 2.350815466389058e+000, 1.048440589759632e+000,-4.303366974743127e+000, 1.569429371492838e-001, 1.544782795722799e+000, 4.970096997799174e-002,-1.147877331894140e-001,-1.544298169311280e-002, 3.140444378382314e-002,-1.676510616241261e-001, 7.377426408269200e-002,-2.084532786580157e-001
 3.425274000000000e+000, 2.350447985756080e+000, 1.048006565573528e+000,-4.310125431748076e+000, 1.631212185310870e-001, 1.544226473443963e+000, 5.636250411160901e-002,-1.148122109392653e-001,-1.308981642442071e-002, 3.126882463910211e-002,-1.682647162716090e-001, 7.451408015602662e-002,-2.079955250680297e-001
 3.429441000000000e+000, 2.350098670619105e+000, 1.047597590256879e+000,-4.316898571008182e+000, 1.661874188354990e-001, 1.543458396726288e+000, 5.996223126379295e-002,-1.147733161149081e-001,-1.069632860370492e-002, 3.135483486733744e-002,-1.688198478310102e-001, 7.526544189521613e-002,-2.075552172698018e-001
 3.433608000000000e+000, 2.349768495091560e+000, 1.047213945279857e+000,-4.323682996699552e+000, 1.664332695259000e-001, 1.542476444923941e+000, 6.079357607736093e-002,-1.146764573601171e-001,-8.267741629206913e-003, 3.166807793321054e-002,-1.693104967330823e-001, 7.601737843936575e-002,-2.071266845959273e-001
 3.437775000000000e+000, 2.349458290660332e+000, 1.046855774656510e+000,-4.330475641574173e+000, 1.641851798016073e-001, 1.541279797805959e+000, 5.918383241996152e-002,-1.145249099957857e-001,-5.810235148113984e-003, 3.221275830617439e-002,-1.697304739511995e-001, 7.675824702441553e-002,-2.067036595991364e-001
 3.441942000000000e+000, 2.349168568994799e+000, 1.046523571691328e+000,-4.337272782773929e+000, 1.599026165889062e-001, 1.539872752400985e+000, 5.559465195553432e-002,-1.143239621111633e-001,-3.328120311606777e-003, 3.298756730527638e-002,-1.700743884602915e-001, 7.747690452065663e-002,-2.062795538541375e-001
 3.446109000000000e+000, 2.348899321231023e+000, 1.046218151677140e+000,-4.344071640502095e+000, 1.541249030770895e-001, 1.538265608457863e+000, 5.056879933453380e-002,-1.140809017244391e-001,-8.233165048085638e-004, 3.398485097287157e-002,-1.703378071435266e-001, 7.816309187412238e-002,-2.058473883570194e-001
 3.450276000000000e+000, 2.348649937431262e+000, 1.045940706954965e+000,-4.350870143624745e+000, 1.474125886579482e-001, 1.536475277780305e+000, 4.467116915075953e-002,-1.138048441143490e-001, 1.704297150505995e-003, 3.519028837521160e-002,-1.705171831346779e-001, 7.880757363030949e-002,-2.053998456237791e-001
 3.454443000000000e+000, 2.348419237497991e+000, 1.045692904513488e+000,-4.357664427109832e+000, 1.402976912611848e-001, 1.534525919755271e+000, 3.843821526935016e-002,-1.135064889954497e-001, 4.255452345642992e-003, 3.658270535614672e-002,-1.706096976159594e-001, 7.940204185746054e-002,-2.049294893810663e-001
 3.458610000000000e+000, 2.348205363673475e+000, 1.045476732717668e+000,-4.364451428971294e+000, 1.332420061859258e-001, 1.532447460421624e+000, 3.233592777854834e-002,-1.131974929310090e-001, 6.831766664002448e-003, 3.813548468618087e-002,-1.706131936771919e-001, 7.993947222816994e-002,-2.044286772258263e-001
 3.462777000000000e+000, 2.348005877901659e+000, 1.045294480552950e+000,-4.371227733980306e+000, 1.266150184417201e-001, 1.530274247495455e+000, 2.673694585573904e-002,-1.128898352036422e-001, 9.434519111968796e-003, 3.981807426931425e-002,-1.705259296373071e-001, 8.041405381979411e-002,-2.038897374956506e-001
 3.466944000000000e+000, 2.347817828687663e+000, 1.045148608908812e+000,-4.377991105358685e+000, 1.206848265113135e-001, 1.528042331324851e+000, 2.191110764936124e-002,-1.125949977717107e-001, 1.206443994449219e-002, 4.159856833795014e-002,-1.703463141789054e-001, 8.082127562936813e-002,-2.033049623967012e-001
 3.471111000000000e+000, 2.347638023377467e+000, 1.045041360222449e+000,-4.384740178249903e+000, 1.155552366372895e-001, 1.525784548406558e+000, 1.796005252090950e-002,-1.123197636094702e-001, 1.471816907782884e-002, 4.344895208332347e-002,-1.700717418025057e-001, 8.115684282966446e-002,-2.026665237445298e-001
 3.475278000000000e+000, 2.347462872841528e+000, 1.044976017340167e+000,-4.391472554364980e+000, 1.114605846729813e-001, 1.523538892438688e+000, 1.511973026767719e-002,-1.120799562615776e-001, 1.739826489840607e-002, 4.533517604641704e-002,-1.697020408007260e-001, 8.142037842467775e-002,-2.019676105396946e-001
 3.479445000000000e+000, 2.347289183032919e+000, 1.044954748445681e+000,-4.398185793636302e+000, 1.083430598904111e-001, 1.521330615887762e+000, 1.332519264578545e-002,-1.118780753375516e-001, 2.009619376013583e-002, 4.723719397341824e-002,-1.692339239828844e-001, 8.160948454900741e-002,-2.012012533353975e-001
 3.483612000000000e+000, 2.347113913909780e+000, 1.044979902695297e+000,-4.404879034196592e+000, 1.061673754518638e-001, 1.519180541910743e+000, 1.253442155268066e-002,-1.117178182967293e-001, 2.280474074134413e-002, 4.913883013222395e-002,-1.686645282572469e-001, 8.172374675758681e-002,-2.003611315140385e-001
 3.487779000000000e+000, 2.346934463927163e+000, 1.045053640499417e+000,-4.411552643173922e+000, 1.048571916238365e-001, 1.517101547751316e+000, 1.266298542785585e-002,-1.116003001952106e-001, 2.551526472165579e-002, 5.103166161908593e-002,-1.679904665557950e-001, 8.176360927689277e-002,-1.994414779332469e-001
 3.491946000000000e+000, 2.346748856848901e+000, 1.045177869268845e+000,-4.418205512578080e+000, 1.043076143901554e-001, 1.515099058231728e+000, 1.359648168478081e-002,-1.115242900403299e-001, 2.821708223655968e-002, 5.291451445059718e-002,-1.672082102772030e-001, 8.173034030697320e-002,-1.984375713274378e-001
 3.496113000000000e+000, 2.346555735919361e+000, 1.045354231636739e+000,-4.424837578687384e+000, 1.043952595356755e-001, 1.513170519391491e+000, 1.520167472840356e-002,-1.114865513350229e-001, 3.089903984658917e-002, 5.479381506583875e-002,-1.663140532853030e-001, 8.162607311268413e-002,-1.973455354648808e-001
 3.500280000000000e+000, 2.346354409310541e+000, 1.045584082814291e+000,-4.431448603447264e+000, 1.049880245345277e-001, 1.511306585250875e+000, 1.733652052956682e-002,-1.114824046539349e-001, 3.354956882902822e-002, 5.668236109775248e-002,-1.653044583443278e-001, 8.145380239484358e-002,-1.961626086783692e-001
 3.504447000000000e+000, 2.346144780110001e+000, 1.045868537673850e+000,-4.438039445090630e+000, 1.059530844982356e-001, 1.509491922083058e+000, 1.985887106196384e-002,-1.115063150499307e-001, 3.615765610020885e-002, 5.859845622552273e-002,-1.641760955706639e-001, 8.121734227763204e-002,-1.948869887576520e-001
 3.508614000000000e+000, 2.345927276202673e+000, 1.046208514158083e+000,-4.444611987933099e+000, 1.071634370665211e-001, 1.507706598601946e+000, 2.263329146430507e-002,-1.115524741092547e-001, 3.871312309022554e-002, 6.056451169843113e-002,-1.629259978882540e-001, 8.092125753376850e-002,-1.935178244181811e-001
 3.512781000000000e+000, 2.345702856595825e+000, 1.046604600421210e+000,-4.451166323670692e+000, 1.085022251829751e-001, 1.505928223118834e+000, 2.553485720980615e-002,-1.116152688586984e-001, 4.120572610675431e-002, 6.260478099595151e-002,-1.615522997692545e-001, 8.057093977173241e-002,-1.920558133829199e-001
 3.516948000000000e+000, 2.345472840349574e+000, 1.047057164566630e+000,-4.457703218723500e+000, 1.098666937439594e-001, 1.504132577562197e+000, 2.845373978691354e-002,-1.116896786246483e-001, 4.362623516161444e-002, 6.474470618913562e-002,-1.600540118884201e-001, 8.017244796094537e-002,-1.905027211727313e-001
 3.521115000000000e+000, 2.345238856828244e+000, 1.047566292133073e+000,-4.464222909287396e+000, 1.111704321732640e-001, 1.502295130624096e+000, 3.129712893301025e-002,-1.117715460871657e-001, 4.596598361435777e-002, 6.700932002363194e-002,-1.584314214278844e-001, 7.973246514040434e-002,-1.888616013325993e-001
 3.525282000000000e+000, 2.345002721844252e+000, 1.048131880799762e+000,-4.470726301826999e+000, 1.123449539995738e-001, 1.500391705732892e+000, 3.399100039150432e-002,-1.118577625623920e-001, 4.821724270404479e-002, 6.942262198988589e-002,-1.566859231657888e-001, 7.925809493669539e-002,-1.871364300438070e-001
 3.529449000000000e+000, 2.344766363648408e+000, 1.048753686499629e+000,-4.477215043509419e+000, 1.133399822980543e-001, 1.498399231679751e+000, 3.648027601281410e-002,-1.119463486596754e-001, 5.037308801839892e-002, 7.200687217994008e-002,-1.548200053375331e-001, 7.875669479252748e-002,-1.853319400383297e-001
 3.533616000000000e+000, 2.344531801733230e+000, 1.049431416120914e+000,-4.483688878641667e+000, 1.141674822716633e-001, 1.496298692956122e+000, 3.877437541769896e-002,-1.120404778331243e-001, 5.242957379803440e-002, 7.477888354518701e-002,-1.528391570348996e-001, 7.823722102652204e-002,-1.834545345051528e-001
 3.537783000000000e+000, 2.344301263206206e+000, 1.050163494004738e+000,-4.490147478359434e+000, 1.147181617129269e-001, 1.494069018142874e+000, 4.075475840123094e-002,-1.121320646288639e-001, 5.437332720073454e-002, 7.775837734086161e-002,-1.507469511272299e-001, 7.770473090587195e-002,-1.815105121390803e-001
 3.541950000000000e+000, 2.344076774576429e+000, 1.050949141078725e+000,-4.496590411647189e+000, 1.150384477818478e-001, 1.491696776943004e+000, 4.246580718375049e-002,-1.122264754405201e-001, 5.620108884119722e-002, 8.095514333407816e-002,-1.485517710103673e-001, 7.716817146000719e-002,-1.795077226398633e-001
 3.546117000000000e+000, 2.343860353730629e+000, 1.051787025499331e+000,-4.503017628511841e+000, 1.151383120490288e-001, 1.489169935153621e+000, 4.391317504815975e-002,-1.123256178712691e-001, 5.790648963085018e-002, 8.437756076250220e-002,-1.462619736122741e-001, 7.663484107238466e-002,-1.774540326423907e-001
 3.550284000000000e+000, 2.343653908385478e+000, 1.052675688089359e+000,-4.509429879729698e+000, 1.150366707312696e-001, 1.486479360474966e+000, 4.511165500638383e-002,-1.124319988503252e-001, 5.948351448383377e-002, 8.803072915947892e-002,-1.438867095083083e-001, 7.611162573203727e-002,-1.753573066467083e-001
 3.554451000000000e+000, 2.343459307123857e+000, 1.053613135883760e+000,-4.515825886796425e+000, 1.147583992300413e-001, 1.483620037929334e+000, 4.608165046833881e-002,-1.125484615251129e-001, 6.092588298309871e-002, 9.191492645481733e-002,-1.414367956575315e-001, 7.560516152978554e-002,-1.732261654411740e-001
 3.558618000000000e+000, 2.343278287660229e+000, 1.054597076222114e+000,-4.522204404975526e+000, 1.143316886611774e-001, 1.480590274501658e+000, 4.684705327569654e-002,-1.126780031999290e-001, 6.222777500737142e-002, 9.602677142082323e-002,-1.389238069528555e-001, 7.512160815709928e-002,-1.710691774281443e-001
 3.562785000000000e+000, 2.343112424126504e+000, 1.055625021952170e+000,-4.528564905112814e+000, 1.137855746846744e-001, 1.477391185043155e+000, 4.743297433154198e-002,-1.128235934657778e-001, 6.338408229741295e-002, 1.003599761053946e-001,-1.363595614097193e-001, 7.466656933830709e-002,-1.688944649654547e-001
 3.566952000000000e+000, 2.342963117031214e+000, 1.056694353390550e+000,-4.534907824581881e+000, 1.131479585250095e-001, 1.474026201684125e+000, 4.786385677588485e-002,-1.129880198345257e-001, 6.439049820398007e-002, 1.049060156216554e-001,-1.337557552977349e-001, 7.424508223062548e-002,-1.667094762418462e-001
 3.571119000000000e+000, 2.342831650984350e+000, 1.057801838601223e+000,-4.541231725924312e+000, 1.124445215217373e-001, 1.470502230344161e+000, 4.816197983007277e-002,-1.131736771431573e-001, 6.524316984211726e-002, 1.096525334946052e-001,-1.311249122978447e-001, 7.386181413486392e-002,-1.645218651460460e-001
 3.575286000000000e+000, 2.342719114835441e+000, 1.058944049355464e+000,-4.547535866362013e+000, 1.116976304168251e-001, 1.466827985967448e+000, 4.834690061881639e-002,-1.133825193956098e-001, 6.593928757027517e-002, 1.145855399116462e-001,-1.284791466728670e-001, 7.352088690959545e-002,-1.623385355475598e-001
 3.579453000000000e+000, 2.342626411413488e+000, 1.060117202472197e+000,-4.553819193416199e+000, 1.109258721514494e-001, 1.463014141908093e+000, 4.843490577207536e-002,-1.136159456748105e-001, 6.647704421220149e-002, 1.196891472048558e-001,-1.258303883810494e-001, 7.322595706773065e-002,-1.601659274923910e-001
 3.583620000000000e+000, 2.342554226415458e+000, 1.061317381471238e+000,-4.560081436015122e+000, 1.101436315998628e-001, 1.459072324131356e+000, 4.843884276144684e-002,-1.138747711365902e-001, 6.685585916682826e-002, 1.249468642216855e-001,-1.231897645213933e-001, 7.298018557771796e-002,-1.580095996661670e-001
 3.587787000000000e+000, 2.342503022462994e+000, 1.062540660674135e+000,-4.566323517172970e+000, 1.093609486781101e-001, 1.455014464639786e+000, 4.836809269824933e-002,-1.141592077586523e-001, 6.707642558779321e-002, 1.303424066574324e-001,-1.205672986818926e-001, 7.278627932073178e-002,-1.558740711622311e-001
 3.591954000000000e+000, 2.342473054145344e+000, 1.063782570256455e+000,-4.572544650995368e+000, 1.085840073465011e-001, 1.450854408439767e+000, 4.822881147445927e-002,-1.144687071735507e-001, 6.714067812490641e-002, 1.358575170451665e-001,-1.179730415769224e-001, 7.264661450265177e-002,-1.537638131427049e-001
 3.596121000000000e+000, 2.342464329115918e+000, 1.065038615099597e+000,-4.578744857761433e+000, 1.078151747845529e-001, 1.446606077918197e+000, 4.802434920526660e-002,-1.148020720025671e-001, 6.705199817343392e-002, 1.414743604099578e-001,-1.154159434672314e-001, 7.256314997065838e-002,-1.516823909649597e-001
 3.600288000000000e+000, 2.342476612733042e+000, 1.066304120986776e+000,-4.584923954049247e+000, 1.070536176260807e-001, 1.442283866563809e+000, 4.775576358051213e-002,-1.151574504275623e-001, 6.681515572295915e-002, 1.471749330406250e-001,-1.129042348562254e-001, 7.253745990821779e-002,-1.496328321762673e-001
 3.604455000000000e+000, 2.342509433182233e+000, 1.067574481230065e+000,-4.591082528838096e+000, 1.062958065396532e-001, 1.437901707004270e+000, 4.742237555901081e-002,-1.155324682717354e-001, 6.643619635137903e-002, 1.529422151510264e-001,-1.104450142731788e-001, 7.257072425841708e-002,-1.476173399432564e-001
 3.608622000000000e+000, 2.342562108398750e+000, 1.068845304932152e+000,-4.597222407291644e+000, 1.055361261087452e-001, 1.433472467235740e+000, 4.702231552156937e-002,-1.159243711673612e-001, 6.592220850219903e-002, 1.587608765967648e-001,-1.080441012837682e-001, 7.266376307358366e-002,-1.456372085723607e-001
 3.612789000000000e+000, 2.342633742651033e+000, 1.070111846652354e+000,-4.603343677631070e+000, 1.047678846066029e-001, 1.429009889066577e+000, 4.655328169610347e-002,-1.163299536531043e-001, 6.528141826042958e-002, 1.646146470754676e-001,-1.057072384044563e-001, 7.281699840878192e-002,-1.436938467285918e-001
 3.616956000000000e+000, 2.342723255310057e+000, 1.071369466048379e+000,-4.609446693987096e+000, 1.039836914120632e-001, 1.424527001794673e+000, 4.601299616636605e-002,-1.167458078287643e-001, 6.452296362595424e-002, 1.704883243205086e-001,-1.034393104697691e-001, 7.303044145678150e-002,-1.417881745045816e-001
 3.621123000000000e+000, 2.342829422278046e+000, 1.072613771204809e+000,-4.615532552424424e+000, 1.031759317176254e-001, 1.420035609881341e+000, 4.539958129174609e-002,-1.171684934159306e-001, 6.365662894684833e-002, 1.763683646363864e-001,-1.012442286330553e-001, 7.330372376961060e-002,-1.399205496646911e-001
 3.625290000000000e+000, 2.342950925851387e+000, 1.073840739182251e+000,-4.621603522734683e+000, 1.023371610019602e-001, 1.415545854474865e+000, 4.471182111311859e-002,-1.175947036753629e-001, 6.269252878143380e-002, 1.822433826744206e-001,-9.912487439483339e-002, 7.363615729928988e-002,-1.380907258421528e-001
 3.629457000000000e+000, 2.343086329144660e+000, 1.075046138117712e+000,-4.627660048493691e+000, 1.014608769363881e-001, 1.411068367170050e+000, 4.394973202217858e-002,-1.180211730350669e-001, 6.164138612131660e-002, 1.881012715393285e-001,-9.708422027954382e-002, 7.402658491179390e-002,-1.362988313188190e-001
 3.633624000000000e+000, 2.343234149332626e+000, 1.076226057477189e+000,-4.633703188488219e+000, 1.005414870237417e-001, 1.406612432957529e+000, 4.311449200899033e-002,-1.184449540455104e-001, 6.051401863304219e-002, 1.939315567724777e-001,-9.512449916041499e-002, 7.447349238531811e-002,-1.345446799401288e-001
 3.637791000000000e+000, 2.343392868930621e+000, 1.077376738376918e+000,-4.639733646665188e+000, 9.957460606925342e-002, 1.402186705117581e+000, 4.220859494999178e-002,-1.188634313052168e-001, 5.932132558825242e-002, 1.997244244000696e-001,-9.324759275907975e-002, 7.497496537572733e-002,-1.328281187466426e-001
 3.641958000000000e+000, 2.343560985590264e+000, 1.078494754759211e+000,-4.645752612271641e+000, 9.855700313285423e-002, 1.397798620946045e+000, 4.123569434858090e-002,-1.192744401140790e-001, 5.807397095384496e-002, 2.054714642709326e-001,-9.145481934172656e-002, 7.552877186315325e-002,-1.311488350066731e-001
 3.646125000000000e+000, 2.343737059853321e+000, 1.079577123226621e+000,-4.651762381380554e+000, 9.748645316336443e-002, 1.393454027459635e+000, 4.020034681843574e-002,-1.196763395047208e-001, 5.678208390039488e-002, 2.111661546284172e-001,-8.974685024039952e-002, 7.613246823324790e-002,-1.295062421490656e-001
 3.650292000000000e+000, 2.343919648592399e+000, 1.080620755957925e+000,-4.657763325223901e+000, 9.636218212212520e-002, 1.389159462901604e+000, 3.910834634914971e-002,-1.200678180741839e-001, 5.545578375172099e-002, 2.168008756976244e-001,-8.812464110587298e-002, 7.678312283495627e-002,-1.279003463185737e-001
 3.654459000000000e+000, 2.344107390374990e+000, 1.081622922720803e+000,-4.663756326841567e+000, 9.518435812725853e-002, 1.384920461194890e+000, 3.796614994006416e-002,-1.204480586019924e-001, 5.410457406865767e-002, 2.223691381419559e-001,-8.658874510760117e-002, 7.747755566233111e-002,-1.263310858016205e-001
 3.658626000000000e+000, 2.344298993678196e+000, 1.082581088002891e+000,-4.669741851225916e+000, 9.395410001150463e-002, 1.380742307437256e+000, 3.678080563499294e-002,-1.208166509466140e-001, 5.273745146612366e-002, 2.278646052995796e-001,-8.513961516683455e-002, 7.821226843575593e-002,-1.247986012736932e-001
 3.662793000000000e+000, 2.344493274562975e+000, 1.083493039776786e+000,-4.675720734123845e+000, 9.267314090289801e-002, 1.376629563133642e+000, 3.555956306017157e-002,-1.211736017638407e-001, 5.136265804368643e-002, 2.332817311403424e-001,-8.377744235943728e-002, 7.898356836485060e-002,-1.233030446178433e-001
