0	0.631749942712938	-0.5757616976236	0.141751966989393
0.00416666666666667	0.615361324867543	-0.573906365629814	0.141113478463869
0.00833333333333333	0.598515135040686	-0.572019141420988	0.14042013705873
0.0125	0.581281149091017	-0.570110776066647	0.139662251785883
0.0166666666666667	0.563722051964541	-0.568191575858791	0.138830484774329
0.0208333333333333	0.545892715818455	-0.566271301778679	0.137916346329948
0.025	0.52783985982865	-0.564359061814306	0.136912579657011
0.0291666666666667	0.509602041449713	-0.562463218034978	0.135813402191435
0.0333333333333333	0.491209920512696	-0.560591324982071	0.134614600953407
0.0375	0.472686735775788	-0.558750101005446	0.133313502888864
0.0416666666666667	0.454048941334573	-0.556945430786982	0.131908854088977
0.0458333333333333	0.435306960062357	-0.555182411187336	0.130400648935627
0.05	0.41646601649058	-0.553465464526769	0.128789949952565
0.0541666666666667	0.397527010451073	-0.551798527179146	0.127078723188692
0.0583333333333333	0.378487390116715	-0.550185288711528	0.125269691940486
0.0625	0.359341987799276	-0.548629449088863	0.12336620515383
0.0666666666666667	0.340083794783195	-0.547134981699751	0.12137212519078
0.0708333333333333	0.320704661577783	-0.545706393691133	0.119291740473211
0.075	0.301195909817401	-0.544348944221986	0.117129694124189
0.0791666666666667	0.281548839596434	-0.543068756105661	0.114890908498145
0.0833333333333333	0.261755121760333	-0.541872769281632	0.112580489401588
0.0875	0.241807074631424	-0.540768507984434	0.11020359767195
0.0916666666666667	0.221697829836214	-0.539763641341921	0.107765270153595
0.0958333333333333	0.201421395764399	-0.538865356596462	0.105270185615255
0.1	0.180972637357162	-0.538079664845281	0.102722422350756
0.104166666666667	0.160347200382969	-0.537410822488342	0.100125292118255
0.108333333333333	0.139541405162418	-0.536860988667359	0.0974813084713859
0.1125	0.118552123949844	-0.536430125239404	0.094792291236994
0.116666666666667	0.0973766505552234	-0.536116089485008	0.0920595774654559
0.120833333333333	0.076012570668508	-0.535914868928246	0.0892843013777685
0.125	0.054457641177721	-0.535820914092721	0.086467703194938
0.129166666666667	0.0327096860750205	-0.535827525255835	0.0836114288809085
0.133333333333333	0.0107665169914327	-0.535927255798678	0.0807177922030366
0.1375	-0.0113741107898506	-0.536112310330204	0.0777899842362304
0.141666666666667	-0.0337144918490006	-0.536374927102563	0.0748322280412578
0.145833333333333	-0.0562568975425027	-0.536707734573138	0.0718498843371999
0.15	-0.0790034230650493	-0.537104067112978	0.0688495220791466
0.154166666666667	-0.101955745691844	-0.537558222309809	0.0658389759620932
0.158333333333333	-0.125114791281987	-0.538065647685542	0.0628274078656623
0.1625	-0.148480313957967	-0.538623053404608	0.0598253671559224
0.166666666666667	-0.172050400725492	-0.539228450626346	0.0568448234276621
0.170833333333333	-0.195820918460336	-0.539881119224201	0.0538991405575527
0.175	-0.219784925455183	-0.540581518732786	0.0510029665300648
0.179166666666667	-0.24393207223587	-0.541331159572727	0.0481720205914005
0.183333333333333	-0.268248019634525	-0.542132443617251	0.0454227745871935
0.1875	-0.292713908510502	-0.542988474567227	0.0427720484550732
0.191666666666667	-0.317305918265324	-0.543902835677011	0.0402365532314827
0.195833333333333	-0.341994946984788	-0.544879337037724	0.0378324088204623
0.2	-0.366746441048781	-0.54592174487429	0.0355746483576131
0.204166666666667	-0.391520398036479	-0.547033513130902	0.0334767132494801
0.208333333333333	-0.416271561406837	-0.54821753808505	0.0315499475605865
0.2125	-0.440949820267937	-0.549475953056546	0.0298031082937232
0.216666666666667	-0.465500820970482	-0.550809976382891	0.0282419137303969
0.220833333333333	-0.489866787181174	-0.552219819245048	0.0268686562648395
0.225	-0.513987534476566	-0.553704651218037	0.0256819076215396
0.229166666666667	-0.537801654115421	-0.555262618916341	0.0246763443212314
0.233333333333333	-0.561247826059212	-0.556890915535946	0.0238427241277156
0.2375	-0.584266205785511	-0.558585896705141	0.023168044635494
0.241666666666667	-0.606799815049106	-0.560343232358875	0.0226359016322754
0.245833333333333	-0.628795853556972	-0.562158083152683	0.022227036039029
0.25	-0.65020683971779	-0.564025292490823	0.0219200276812982
0.254166666666667	-0.670991490127368	-0.565939585566277	0.0216920798286156
0.258333333333333	-0.691115264643226	-0.567895764233375	0.0215198404915082
0.2625	-0.710550537330005	-0.569888886701995	0.0213802047540693
0.266666666666667	-0.72927639514944	-0.571914424706635	0.0212510335858657
0.270833333333333	-0.747278105448793	-0.5739683904126	0.0211117335092633
0.275	-0.764546324765806	-0.576047419152312	0.0209436751246044
0.279166666666667	-0.781076142445861	-0.578148790571043	0.0207304595286393
0.283333333333333	-0.79686606103573	-0.580270374705679	0.0204580533473053
0.2875	-0.811917012364025	-0.582410497002683	0.0201148169392216
0.291666666666667	-0.82623149432353	-0.584567724112676	0.0196914575449379
0.295833333333333	-0.839812888884534	-0.586740581922887	0.0191809471077508
0.3	-0.852664991928238	-0.588927228048014	0.0185784429021856
0.304166666666667	-0.864791757582124	-0.591125108298355	0.0178812317180362
0.308333333333333	-0.876197238613542	-0.593330627904134	0.0170886967678198
0.3125	-0.886885692759281	-0.595538865825378	0.0162022986189035
0.316666666666667	-0.896861822032142	-0.597743357375356	0.0152255668695435
0.320833333333333	-0.906131112995188	-0.599935964592894	0.0141641041238647
0.325	-0.914700246621089	-0.602106844775411	0.0130255989709435
0.329166666666667	-0.922577547284907	-0.604244523793523	0.0118198298687751
0.333333333333333	-0.929773443491727	-0.606336084138184	0.0105586266598877
0.3375	-0.936300916414821	-0.608367475896965	0.00925575487004145
0.341666666666667	-0.942175912112251	-0.610323947093086	0.00792669892482569
0.345833333333333	-0.947417688981384	-0.612190575857652	0.00658832819781928
0.35	-0.952049068326627	-0.613952876034851	0.00525843355022679
0.354166666666667	-0.956096556606225	-0.615597441471987	0.00395513747823726
0.358333333333333	-0.959590311604232	-0.617112592250719	0.00269620459656531
0.3625	-0.962563930936725	-0.618488983749306	0.00149829364497487
0.366666666666667	-0.965054058067435	-0.619720130485194	0.000376207669843619
0.370833333333333	-0.967099832663989	-0.620802783667926	-0.000657771994083125
0.375	-0.968742239569072	-0.621737102712234	-0.00159437179059745
0.379166666666667	-0.970023409792074	-0.622526589980286	-0.00242757200348247
0.383333333333333	-0.970985904154328	-0.623177799953423	-0.00315460987666443
0.3875	-0.971671992766968	-0.623699867658243	-0.00377578018047511
0.391666666666667	-0.972122943838669	-0.624103922211003	-0.00429409370413835
0.395833333333333	-0.972378344806027	-0.624402460294486	-0.00471485268024349
0.4	-0.972475485329071	-0.624608747382913	-0.0050451882525868
0.404166666666667	-0.972448831148309	-0.624736292664058	-0.00529359160697137
0.408333333333333	-0.972329611843349	-0.624798415905731	-0.00546946173489175
0.4125	-0.972145536122062	-0.624807901462282	-0.00558268670497136
0.416666666666667	-0.971920637788947	-0.624776724711617	-0.00564327024836148
0.420833333333333	-0.971675246630711	-0.624715840262801	-0.00566101132196334
0.425	-0.971426071155378	-0.624635029034321	-0.00564524011790277
0.429166666666667	-0.971186374121927	-0.624542803337718	-0.00560460954494997
0.433333333333333	-0.970966218942061	-0.624446365830521	-0.00554693887349944
0.4375	-0.97077276580689	-0.624351614568175	-0.00547910588707148
0.441666666666667	-0.97061059893887	-0.624263185517887	-0.00540698221396447
0.445833333333333	-0.970482069836707	-0.624184525201316	-0.00533540527420954
0.45	-0.970387645485499	-0.624117987724462	-0.00526818356312193
0.454166666666667	-0.970326253562292	-0.624064951785476	-0.00520813599919485
0.458333333333333	-0.97029561753351	-0.624025953388375	-0.00515716467444838
0.4625	-0.970292574328219	-0.624000828290684	-0.00511635523187296
0.466666666666667	-0.970313367478654	-0.62398885687257	-0.00508609528901613
0.470833333333333	-0.970353909603943	-0.623988904714905	-0.0050662005120854
0.475	-0.970410009828653	-0.623999553230839	-0.00505603967227202
0.479166666666667	-0.970477563877476	-0.624019215561244	-0.00505465288246236
0.483333333333333	-0.970552706227631	-0.624046234466434	-0.00506085932047898
0.4875	-0.970631924621611	-0.624078961058766	-0.00507335208353543
0.491666666666667	-0.97071213834123	-0.624115815729566	-0.00509077912920372
0.495833333333333	-0.970790743038079	-0.624155334832849	-0.00511181016863597
0.5	-0.970865626222239	-0.624196206322023	-0.00513519012688373
0.504166666666667	-0.970935158755531	-0.62423729410806	-0.0051597806346676
0.508333333333333	-0.970998168214326	-0.624277648399754	-0.00518459097180955
0.5125	-0.971053899252312	-0.624316501547329	-0.00520879871082906
0.516666666666667	-0.971101964988957	-0.624353253828587	-0.00523175916507662
0.520833333333333	-0.971142292683693	-0.624387456008825	-0.00525300293424454
0.525	-0.97117506676559	-0.624418793539593	-0.0052722226476623
0.529166666666667	-0.971200672906988	-0.624447072723061	-0.00528925208574542
0.533333333333333	-0.97121964687479	-0.624472205466241	-0.00530404179995056
0.5375	-0.971232630046298	-0.624494189904432	-0.00531663472026689
0.541666666666667	-0.971240331545415	-0.624513088675144	-0.00532714325654908
0.545833333333333	-0.971243496571668	-0.624529009688873	-0.00533572775672191
0.55	-0.971242880273637	-0.624542092507025	-0.0053425765908418
0.554166666666667	-0.971239225657955	-0.624552499668909	-0.00534788927812035
0.558333333333333	-0.971233243967636	-0.624560410621047	-0.00535186373612576
0.5625	-0.971225597228262	-0.624566016237571	-0.00535468737072848
0.566666666666667	-0.971216883624484	-0.624569512678488	-0.00535653091869719
0.570833333333333	-0.97120762604168	-0.624571094936587	-0.00535754395416194
0.575	-0.971198263781571	-0.624570952135237	-0.00535785145888101
0.579166666666667	-0.971189148159666	-0.624569266058482	-0.00535755152421033
0.583333333333333	-0.971180543106371	-0.624566212078499	-0.00535671455948074
0.5875	-0.971172630731146	-0.624561960319983	-0.00535538406561326
0.591666666666667	-0.971165520245811	-0.624556675372291	-0.0053535785841931
0.595833333333333	-0.97115925834435	-0.624550513966344	-0.00535129456667828
0.6	-0.971153839713378	-0.624543620957809	-0.00534851002662424
0.604166666666667	-0.971149216998665	-0.624536124815875	-0.00534518801165166
0.608333333333333	-0.971145310303642	-0.624528133964144	-0.00534127873381709
0.6125	-0.971142016624127	-0.624519734199192	-0.00533672118942864
0.616666666666667	-0.971139219286863	-0.624510986875215	-0.0053314469437399
0.620833333333333	-0.971136796964809	-0.624501928654145	-0.00532538751915055
0.625	-0.971134631379895	-0.624492573796022	-0.00531848358025207
0.629166666666667	-0.971132613035871	-0.624482917925862	-0.0053106923082802
0.633333333333333	-0.97113064527824	-0.624472941271514	-0.00530199055629298
0.6375	-0.971128647080834	-0.624462611507998	-0.00529237384808161
0.641666666666667	-0.97112655426739	-0.624451888071839	-0.00528185280403482
0.645833333333333	-0.971124319033922	-0.624440728396607	-0.00527044901763418
0.65	-0.971121908462153	-0.624429094799564	-0.00525819207376173
0.654166666666667	-0.971119303006859	-0.624416961224266	-0.00524511821855188
0.658333333333333	-0.971116495451855	-0.624404319919812	-0.0052312704441033
0.6625	-0.971113489897608	-0.624391187705634	-0.00521670004737736
0.666666666666667	-0.971110299909614	-0.624377610432816	-0.00520146934902239
0.670833333333333	-0.971106945674407	-0.62436366406923	-0.00518565405099103
0.675	-0.971103450689554	-0.624349451843765	-0.00516934379839071
0.679166666666667	-0.971099838358939	-0.624335097934128	-0.00515264101284194
0.683333333333333	-0.971096129056321	-0.624320738910095	-0.00513565893146389
0.6875	-0.971092338681907	-0.624306514570267	-0.00511851968876502
0.691666666666667	-0.971088479047729	-0.624292559456673	-0.00510135310773264
0.695833333333333	-0.971084559317447	-0.624278996148972	-0.00508429590145093
0.7	-0.971080587759421	-0.62426593170728	-0.00506748943652637
0.704166666666667	-0.971076573777973	-0.624253457775041	-0.00505107461988194
0.708333333333333	-0.971072530347204	-0.624241652947102	-0.00503518525523145
0.7125	-0.971068476450216	-0.624230584502079	-0.00501994327904223
0.716666666666667	-0.971064438480898	-0.624220306451344	-0.00500545808148093
0.720833333333333	-0.971060449333517	-0.624210852894407	-0.00499182872010477
0.725	-0.971056544548203	-0.624202229439935	-0.00497914534860428
0.729166666666667	-0.971052756254558	-0.624194407736166	-0.0049674867960059
0.733333333333333	-0.971049106705095	-0.624187325755767	-0.00495691491595697
0.7375	-0.971045603128082	-0.624180891998347	-0.00494746931118091
0.741666666666667	-0.971042234560801	-0.624174991389593	-0.00493916399148049
0.745833333333333	-0.971038969949696	-0.624169493647363	-0.00493198324010808
0.75	-0.971035756562357	-0.624164264818292	-0.00492587439422592
0.754166666666667	-0.971032519069377	-0.62415917926439	-0.0049207401497012
0.758333333333333	-0.97102916045627	-0.624154128040517	-0.00491643541725597
0.7625	-0.971025565198184	-0.6241490219725	-0.0049127710546142
0.766666666666667	-0.971021604465261	-0.624143790443309	-0.00490952311388823
0.770833333333333	-0.971017142907002	-0.624138377598451	-0.00490644458762418
0.775	-0.971012045924866	-0.624132737544844	-0.00490327616837658
0.779166666666667	-0.971006186098738	-0.624126830043142	-0.00489975347869544
0.783333333333333	-0.970999448573441	-0.624120617251612	-0.00489561162107049
0.7875	-0.970991736391927	-0.624114060664315	-0.00489059058620393
0.791666666666667	-0.970982976043521	-0.624107117370028	-0.00488444340299737
0.795833333333333	-0.970973121512791	-0.624099736342797	-0.0048769454364472
0.8	-0.970962154719805	-0.624091856826536	-0.00486790235590743
0.804166666666667	-0.97095008269463	-0.62408341063115	-0.00485715618876725
0.808333333333333	-0.970936934383849	-0.624074328555943	-0.00484459097617538
0.8125	-0.970922759401242	-0.624064548782644	-0.00483013988888161
0.816666666666667	-0.970907628404647	-0.624054023394309	-0.0048137940350089
0.820833333333333	-0.970891633285394	-0.624042720337629	-0.00479561046993993
0.825	-0.970874885621015	-0.624030620926402	-0.00477571490395006
0.829166666666667	-0.970857512734575	-0.624017714206024	-0.00475429553870794
0.833333333333333	-0.970839651573381	-0.624003989259635	-0.00473158810494545
0.8375	-0.97082144120793	-0.623989426555196	-0.00470785580301956
0.841666666666667	-0.970803014915544	-0.623973990266343	-0.00468336937933465
0.845833333333333	-0.970784492696852	-0.623957624457284	-0.00465839126900884
0.85	-0.970765975099565	-0.623940255182556	-0.00463316487237494
0.854166666666667	-0.970747539632521	-0.623921797435466	-0.00460790880829071
0.858333333333333	-0.970729241027033	-0.623902163229042	-0.00458281681091828
0.8625	-0.970711115008181	-0.623881267357604	-0.00455806297860633
0.866666666666667	-0.970693183169063	-0.623859029643274	-0.00453380847088572
0.870833333333333	-0.970675456673363	-0.623835374809234	-0.00451020462037712
0.875	-0.970657938854427	-0.62381023302191	-0.00448739119326091
0.879166666666667	-0.970640628364891	-0.623783544753224	-0.0044654923097059
0.883333333333333	-0.97062352398639	-0.623755271885679	-0.00444461261827248
0.8875	-0.970606631146235	-0.623725414184918	-0.00442483495846007
0.891666666666667	-0.970589969797521	-0.623694028538374	-0.00440622018012396
0.895833333333333	-0.970573582996077	-0.623661248023056	-0.00438880923858846
0.9	-0.970557544993357	-0.62362729841396	-0.00437262687574676
0.904166666666667	-0.970541967650834	-0.623592510835074	-0.00435768615326599
0.908333333333333	-0.970527004748565	-0.623557329720646	-0.00434399349549444
0.9125	-0.970512854820592	-0.623522314755372	-0.00433155352091165
0.916666666666667	-0.970499763727249	-0.623488136107021	-0.00432037207332829
0.920833333333333	-0.970488027638266	-0.623455564319762	-0.00431045553539352
0.925	-0.970477995770234	-0.62342545623248	-0.00430180504917933
0.929166666666667	-0.970470071377342	-0.623398735721441	-0.00429440548997226
0.933333333333333	-0.970464709781604	-0.6233763673053	-0.00428821010305904
0.9375	-0.970462413209542	-0.623359322840095	-0.0042831220537144
0.941666666666667	-0.97046372323662	-0.623348543201026	-0.00427897435526562
0.945833333333333	-0.970469211944296	-0.623344896750711	-0.00427550959570146
0.95	-0.970479472307056	-0.623349135634417	-0.00427235997587163
0.954166666666667	-0.970495108021781	-0.623361850556293	-0.00426902740991082
0.958333333333333	-0.970516723383907	-0.623383425622761	-0.00426486373921263
0.9625	-0.970544913695669	-0.623413995700274	-0.00425905179426046
0.966666666666667	-0.970580255994844	-0.62345340818992	-0.00425058821987453
0.970833333333333	-0.970623300028943	-0.623501190876662	-0.00423826895199415
0.975	-0.970674560474988	-0.623556528165728	-0.00422067893254238
0.979166666666667	-0.970734512294416	-0.623618249084912	-0.00419618811185847
0.983333333333333	-0.970803590989045	-0.623684831928594	-0.00416295440706778
0.9875	-0.970882197291013	-0.623754430780873	-0.00411893274864807
0.991666666666667	-0.970970701081309	-0.623824928955479	-0.00406188981522037
0.995833333333333	-0.971069435964099	-0.623894024482241	-0.00398942562171177
1	-0.971178679647268	-0.623959346395674	-0.00389900534631675
1.00416666666667	-0.971298623892501	-0.624018586151054	-0.00378800778683039
1.00833333333333	-0.971429342187502	-0.624069621079132	-0.00365379719690656
1.0125	-0.971570760968113	-0.624110615893067	-0.00349382023216507
1.01666666666667	-0.971722636262037	-0.624140102123421	-0.0033057229642625
1.02083333333333	-0.971884534863405	-0.624157040798913	-0.00308747905764975
1.025	-0.972055817637023	-0.624160872514447	-0.0028375187354281
1.02916666666667	-0.972235622253666	-0.624151559089276	-0.00255484622071895
1.03333333333333	-0.972422843225772	-0.624129623053322	-0.00223913066665278
1.0375	-0.972616109791178	-0.624096187615045	-0.00189075493793441
1.04166666666667	-0.97281376814832	-0.62405300655966	-0.00151080971190177
1.04583333333333	-0.97301388091319	-0.624002461267706	-0.00110102523065233
1.05	-0.973214259187027	-0.623947504390241	-0.000663637618302066
1.05416666666667	-0.973412539463154	-0.623891543834883	-0.000201190983242812
1.05833333333333	-0.973606310070462	-0.623838272338508	0.000283719053718932
1.0625	-0.973793283930029	-0.623791450589347	0.000788746838349759
1.06666666666667	-0.973971509192202	-0.623754651361007	0.00131211538417786
1.07083333333333	-0.974139606621683	-0.623730974285631	0.00185291279223
1.075	-0.974297021341911	-0.623722743412031	0.00241133044772833
1.07916666666667	-0.974444277037446	-0.623731200163582	0.00298882287121124
1.08333333333333	-0.974583223277729	-0.623756205273153	0.00358818306110285
1.0875	-0.974717269244551	-0.623795964507614	0.00421353567186773
1.09166666666667	-0.974851596870309	-0.623846792573981	0.0048702595782608
1.09583333333333	-0.974993343459146	-0.62390292845694	0.00556486073284162
1.1	-0.97515174265449	-0.62395641063168	0.00630481867336464
1.10416666666667	-0.975338217235576	-0.623997007414257	0.00709842299497313
1.10833333333333	-0.975566426523325	-0.624012193636126	0.00795460935354602
1.1125	-0.975852280200485	-0.623987203971603	0.00888281307118162
1.11666666666667	-0.976213928396152	-0.623905245824238	0.00989286392306484
1.12083333333333	-0.976671712721145	-0.623747928649806	0.0109949073233194
1.125	-0.977248029364937	-0.623495873916158	0.0121992819341928
1.12916666666667	-0.977967047852553	-0.62312943002001	0.0135162857641809
1.13333333333333	-0.978854250285772	-0.622629449880999	0.0149558171443792
1.1375	-0.979935781640043	-0.621978112343203	0.0165269198932495
1.14166666666667	-0.981237621756689	-0.621159756517576	0.0182372747852948
1.14583333333333	-0.982784603574507	-0.620161691111317	0.0200926813055372
1.15	-0.98459930680804	-0.618974953737681	0.0220965701848812
1.15416666666667	-0.986700854804409	-0.617595003458634	0.0242495693493168
1.15833333333333	-0.989103644297636	-0.616022320391773	0.0265491190688897
1.1625	-0.991816049719715	-0.61426287449683	0.0289891222433457
1.16666666666667	-0.99483916162353	-0.612328422531008	0.0315596324567401
1.17083333333333	-0.998165630946643	-0.610236594011993	0.0342466000641659
1.175	-1.00177869377987	-0.608010731513102	0.0370316961973737
1.17916666666667	-1.0056514536492	-0.605679459311551	0.0398922363563688
1.18333333333333	-1.00974650282804	-0.603275967235728	0.042801247523961
1.1875	-1.01401596560759	-0.600837016067036	0.0457277407771841
1.19166666666667	-1.01840204733755	-0.598401707054241	0.0486372411548073
1.19583333333333	-1.02283817043825	-0.596010092079967	0.0514926002818534
1.2	-1.02725075445328	-0.59370168803078	0.054255087707975
1.20416666666667	-1.03156165652537	-0.591513936455267	0.0568857382789632
1.20833333333333	-1.03569125438076	-0.589480690088682	0.0593469372615339
1.2125	-1.03956211113996	-0.587630838972085	0.0616042099293412
1.21666666666667	-1.04310308488151	-0.585987119331193	0.0636281166230011
1.22083333333333	-1.04625366035328	-0.584565079039389	0.065396100779118
1.225	-1.04896821892324	-0.583372225641841	0.0668941496577828
